8.356775 8.898902 0 0 0 0 0 0 0
8.529502 9.01663 0 0 0 0 0 1 0
8.859619 9.188996 0 0 0 1 0 0 0
8.583402 8.970353 0 0 0 0 0 1 0
8.575448 9.053618 0 0 0 0 0 0 0
8.581935 9.002806 0 0 0 1 0 0 0
8.958108 9.130421 9.130421 0 0 1 1 0 0
8.312174 8.87236 0 0 0 0 0 1 0
8.207374 8.609492 0 1 0 0 0 0 0
9.049351 9.145095 9.145095 0 0 0 0 0 0
8.29442 8.875187 0 0 0 0 0 1 0
8.202444 8.638485 0 0 0 0 0 0 0
8.858069 9.136808 0 1 0 0 0 0 0
8.11139 8.496793 0 1 0 0 0 0 0
8.420187 8.864358 0 0 0 0 0 1 0
8.00208 8.482004 0 0 0 0 0 1 0
8.452609 8.909537 0 0 0 0 0 1 0
8.29729 8.817976 0 0 0 0 0 0 0
8.275868 8.696442 0 0 0 1 0 0 0
8.472594 8.905367 0 0 0 0 0 0 0
8.640257 9.00604 0 0 0 1 0 0 0
8.153841 8.562039 0 0 0 0 0 0 0
8.127938 8.593461 0 0 0 0 0 1 0
8.909006 9.088569 9.088569 0 0 1 1 0 0
8.961501 9.139965 9.139965 0 0 0 0 1 1
8.406539 8.87153 0 0 0 0 0 0 0
8.551159 8.991501 0 0 0 0 0 0 0
8.979351 9.120106 9.120106 0 0 0 0 0 0
8.660705 9.080192 0 0 0 0 0 0 0
8.870276 9.133583 0 0 0 1 0 0 0
8.071869 8.461326 0 0 0 1 0 0 0
8.809855 9.103868 0 1 0 0 0 0 0
8.607216 9.040018 0 0 0 0 0 0 0
8.836981 9.118104 9.118104 0 0 0 0 1 1
8.827642 9.174376 0 0 0 0 0 0 0
8.089229 8.557715 0 0 0 0 0 1 0
8.591673 8.95825 0 0 0 1 0 0 0
8.597368 9.007501 0 0 0 1 0 0 0
8.643388 9.057142 0 0 0 0 0 0 0
8.189083 8.633876 0 0 0 0 0 1 0
8.574183 9.000764 0 0 0 1 0 0 0
8.274615 8.76891 0 0 0 1 0 0 0
8.161773 8.628106 0 0 0 0 0 1 0
8.875347 9.165657 0 0 0 1 0 0 0
8.73644 9.100618 0 0 0 1 0 0 0
8.508118 8.919985 0 0 0 1 0 0 0
8.285387 8.817919 0 1 0 0 0 0 0
8.733099 9.061203 0 1 0 0 0 0 0
8.260558 8.659213 0 0 0 0 0 0 0
8.344052 8.843223 0 0 0 1 0 0 0
8.100152 8.478836 0 0 0 1 0 0 0
8.828346 9.111729 9.111729 0 0 0 0 1 1
8.853254 9.16681 0 0 0 0 0 1 0
8.584652 9.011557 0 0 0 0 0 1 0
8.484191 8.962553 0 0 0 0 0 0 0
8.591823 8.984577 0 1 0 0 0 0 0
7.947089 8.309448 0 1 0 0 0 0 0
8.797911 9.106268 0 0 0 1 0 0 0
8.294263 8.724544 0 0 0 0 0 0 0
8.330474 8.846743 0 0 0 1 0 0 0
8.020039 8.420853 0 0 0 1 0 0 0
8.193264 8.579758 0 0 0 1 0 0 0
8.77443 9.157114 0 0 0 0 0 0 0
8.345429 8.80664 0 1 0 0 0 0 0
8.672847 9.071106 0 0 0 1 0 0 0
8.919931 9.078166 9.078166 1 1 0 0 0 0
8.40443 8.830693 0 0 0 1 0 0 0
8.716322 9.118103 0 0 0 0 0 1 0
8.460301 8.891506 0 1 0 0 0 0 0
8.352213 8.79899 0 0 0 1 0 0 0
8.813976 9.096869 9.096869 1 1 0 0 0 0
8.849584 9.155993 0 0 0 0 0 1 0
8.151804 8.538758 0 0 0 1 0 0 0
8.511289 8.928902 0 0 0 0 0 1 0
8.228731 8.699078 0 0 0 0 0 1 0
8.544302 9.000425 0 0 0 0 0 1 0
8.417439 8.849738 0 1 0 0 0 0 0
8.349937 8.835007 0 0 0 0 0 1 0
8.909424 9.206169 0 0 0 0 0 0 0
8.832875 9.077347 9.077347 1 1 0 0 0 0
8.289086 8.781502 0 0 0 0 0 0 0
8.075132 8.449229 0 1 0 0 0 0 0
8.203062 8.656656 0 1 0 0 0 0 0
8.836944 9.107293 9.107293 0 0 1 1 0 0
8.57495 8.994907 0 1 0 0 0 0 0
8.550121 8.982616 0 1 0 0 0 0 0
8.12213 8.522897 0 0 0 0 0 0 0
8.120451 8.534204 0 1 0 0 0 0 0
8.610424 8.955347 0 1 0 0 0 0 0
8.632301 9.045886 0 0 0 0 0 0 0
8.278112 8.748202 0 1 0 0 0 0 0
8.705471 9.113928 0 0 0 0 0 0 0
8.228462 8.792995 0 0 0 0 0 1 0
8.790316 9.131279 0 0 0 0 0 1 0
8.488577 8.897212 0 0 0 1 0 0 0
8.188107 8.590856 0 0 0 1 0 0 0
8.637735 9.033036 0 1 0 0 0 0 0
8.272565 8.807739 0 0 0 0 0 1 0
8.050561 8.525332 0 0 0 0 0 1 0
8.54841 8.920154 0 1 0 0 0 0 0
8.962027 9.112044 9.112044 0 0 1 1 0 0
8.617159 9.025687 0 0 0 0 0 1 0
8.834514 9.101797 9.101797 0 0 1 1 0 0
8.328451 8.82389 0 0 0 0 0 0 0
7.996191 8.387235 0 0 0 1 0 0 0
8.030746 8.477333 0 0 0 0 0 0 0
8.883167 9.128768 9.128768 0 0 0 0 0 0
8.239624 8.630218 0 0 0 1 0 0 0
8.202306 8.710256 0 1 0 0 0 0 0
8.795776 9.079103 9.079103 0 0 0 0 1 1
8.022497 8.36341 0 1 0 0 0 0 0
7.949908 8.46536 0 0 0 0 0 1 0
8.888772 9.106137 9.106137 0 0 0 0 1 1
8.647541 9.021976 0 0 0 0 0 0 0
8.601359 9.010995 0 0 0 0 0 1 0
8.179318 8.637051 0 0 0 0 0 0 0
8.523797 8.975346 0 1 0 0 0 0 0
8.116368 8.516675 0 1 0 0 0 0 0
8.899236 9.190898 0 0 0 0 0 0 0
8.951495 9.125272 9.125272 0 0 0 0 1 1
7.951791 8.374403 0 1 0 0 0 0 0
8.917403 9.110098 9.110098 0 0 0 0 0 0
8.260525 8.762062 0 0 0 0 0 1 0
8.648854 9.038796 0 0 0 1 0 0 0
8.384078 8.885187 0 0 0 0 0 0 0
8.1744 8.599234 0 0 0 0 0 0 0
8.150162 8.643068 0 0 0 0 0 1 0
8.172073 8.546245 0 1 0 0 0 0 0
8.605595 9.029947 0 1 0 0 0 0 0
8.930109 9.099702 9.099702 1 1 0 0 0 0
8.933351 9.137835 9.137835 0 0 0 0 0 0
8.247038 8.755604 0 0 0 1 0 0 0
8.33585 8.788547 0 1 0 0 0 0 0
8.649829 9.019927 0 0 0 1 0 0 0
8.833933 9.169266 0 1 0 0 0 0 0
8.006645 8.387731 0 1 0 0 0 0 0
9.006916 9.140267 9.140267 0 0 0 0 0 0
8.090023 8.488273 0 0 0 0 0 0 0
8.688053 9.044135 0 1 0 0 0 0 0
8.631439 9.064915 0 0 0 0 0 1 0
8.19946 8.611403 0 0 0 1 0 0 0
8.66698 9.096274 0 0 0 0 0 1 0
8.731544 9.131516 0 0 0 0 0 0 0
8.851537 9.056394 9.056394 1 1 0 0 0 0
