76 43.1361 -75.1448
72 37.563 -78.2005
54 37.39149 -84.7674
75 41.5928 -71.1243
76 43.39339 -71.3924
85 44.5937 -89.9941
55 41.93579 -93.3713
55 46.39429 -94.6043
87 40.0495 -89.3776
70 38.3347 -92.5137
63 27.87439 -81.6849
64 40.0495 -89.3776
65 38.42039 -80.6664
74 38.42039 -98.1156
68 41.93579 -93.3713
77 38.6777 -74.9841
81 40.90689 -77.4499
66 32.59009 -86.7509
73 44.5937 -89.9941
65 47.2517 -100.098
81 36.5341 -119.773
57 46.39429 -94.6043
57 38.6777 -74.9841
76 43.1361 -84.6869
70 45.6226 -68.9801
85 47.2517 -100.098
87 27.87439 -81.6849
73 40.221 -82.5962
72 43.5648 -113.93
86 30.61809 -92.2724
56 41.5928 -72.3573
87 45.6226 -68.9801
66 34.47639 -105.942
79 39.1063 -116.85
89 32.3329 -83.3735
86 41.5928 -71.1243
62 43.1361 -84.6869
58 46.39429 -94.6043
60 40.0495 -86.0808
70 47.4231 -119.746
55 40.221 -82.5962
57 40.0495 -89.3776
54 41.3356 -99.5897
78 46.39429 -94.6043
54 43.0504 -107.255
59 32.59009 -86.7509
89 40.0495 -89.3776
76 40.221 -82.5962
74 43.0504 -107.255
67 40.0495 -86.0808
65 45.6226 -68.9801
59 44.2508 -72.5449
54 38.6777 -74.9841
64 41.5928 -71.1243
76 35.6767 -86.456
82 32.59009 -86.7509
84 43.1361 -84.6869
61 41.5928 -71.1243
59 44.5937 -89.9941
73 39.96369 -74.2335
61 46.39429 -94.6043
71 34.7336 -92.2992
87 42.36449 -71.58
60 37.39149 -84.7674
68 36.5341 -119.773
88 44.2508 -72.5449
63 39.2778 -76.6458
66 27.87439 -81.6849
77 38.3347 -92.5137
84 40.0495 -89.3776
60 43.1361 -84.6869
61 27.87439 -81.6849
75 43.1361 -84.6869
77 45.6226 -68.9801
83 38.3347 -92.5137
60 47.2517 -100.098
53 30.61809 -92.2724
86 44.2508 -72.5449
73 35.6767 -86.456
63 41.3356 -99.5897
67 34.2192 -111.625
70 44.33649 -99.7238
84 43.39339 -71.3924
61 47.2517 -100.098
82 40.0495 -89.3776
79 45.6226 -68.9801
84 41.93579 -93.3713
69 31.3897 -98.7856
66 38.3347 -92.5137
82 43.1361 -75.1448
60 46.39429 -94.6043
73 38.42039 -98.1156
77 32.59009 -86.7509
82 43.1361 -84.6869
56 32.59009 -86.7509
72 31.3897 -98.7856
79 40.0495 -86.0808
54 38.42039 -80.6664
81 35.6767 -86.456
87 35.41949 -78.4685
82 41.5928 -72.3573
81 32.59009 -86.7509
88 31.3897 -98.7856
80 36.5341 -119.773
81 39.1063 -111.33
70 30.61809 -92.2724
84 37.39149 -84.7674
78 34.2192 -111.625
88 46.39429 -94.6043
88 43.5648 -113.93
71 41.5928 -72.3573
69 32.6758 -89.8065
73 40.90689 -77.4499
79 38.42039 -98.1156
73 34.47639 -105.942
84 34.7336 -92.2992
77 47.4231 -119.746
65 44.2508 -72.5449
77 44.5937 -89.9941
83 47.2517 -100.098
58 44.2508 -72.5449
70 37.563 -78.2005
68 41.3356 -99.5897
70 35.50529 -97.1239
68 31.3897 -98.7856
75 33.61899 -80.5056
78 38.42039 -80.6664
55 38.6777 -74.9841
69 33.61899 -80.5056
74 30.61809 -92.2724
68 44.5937 -89.9941
89 40.221 -82.5962
62 45.6226 -68.9801
80 37.563 -78.2005
82 38.6777 -74.9841
72 37.39149 -84.7674
69 43.1361 -75.1448
73 43.0504 -107.255
68 38.42039 -80.6664
55 47.4231 -119.746
82 44.33649 -99.7238
63 47.4231 -119.746
78 43.0504 -107.255
59 41.3356 -99.5897
55 41.5928 -71.1243
66 44.2508 -72.5449
56 40.0495 -89.3776
68 34.47639 -105.942
56 36.5341 -119.773
78 38.6777 -74.9841
86 41.93579 -93.3713
81 40.221 -82.5962
78 43.1361 -75.1448
86 34.2192 -111.625
54 34.47639 -105.942
80 40.90689 -77.4499
74 44.5937 -89.9941
74 39.96369 -74.2335
59 43.1361 -84.6869
85 40.90689 -77.4499
67 34.7336 -92.2992
67 38.6777 -105.513
63 44.33649 -99.7238
82 34.7336 -92.2992
86 37.563 -78.2005
70 41.3356 -99.5897
58 47.4231 -119.746
65 40.221 -82.5962
77 46.823 -109.32
78 31.3897 -98.7856
74 43.39339 -71.3924
73 35.50529 -97.1239
81 46.39429 -94.6043
64 45.6226 -68.9801
67 33.61899 -80.5056
86 32.3329 -83.3735
83 32.6758 -89.8065
68 38.42039 -98.1156
74 40.221 -82.5962
56 42.36449 -71.58
61 44.5937 -89.9941
87 43.5648 -113.93
77 38.42039 -98.1156
67 36.5341 -119.773
65 32.6758 -89.8065
89 37.39149 -84.7674
54 38.6777 -105.513
61 40.0495 -89.3776
76 39.96369 -74.2335
69 40.0495 -86.0808
87 46.39429 -94.6043
57 34.47639 -105.942
77 43.0504 -107.255
80 41.3356 -99.5897
76 40.0495 -89.3776
78 40.221 -82.5962
65 46.39429 -94.6043
70 43.90779 -120.068
80 44.2508 -72.5449
75 45.6226 -68.9801
55 43.39339 -71.3924
67 46.39429 -94.6043
71 36.5341 -119.773
64 42.36449 -71.58
88 42.36449 -71.58
64 32.59009 -86.7509
67 44.2508 -72.5449
53 32.59009 -86.7509
63 34.47639 -105.942
70 43.0504 -107.255
87 41.93579 -93.3713
76 34.7336 -92.2992
74 32.59009 -86.7509
82 40.90689 -77.4499
79 41.93579 -93.3713
87 44.5937 -89.9941
54 39.2778 -76.6458
71 34.47639 -105.942
78 42.36449 -71.58
80 41.5928 -72.3573
58 40.221 -82.5962
80 38.42039 -80.6664
65 27.87439 -81.6849
65 41.5928 -71.1243
64 43.1361 -84.6869
67 34.47639 -105.942
73 34.7336 -92.2992
55 39.2778 -76.6458
67 43.39339 -71.3924
53 41.3356 -99.5897
81 40.0495 -89.3776
83 44.5937 -89.9941
75 41.3356 -99.5897
72 27.87439 -81.6849
82 39.1063 -111.33
69 35.50529 -97.1239
88 38.6777 -105.513
73 43.1361 -75.1448
83 42.36449 -71.58
80 41.93579 -93.3713
78 34.7336 -92.2992
82 44.5937 -89.9941
74 41.5928 -71.1243
62 41.93579 -93.3713
62 47.4231 -119.746
68 47.4231 -119.746
88 38.42039 -98.1156
79 34.7336 -92.2992
89 40.90689 -77.4499
66 43.1361 -75.1448
60 44.5937 -89.9941
88 40.0495 -86.0808
73 38.6777 -105.513
76 46.823 -109.32
59 38.6777 -105.513
58 44.5937 -89.9941
84 41.3356 -99.5897
85 31.3897 -98.7856
58 40.0495 -86.0808
77 30.61809 -92.2724
82 45.6226 -68.9801
88 37.39149 -84.7674
61 34.2192 -111.625
61 36.5341 -119.773
80 41.5928 -71.1243
68 35.6767 -86.456
80 40.0495 -89.3776
61 39.1063 -116.85
74 43.1361 -75.1448
67 43.0504 -107.255
85 37.39149 -84.7674
76 45.6226 -68.9801
70 33.61899 -80.5056
88 34.7336 -92.2992
86 41.5928 -72.3573
75 43.39339 -71.3924
71 44.5937 -89.9941
62 38.3347 -92.5137
77 47.2517 -100.098
68 37.563 -78.2005
71 43.0504 -107.255
70 39.1063 -111.33
57 37.39149 -84.7674
59 43.39339 -71.3924
58 38.42039 -80.6664
65 34.7336 -92.2992
82 47.4231 -119.746
71 44.33649 -99.7238
57 44.2508 -72.5449
78 35.41949 -78.4685
54 42.36449 -71.58
59 34.2192 -111.625
82 38.6777 -105.513
59 41.5928 -71.1243
70 34.7336 -92.2992
63 39.1063 -116.85
57 41.93579 -93.3713
61 40.0495 -86.0808
72 36.5341 -119.773
71 35.6767 -86.456
89 41.93579 -93.3713
53 40.221 -82.5962
72 39.96369 -74.2335
85 38.42039 -80.6664
73 39.1063 -116.85
59 37.39149 -84.7674
80 32.3329 -83.3735
80 43.90779 -120.068
69 37.39149 -84.7674
53 37.563 -78.2005
79 43.5648 -113.93
61 44.2508 -72.5449
53 44.2508 -72.5449
76 41.3356 -99.5897
80 33.61899 -80.5056
77 39.2778 -76.6458
71 41.93579 -93.3713
77 43.90779 -120.068
80 40.221 -82.5962
76 39.1063 -111.33
74 45.6226 -68.9801
59 38.42039 -80.6664
83 34.2192 -111.625
60 34.2192 -111.625
80 46.823 -109.32
83 40.0495 -86.0808
89 35.6767 -86.456
81 34.2192 -111.625
58 27.87439 -81.6849
60 36.5341 -119.773
53 43.39339 -71.3924
88 35.50529 -97.1239
86 44.5937 -89.9941
71 38.3347 -92.5137
53 35.50529 -97.1239
68 41.5928 -72.3573
77 34.7336 -92.2992
81 33.61899 -80.5056
60 43.39339 -71.3924
78 30.61809 -92.2724
68 34.2192 -111.625
89 43.0504 -107.255
71 43.39339 -71.3924
53 43.1361 -75.1448
55 45.6226 -68.9801
54 35.6767 -86.456
68 43.0504 -107.255
73 44.2508 -72.5449
76 40.0495 -86.0808
77 43.5648 -113.93
77 34.47639 -105.942
84 41.5928 -72.3573
64 44.5937 -89.9941
62 38.6777 -105.513
74 38.6777 -74.9841
61 42.36449 -71.58
81 37.563 -78.2005
54 44.33649 -99.7238
64 38.42039 -80.6664
72 32.6758 -89.8065
86 38.6777 -105.513
74 47.4231 -119.746
70 38.42039 -98.1156
74 34.47639 -105.942
77 37.39149 -84.7674
66 40.0495 -89.3776
59 40.0495 -86.0808
62 38.6777 -74.9841
71 33.61899 -80.5056
60 41.93579 -93.3713
67 46.823 -109.32
66 47.4231 -119.746
69 44.5937 -89.9941
71 30.61809 -92.2724
89 43.1361 -84.6869
66 33.61899 -80.5056
58 43.39339 -71.3924
71 40.0495 -86.0808
87 36.5341 -119.773
83 44.2508 -72.5449
74 46.823 -109.32
62 44.33649 -99.7238
58 34.7336 -92.2992
76 39.2778 -76.6458
72 43.1361 -75.1448
57 39.1063 -111.33
80 39.1063 -111.33
87 31.3897 -98.7856
70 32.59009 -86.7509
55 41.5928 -72.3573
87 37.563 -78.2005
58 38.3347 -92.5137
78 47.4231 -119.746
83 34.7336 -92.2992
71 39.1063 -116.85
61 32.59009 -86.7509
59 41.93579 -93.3713
80 39.2778 -76.6458
89 39.1063 -116.85
86 38.6777 -74.9841
69 39.1063 -116.85
75 35.6767 -86.456
63 40.0495 -86.0808
76 44.2508 -72.5449
68 34.7336 -92.2992
80 47.2517 -100.098
84 47.2517 -100.098
85 40.221 -82.5962
85 41.93579 -93.3713
69 41.93579 -93.3713
75 40.221 -82.5962
75 30.61809 -92.2724
57 27.87439 -81.6849
64 36.5341 -119.773
75 40.0495 -89.3776
88 39.1063 -111.33
71 47.2517 -100.098
80 30.61809 -92.2724
84 33.61899 -80.5056
79 38.3347 -92.5137
83 36.5341 -119.773
65 37.39149 -84.7674
83 46.823 -109.32
71 38.42039 -80.6664
86 39.1063 -116.85
70 43.5648 -113.93
89 39.2778 -76.6458
55 32.59009 -86.7509
71 46.39429 -94.6043
82 40.0495 -86.0808
81 41.5928 -71.1243
72 34.7336 -92.2992
63 44.5937 -89.9941
55 38.3347 -92.5137
69 32.59009 -86.7509
85 39.2778 -76.6458
53 39.96369 -74.2335
83 41.3356 -99.5897
70 38.42039 -80.6664
74 39.2778 -76.6458
69 39.1063 -111.33
78 38.6777 -105.513
71 38.42039 -98.1156
70 40.221 -82.5962
83 35.41949 -78.4685
76 34.47639 -105.942
61 38.6777 -74.9841
72 34.47639 -105.942
61 43.1361 -75.1448
54 36.5341 -119.773
80 27.87439 -81.6849
67 43.1361 -84.6869
86 40.0495 -86.0808
86 38.3347 -92.5137
76 40.90689 -77.4499
83 43.39339 -71.3924
69 43.5648 -113.93
77 37.563 -78.2005
83 39.2778 -76.6458
61 43.1361 -84.6869
55 36.5341 -119.773
80 45.6226 -68.9801
86 40.90689 -77.4499
67 38.42039 -98.1156
74 36.5341 -119.773
66 43.39339 -71.3924
83 43.1361 -84.6869
83 39.1063 -116.85
83 41.93579 -93.3713
60 41.5928 -72.3573
84 38.3347 -92.5137
56 41.5928 -71.1243
87 34.7336 -92.2992
69 44.2508 -72.5449
73 39.1063 -111.33
55 38.42039 -98.1156
69 27.87439 -81.6849
73 47.2517 -100.098
53 41.5928 -72.3573
71 40.221 -82.5962
63 43.39339 -71.3924
83 45.6226 -68.9801
72 33.61899 -80.5056
60 40.0495 -89.3776
83 46.39429 -94.6043
69 43.0504 -107.255
64 47.2517 -100.098
58 43.1361 -84.6869
73 43.1361 -84.6869
65 43.5648 -113.93
66 44.5937 -89.9941
63 43.5648 -113.93
68 46.823 -109.32
73 30.61809 -92.2724
63 41.5928 -71.1243
85 42.36449 -71.58
84 47.4231 -119.746
72 39.1063 -116.85
65 44.5937 -89.9941
80 32.6758 -89.8065
64 41.3356 -99.5897
71 35.50529 -97.1239
58 43.1361 -75.1448
73 38.3347 -92.5137
69 46.39429 -94.6043
80 39.1063 -116.85
79 36.5341 -119.773
54 41.5928 -71.1243
65 40.0495 -89.3776
54 40.221 -82.5962
77 32.3329 -83.3735
75 32.6758 -89.8065
57 38.3347 -92.5137
74 39.1063 -111.33
66 39.1063 -111.33
87 47.4231 -119.746
70 31.3897 -98.7856
84 31.3897 -98.7856
73 32.59009 -86.7509
53 39.1063 -116.85
77 42.36449 -71.58
88 32.59009 -86.7509
75 47.2517 -100.098
72 46.39429 -94.6043
57 39.2778 -76.6458
66 43.1361 -84.6869
73 42.36449 -71.58
89 38.42039 -80.6664
79 46.39429 -94.6043
58 44.33649 -99.7238
70 32.6758 -89.8065
57 43.1361 -75.1448
81 35.41949 -78.4685
54 32.6758 -89.8065
72 47.2517 -100.098
80 35.6767 -86.456
55 47.2517 -100.098
55 38.6777 -105.513
63 45.6226 -68.9801
57 36.5341 -119.773
63 34.2192 -111.625
64 43.1361 -75.1448
55 37.563 -78.2005
81 31.3897 -98.7856
57 38.42039 -98.1156
84 40.221 -82.5962
85 35.6767 -86.456
78 32.6758 -89.8065
77 39.1063 -111.33
54 40.90689 -77.4499
59 42.36449 -71.58
87 32.3329 -83.3735
63 43.1361 -84.6869
86 39.2778 -76.6458
67 38.6777 -74.9841
80 44.33649 -99.7238
56 39.2778 -76.6458
73 41.5928 -72.3573
74 41.93579 -93.3713
64 34.47639 -105.942
66 39.1063 -116.85
57 38.6777 -105.513
77 41.93579 -93.3713
54 38.42039 -98.1156
73 44.33649 -99.7238
76 38.3347 -92.5137
53 38.42039 -80.6664
69 38.6777 -105.513
60 44.2508 -72.5449
60 39.2778 -76.6458
74 42.36449 -71.58
78 44.5937 -89.9941
80 43.39339 -71.3924
53 34.47639 -105.942
58 32.6758 -89.8065
89 44.5937 -89.9941
66 36.5341 -119.773
84 37.563 -78.2005
66 41.93579 -93.3713
74 27.87439 -81.6849
73 43.90779 -120.068
79 32.59009 -86.7509
60 41.3356 -99.5897
69 34.2192 -111.625
64 44.33649 -99.7238
68 39.1063 -111.33
73 32.3329 -83.3735
73 45.6226 -68.9801
88 39.96369 -74.2335
77 40.90689 -77.4499
75 39.2778 -76.6458
81 43.0504 -107.255
76 41.5928 -71.1243
73 47.4231 -119.746
68 32.6758 -89.8065
87 39.1063 -111.33
88 47.4231 -119.746
76 44.33649 -99.7238
55 40.0495 -89.3776
78 43.1361 -84.6869
72 40.0495 -86.0808
71 40.90689 -77.4499
70 42.36449 -71.58
54 47.2517 -100.098
71 39.2778 -76.6458
63 38.42039 -80.6664
60 38.6777 -105.513
79 47.4231 -119.746
56 39.1063 -116.85
74 43.1361 -84.6869
55 34.47639 -105.942
82 44.2508 -72.5449
68 43.1361 -84.6869
80 38.3347 -92.5137
80 39.96369 -74.2335
72 44.5937 -89.9941
83 41.5928 -71.1243
78 43.39339 -71.3924
88 43.0504 -107.255
79 40.90689 -77.4499
78 46.823 -109.32
71 39.96369 -74.2335
62 46.39429 -94.6043
68 38.6777 -105.513
65 41.3356 -99.5897
86 42.36449 -71.58
87 41.5928 -72.3573
61 41.93579 -93.3713
60 38.3347 -92.5137
66 43.0504 -107.255
64 40.0495 -86.0808
69 38.42039 -98.1156
71 32.6758 -89.8065
77 39.96369 -74.2335
68 35.50529 -97.1239
64 40.221 -82.5962
69 47.2517 -100.098
63 34.7336 -92.2992
70 38.6777 -74.9841
67 40.0495 -89.3776
75 35.50529 -97.1239
70 40.0495 -89.3776
75 46.823 -109.32
72 44.33649 -99.7238
76 43.0504 -107.255
76 47.2517 -100.098
87 43.39339 -71.3924
75 38.6777 -105.513
53 38.6777 -74.9841
85 34.7336 -92.2992
81 38.42039 -80.6664
86 39.96369 -74.2335
89 43.5648 -113.93
60 40.221 -82.5962
63 38.6777 -74.9841
79 30.61809 -92.2724
86 39.1063 -111.33
55 35.50529 -97.1239
78 36.5341 -119.773
64 43.0504 -107.255
87 39.1063 -116.85
79 39.2778 -76.6458
85 37.563 -78.2005
70 39.96369 -74.2335
72 43.1361 -84.6869
86 44.33649 -99.7238
59 38.6777 -74.9841
86 35.41949 -78.4685
62 43.1361 -75.1448
65 32.59009 -86.7509
81 32.3329 -83.3735
89 32.59009 -86.7509
79 44.5937 -89.9941
71 27.87439 -81.6849
88 43.1361 -75.1448
84 45.6226 -68.9801
79 35.41949 -78.4685
78 39.1063 -116.85
68 39.96369 -74.2335
83 40.221 -82.5962
73 32.6758 -89.8065
76 47.4231 -119.746
66 45.6226 -68.9801
85 27.87439 -81.6849
84 39.1063 -116.85
83 47.4231 -119.746
54 41.5928 -72.3573
71 43.90779 -120.068
75 43.0504 -107.255
72 42.36449 -71.58
79 42.36449 -71.58
67 41.3356 -99.5897
69 41.5928 -71.1243
64 47.4231 -119.746
87 40.0495 -86.0808
57 39.1063 -116.85
71 40.0495 -89.3776
53 46.823 -109.32
78 32.3329 -83.3735
64 38.6777 -74.9841
64 46.39429 -94.6043
81 39.1063 -116.85
82 35.41949 -78.4685
62 39.1063 -111.33
61 38.42039 -80.6664
72 41.93579 -93.3713
65 39.1063 -111.33
81 43.5648 -113.93
63 47.2517 -100.098
70 41.5928 -71.1243
64 34.2192 -111.625
75 44.33649 -99.7238
77 35.41949 -78.4685
59 39.1063 -111.33
63 32.59009 -86.7509
85 43.39339 -71.3924
59 43.5648 -113.93
77 43.1361 -75.1448
89 41.3356 -99.5897
79 37.39149 -84.7674
62 38.42039 -80.6664
65 43.1361 -84.6869
59 34.7336 -92.2992
79 47.2517 -100.098
72 46.823 -109.32
69 40.0495 -89.3776
78 33.61899 -80.5056
78 39.2778 -76.6458
67 44.5937 -89.9941
89 39.96369 -74.2335
82 38.42039 -80.6664
82 43.5648 -113.93
75 43.1361 -75.1448
72 32.3329 -83.3735
83 32.3329 -83.3735
60 38.6777 -74.9841
74 40.90689 -77.4499
61 44.33649 -99.7238
83 39.1063 -111.33
57 41.5928 -72.3573
67 47.4231 -119.746
62 32.6758 -89.8065
83 43.5648 -113.93
65 38.3347 -92.5137
82 38.42039 -98.1156
76 38.42039 -98.1156
59 47.2517 -100.098
74 37.39149 -84.7674
56 43.1361 -84.6869
55 34.2192 -111.625
67 41.5928 -71.1243
87 38.3347 -92.5137
60 45.6226 -68.9801
85 39.1063 -116.85
89 42.36449 -71.58
67 32.3329 -83.3735
88 32.3329 -83.3735
76 32.3329 -83.3735
69 34.47639 -105.942
68 27.87439 -81.6849
65 43.0504 -107.255
72 39.2778 -76.6458
78 27.87439 -81.6849
59 38.3347 -92.5137
70 38.6777 -105.513
77 43.39339 -71.3924
76 46.39429 -94.6043
67 32.59009 -86.7509
76 32.59009 -86.7509
58 45.6226 -68.9801
61 41.3356 -99.5897
74 34.7336 -92.2992
69 38.3347 -92.5137
80 35.41949 -78.4685
56 43.5648 -113.93
60 47.4231 -119.746
83 39.96369 -74.2335
67 38.42039 -80.6664
74 35.6767 -86.456
84 44.2508 -72.5449
71 37.563 -78.2005
89 38.42039 -98.1156
65 41.5928 -72.3573
75 44.5937 -89.9941
84 39.2778 -76.6458
53 43.0504 -107.255
71 43.1361 -75.1448
73 38.6777 -74.9841
88 40.90689 -77.4499
69 41.3356 -99.5897
62 44.2508 -72.5449
87 44.2508 -72.5449
82 32.3329 -83.3735
89 43.1361 -75.1448
70 40.0495 -86.0808
72 40.0495 -89.3776
89 34.7336 -92.2992
87 39.2778 -76.6458
86 40.221 -82.5962
84 46.823 -109.32
54 44.5937 -89.9941
68 38.6777 -74.9841
88 44.33649 -99.7238
78 41.3356 -99.5897
69 36.5341 -119.773
79 46.823 -109.32
64 39.1063 -116.85
79 44.33649 -99.7238
74 41.5928 -72.3573
69 47.4231 -119.746
68 42.36449 -71.58
57 43.5648 -113.93
88 35.6767 -86.456
70 35.6767 -86.456
56 27.87439 -81.6849
73 40.0495 -86.0808
82 43.39339 -71.3924
84 38.6777 -105.513
55 27.87439 -81.6849
75 31.3897 -98.7856
70 34.47639 -105.942
70 43.1361 -75.1448
69 45.6226 -68.9801
84 43.1361 -75.1448
53 38.6777 -105.513
59 40.0495 -89.3776
89 34.2192 -111.625
55 44.5937 -89.9941
53 38.42039 -98.1156
55 39.1063 -111.33
85 38.42039 -98.1156
71 38.6777 -105.513
57 44.33649 -99.7238
88 43.39339 -71.3924
63 38.6777 -105.513
65 43.1361 -75.1448
72 43.39339 -71.3924
72 35.50529 -97.1239
54 44.2508 -72.5449
58 39.1063 -116.85
87 30.61809 -92.2724
79 43.39339 -71.3924
70 43.39339 -71.3924
53 45.6226 -68.9801
59 45.6226 -68.9801
65 43.39339 -71.3924
61 43.5648 -113.93
88 30.61809 -92.2724
84 39.1063 -111.33
85 41.3356 -99.5897
67 41.93579 -93.3713
88 33.61899 -80.5056
73 41.5928 -71.1243
55 35.6767 -86.456
59 32.6758 -89.8065
55 43.0504 -107.255
69 43.90779 -120.068
69 39.96369 -74.2335
72 38.6777 -105.513
62 47.2517 -100.098
64 34.7336 -92.2992
85 35.41949 -78.4685
61 37.39149 -84.7674
77 44.33649 -99.7238
81 43.1361 -84.6869
80 44.5937 -89.9941
60 32.59009 -86.7509
68 47.2517 -100.098
76 36.5341 -119.773
79 34.47639 -105.942
59 43.0504 -107.255
62 40.0495 -89.3776
73 37.39149 -84.7674
63 43.0504 -107.255
69 34.7336 -92.2992
66 34.7336 -92.2992
58 36.5341 -119.773
76 30.61809 -92.2724
89 46.823 -109.32
58 41.93579 -93.3713
67 47.2517 -100.098
68 44.33649 -99.7238
84 43.5648 -113.93
80 34.7336 -92.2992
86 40.0495 -89.3776
68 39.1063 -116.85
67 44.33649 -99.7238
74 39.1063 -116.85
81 39.2778 -76.6458
54 38.3347 -92.5137
81 30.61809 -92.2724
53 41.5928 -71.1243
75 44.2508 -72.5449
60 39.1063 -111.33
87 38.42039 -80.6664
71 38.6777 -74.9841
67 39.1063 -116.85
89 43.39339 -71.3924
53 43.1361 -84.6869
75 46.39429 -94.6043
72 43.0504 -107.255
83 40.0495 -89.3776
61 45.6226 -68.9801
68 40.0495 -89.3776
80 43.1361 -84.6869
53 44.5937 -89.9941
72 35.6767 -86.456
75 47.4231 -119.746
80 32.59009 -86.7509
87 38.6777 -105.513
56 41.3356 -99.5897
88 40.0495 -89.3776
89 37.563 -78.2005
59 40.221 -82.5962
79 38.42039 -80.6664
88 35.41949 -78.4685
81 43.39339 -71.3924
83 33.61899 -80.5056
71 47.4231 -119.746
61 32.6758 -89.8065
74 38.6777 -105.513
75 41.5928 -72.3573
62 44.5937 -89.9941
80 37.39149 -84.7674
68 33.61899 -80.5056
78 39.96369 -74.2335
53 36.5341 -119.773
62 41.5928 -72.3573
54 40.0495 -86.0808
54 37.563 -78.2005
61 34.47639 -105.942
76 43.5648 -113.93
63 46.39429 -94.6043
63 37.39149 -84.7674
61 43.0504 -107.255
80 43.1361 -75.1448
56 41.93579 -93.3713
66 41.5928 -72.3573
84 32.59009 -86.7509
59 46.39429 -94.6043
58 38.6777 -105.513
76 35.41949 -78.4685
64 38.6777 -105.513
72 47.4231 -119.746
56 40.221 -82.5962
57 47.4231 -119.746
84 35.6767 -86.456
88 44.5937 -89.9941
65 34.2192 -111.625
86 43.1361 -75.1448
88 41.3356 -99.5897
88 41.5928 -72.3573
76 27.87439 -81.6849
79 32.6758 -89.8065
84 43.0504 -107.255
60 32.6758 -89.8065
77 31.3897 -98.7856
81 38.3347 -92.5137
63 38.3347 -92.5137
79 38.6777 -105.513
63 41.5928 -72.3573
56 38.6777 -105.513
69 42.36449 -71.58
53 44.33649 -99.7238
75 40.90689 -77.4499
75 36.5341 -119.773
72 44.2508 -72.5449
62 39.1063 -116.85
86 32.59009 -86.7509
77 35.50529 -97.1239
71 45.6226 -68.9801
58 47.2517 -100.098
56 34.47639 -105.942
53 47.4231 -119.746
56 40.0495 -86.0808
80 38.6777 -105.513
87 38.42039 -98.1156
55 43.5648 -113.93
62 34.47639 -105.942
60 43.0504 -107.255
68 45.6226 -68.9801
72 38.6777 -74.9841
56 47.4231 -119.746
64 43.5648 -113.93
56 34.2192 -111.625
63 43.1361 -75.1448
74 38.3347 -92.5137
85 38.3347 -92.5137
83 43.0504 -107.255
81 34.7336 -92.2992
63 39.1063 -111.33
59 27.87439 -81.6849
80 34.2192 -111.625
82 41.93579 -93.3713
66 38.6777 -105.513
56 38.42039 -98.1156
75 32.3329 -83.3735
59 34.47639 -105.942
85 47.4231 -119.746
64 37.39149 -84.7674
69 35.6767 -86.456
66 37.39149 -84.7674
84 40.90689 -77.4499
71 42.36449 -71.58
79 27.87439 -81.6849
75 39.96369 -74.2335
81 40.0495 -86.0808
76 39.1063 -116.85
82 46.823 -109.32
72 45.6226 -68.9801
79 41.5928 -71.1243
85 40.0495 -89.3776
64 32.6758 -89.8065
82 38.3347 -92.5137
71 34.2192 -111.625
56 47.2517 -100.098
89 36.5341 -119.773
75 38.42039 -98.1156
79 41.5928 -72.3573
61 41.5928 -72.3573
80 38.6777 -74.9841
63 32.6758 -89.8065
74 40.0495 -89.3776
84 34.2192 -111.625
73 36.5341 -119.773
59 36.5341 -119.773
75 38.6777 -74.9841
74 43.90779 -120.068
69 38.42039 -80.6664
79 31.3897 -98.7856
65 39.1063 -116.85
71 44.2508 -72.5449
81 44.33649 -99.7238
83 38.6777 -105.513
71 37.39149 -84.7674
79 37.563 -78.2005
61 38.6777 -105.513
81 32.6758 -89.8065
56 38.3347 -92.5137
80 47.4231 -119.746
67 45.6226 -68.9801
68 43.90779 -120.068
77 39.1063 -116.85
71 46.823 -109.32
69 39.2778 -76.6458
57 41.5928 -71.1243
59 43.1361 -75.1448
70 44.2508 -72.5449
82 39.2778 -76.6458
58 32.59009 -86.7509
73 46.823 -109.32
66 40.0495 -86.0808
79 43.1361 -75.1448
55 43.1361 -75.1448
73 41.3356 -99.5897
77 32.6758 -89.8065
61 34.7336 -92.2992
72 39.1063 -111.33
71 43.5648 -113.93
76 42.36449 -71.58
73 40.0495 -89.3776
81 41.5928 -72.3573
84 35.41949 -78.4685
89 33.61899 -80.5056
84 38.42039 -80.6664
84 32.6758 -89.8065
77 46.39429 -94.6043
53 43.5648 -113.93
69 37.563 -78.2005
82 32.6758 -89.8065
84 36.5341 -119.773
67 27.87439 -81.6849
86 36.5341 -119.773
88 46.823 -109.32
86 33.61899 -80.5056
77 41.5928 -71.1243
69 41.5928 -72.3573
53 32.6758 -89.8065
66 47.2517 -100.098
81 47.4231 -119.746
86 34.7336 -92.2992
75 32.59009 -86.7509
73 33.61899 -80.5056
85 38.6777 -105.513
55 44.33649 -99.7238
54 45.6226 -68.9801
67 43.1361 -75.1448
78 40.90689 -77.4499
87 34.2192 -111.625
89 31.3897 -98.7856
85 39.96369 -74.2335
61 39.1063 -111.33
75 40.0495 -86.0808
75 42.36449 -71.58
53 39.1063 -111.33
64 43.39339 -71.3924
73 41.93579 -93.3713
81 46.823 -109.32
88 39.1063 -116.85
62 40.221 -82.5962
87 46.823 -109.32
70 27.87439 -81.6849
84 32.3329 -83.3735
82 31.3897 -98.7856
72 38.42039 -98.1156
56 37.39149 -84.7674
72 32.59009 -86.7509
54 39.1063 -116.85
83 38.42039 -98.1156
54 47.4231 -119.746
76 38.42039 -80.6664
78 43.90779 -120.068
88 38.3347 -92.5137
74 46.39429 -94.6043
84 40.0495 -86.0808
86 43.1361 -84.6869
75 37.39149 -84.7674
81 41.93579 -93.3713
77 40.0495 -86.0808
68 43.1361 -75.1448
74 31.3897 -98.7856
82 43.0504 -107.255
86 43.5648 -113.93
66 43.90779 -120.068
82 34.2192 -111.625
79 44.2508 -72.5449
75 38.3347 -92.5137
56 38.6777 -74.9841
74 35.50529 -97.1239
78 38.42039 -98.1156
68 41.5928 -71.1243
77 38.42039 -80.6664
86 38.42039 -98.1156
79 38.6777 -74.9841
76 38.6777 -74.9841
74 38.42039 -80.6664
65 41.93579 -93.3713
57 45.6226 -68.9801
88 36.5341 -119.773
70 46.39429 -94.6043
88 34.2192 -111.625
84 38.42039 -98.1156
80 42.36449 -71.58
83 40.90689 -77.4499
67 39.1063 -111.33
85 46.823 -109.32
87 41.3356 -99.5897
66 34.2192 -111.625
62 42.36449 -71.58
66 38.6777 -74.9841
68 40.0495 -86.0808
66 42.36449 -71.58
53 34.7336 -92.2992
74 43.5648 -113.93
60 27.87439 -81.6849
76 32.6758 -89.8065
81 42.36449 -71.58
78 44.33649 -99.7238
69 30.61809 -92.2724
66 44.33649 -99.7238
84 46.39429 -94.6043
86 35.6767 -86.456
77 36.5341 -119.773
82 36.5341 -119.773
63 36.5341 -119.773
66 38.42039 -80.6664
75 43.90779 -120.068
55 39.1063 -116.85
58 37.39149 -84.7674
78 43.5648 -113.93
66 41.3356 -99.5897
77 35.6767 -86.456
86 46.39429 -94.6043
64 39.1063 -111.33
83 35.6767 -86.456
87 32.59009 -86.7509
82 35.6767 -86.456
62 32.59009 -86.7509
75 34.47639 -105.942
66 40.221 -82.5962
62 37.39149 -84.7674
54 32.59009 -86.7509
60 41.5928 -71.1243
61 38.3347 -92.5137
75 38.42039 -80.6664
58 43.5648 -113.93
85 43.1361 -84.6869
89 38.6777 -105.513
82 41.3356 -99.5897
53 37.39149 -84.7674
79 43.1361 -84.6869
62 43.39339 -71.3924
89 40.0495 -86.0808
77 44.2508 -72.5449
53 38.3347 -92.5137
80 43.5648 -113.93
56 43.1361 -75.1448
84 41.5928 -71.1243
64 41.5928 -72.3573
57 43.1361 -84.6869
58 41.5928 -72.3573
78 45.6226 -68.9801
66 43.5648 -113.93
88 43.1361 -84.6869
57 32.59009 -86.7509
79 34.2192 -111.625
71 31.3897 -98.7856
76 44.5937 -89.9941
78 41.5928 -72.3573
85 32.3329 -83.3735
70 32.3329 -83.3735
72 40.221 -82.5962
83 30.61809 -92.2724
81 27.87439 -81.6849
86 38.42039 -80.6664
71 43.1361 -84.6869
57 40.0495 -86.0808
74 44.33649 -99.7238
69 43.1361 -84.6869
62 39.2778 -76.6458
55 44.2508 -72.5449
78 37.563 -78.2005
70 40.90689 -77.4499
60 42.36449 -71.58
76 38.6777 -105.513
66 32.6758 -89.8065
83 41.5928 -72.3573
81 44.2508 -72.5449
88 38.6777 -74.9841
58 42.36449 -71.58
77 33.61899 -80.5056
56 34.7336 -92.2992
74 40.0495 -86.0808
85 36.5341 -119.773
82 37.39149 -84.7674
56 44.5937 -89.9941
70 37.39149 -84.7674
70 46.823 -109.32
53 47.2517 -100.098
57 43.39339 -71.3924
78 41.93579 -93.3713
80 40.0495 -86.0808
56 39.1063 -111.33
61 43.39339 -71.3924
86 47.2517 -100.098
89 30.61809 -92.2724
62 34.7336 -92.2992
73 43.39339 -71.3924
55 43.1361 -84.6869
57 32.6758 -89.8065
69 32.3329 -83.3735
81 38.6777 -105.513
86 43.39339 -71.3924
71 39.1063 -111.33
81 38.42039 -98.1156
58 41.5928 -71.1243
61 47.4231 -119.746
65 38.6777 -105.513
69 46.823 -109.32
70 47.2517 -100.098
76 31.3897 -98.7856
78 32.59009 -86.7509
82 41.5928 -71.1243
83 38.6777 -74.9841
70 43.1361 -84.6869
71 32.59009 -86.7509
80 38.42039 -98.1156
59 39.1063 -116.85
79 40.221 -82.5962
54 39.1063 -111.33
81 39.96369 -74.2335
67 35.50529 -97.1239
57 34.2192 -111.625
87 35.50529 -97.1239
58 43.0504 -107.255
78 44.2508 -72.5449
73 27.87439 -81.6849
88 37.563 -78.2005
88 39.2778 -76.6458
78 41.5928 -71.1243
70 41.93579 -93.3713
89 27.87439 -81.6849
54 35.50529 -97.1239
58 34.2192 -111.625
66 46.39429 -94.6043
68 40.221 -82.5962
55 32.6758 -89.8065
64 44.2508 -72.5449
70 39.2778 -76.6458
79 32.3329 -83.3735
58 39.2778 -76.6458
67 40.221 -82.5962
85 45.6226 -68.9801
77 40.221 -82.5962
54 27.87439 -81.6849
54 40.0495 -89.3776
73 39.2778 -76.6458
54 34.2192 -111.625
71 41.3356 -99.5897
72 34.2192 -111.625
82 40.221 -82.5962
61 40.221 -82.5962
75 35.41949 -78.4685
76 41.93579 -93.3713
58 34.47639 -105.942
86 46.823 -109.32
63 42.36449 -71.58
54 43.39339 -71.3924
62 41.5928 -71.1243
65 42.36449 -71.58
79 35.6767 -86.456
56 44.2508 -72.5449
67 38.3347 -92.5137
82 37.563 -78.2005
78 40.0495 -86.0808
83 37.563 -78.2005
68 37.39149 -84.7674
80 31.3897 -98.7856
58 38.6777 -74.9841
83 38.42039 -80.6664
89 41.5928 -72.3573
72 41.3356 -99.5897
81 45.6226 -68.9801
64 38.3347 -92.5137
67 42.36449 -71.58
78 39.1063 -111.33
66 39.2778 -76.6458
89 35.50529 -97.1239
65 36.5341 -119.773
87 35.6767 -86.456
62 36.5341 -119.773
77 38.6777 -105.513
83 32.59009 -86.7509
70 36.5341 -119.773
73 46.39429 -94.6043
63 44.2508 -72.5449
56 40.90689 -77.4499
60 43.5648 -113.93
65 44.33649 -99.7238
68 43.39339 -71.3924
74 47.2517 -100.098
64 27.87439 -81.6849
53 40.0495 -86.0808
55 41.3356 -99.5897
84 38.6777 -74.9841
83 31.3897 -98.7856
85 43.5648 -113.93
85 41.5928 -71.1243
85 46.39429 -94.6043
72 38.3347 -92.5137
62 40.0495 -86.0808
81 38.6777 -74.9841
77 41.5928 -72.3573
79 40.0495 -89.3776
62 27.87439 -81.6849
85 43.1361 -75.1448
89 38.3347 -92.5137
65 39.2778 -76.6458
86 41.3356 -99.5897
72 41.5928 -71.1243
85 38.6777 -74.9841
85 34.2192 -111.625
78 37.39149 -84.7674
54 34.7336 -92.2992
76 43.90779 -120.068
67 37.39149 -84.7674
62 41.3356 -99.5897
70 34.2192 -111.625
62 43.0504 -107.255
65 38.6777 -74.9841
70 44.5937 -89.9941
74 32.6758 -89.8065
72 40.90689 -77.4499
87 37.39149 -84.7674
85 30.61809 -92.2724
72 41.5928 -72.3573
75 41.93579 -93.3713
60 34.7336 -92.2992
76 41.5928 -72.3573
63 41.93579 -93.3713
85 32.59009 -86.7509
77 27.87439 -81.6849
79 41.3356 -99.5897
82 39.1063 -116.85
84 42.36449 -71.58
61 39.2778 -76.6458
66 41.5928 -71.1243
85 33.61899 -80.5056
76 37.563 -78.2005
82 42.36449 -71.58
87 39.96369 -74.2335
59 39.2778 -76.6458
69 38.6777 -74.9841
68 44.2508 -72.5449
65 40.0495 -86.0808
86 27.87439 -81.6849
58 41.3356 -99.5897
70 41.5928 -72.3573
56 43.39339 -71.3924
86 31.3897 -98.7856
54 43.1361 -75.1448
84 39.96369 -74.2335
57 41.3356 -99.5897
58 40.0495 -89.3776
87 43.1361 -84.6869
74 44.2508 -72.5449
79 39.96369 -74.2335
83 43.1361 -75.1448
59 47.4231 -119.746
55 40.0495 -86.0808
75 43.5648 -113.93
53 42.36449 -71.58
54 43.1361 -84.6869
67 39.2778 -76.6458
86 47.4231 -119.746
75 39.1063 -116.85
72 38.42039 -80.6664
56 44.33649 -99.7238
70 39.1063 -116.85
80 46.39429 -94.6043
57 40.221 -82.5962
67 32.6758 -89.8065
57 42.36449 -71.58
73 31.3897 -98.7856
59 41.5928 -72.3573
87 40.221 -82.5962
56 38.42039 -80.6664
57 44.5937 -89.9941
57 34.7336 -92.2992
82 46.39429 -94.6043
81 41.3356 -99.5897
72 43.90779 -120.068
56 45.6226 -68.9801
77 40.0495 -89.3776
74 32.3329 -83.3735
85 44.2508 -72.5449
71 41.5928 -71.1243
53 39.2778 -76.6458
76 37.39149 -84.7674
63 40.221 -82.5962
84 44.5937 -89.9941
73 37.563 -78.2005
89 35.41949 -78.4685
78 40.0495 -89.3776
53 40.0495 -89.3776
68 46.39429 -94.6043
89 47.4231 -119.746
87 43.1361 -75.1448
60 38.42039 -80.6664
79 39.1063 -111.33
55 42.36449 -71.58
88 40.221 -82.5962
78 38.3347 -92.5137
84 27.87439 -81.6849
55 40.90689 -77.4499
82 39.96369 -74.2335
64 41.93579 -93.3713
81 44.5937 -89.9941
74 37.563 -78.2005
85 41.5928 -72.3573
69 40.90689 -77.4499
78 47.2517 -100.098
76 35.50529 -97.1239
75 37.563 -78.2005
89 39.1063 -111.33
58 39.1063 -111.33
87 47.2517 -100.098
53 35.6767 -86.456
74 41.3356 -99.5897
77 43.1361 -84.6869
77 41.3356 -99.5897
82 30.61809 -92.2724
79 33.61899 -80.5056
68 43.5648 -113.93
60 39.1063 -116.85
85 39.1063 -111.33
87 33.61899 -80.5056
74 33.61899 -80.5056
68 38.3347 -92.5137
57 47.2517 -100.098
67 41.5928 -72.3573
75 27.87439 -81.6849
81 37.39149 -84.7674
87 44.33649 -99.7238
65 47.4231 -119.746
60 34.47639 -105.942
73 38.42039 -80.6664
62 43.5648 -113.93
65 34.47639 -105.942
68 32.59009 -86.7509
83 37.39149 -84.7674
78 35.6767 -86.456
63 40.0495 -89.3776
75 34.7336 -92.2992
68 39.2778 -76.6458
64 39.2778 -76.6458
68 32.3329 -83.3735
73 43.5648 -113.93
76 33.61899 -80.5056
60 43.1361 -75.1448
75 39.1063 -111.33
87 40.90689 -77.4499
88 27.87439 -81.6849
88 38.42039 -80.6664
57 38.42039 -80.6664
56 32.6758 -89.8065
85 43.0504 -107.255
86 37.39149 -84.7674
68 30.61809 -92.2724
55 37.39149 -84.7674
78 34.47639 -105.942
88 41.93579 -93.3713
55 34.7336 -92.2992
72 30.61809 -92.2724
62 34.2192 -111.625
81 43.90779 -120.068
67 43.5648 -113.93
81 43.1361 -75.1448
69 40.221 -82.5962
85 40.0495 -86.0808
79 43.90779 -120.068
69 43.39339 -71.3924
82 33.61899 -80.5056
