4.795485
5.648086
7.291644
6.831254
3.738231
3.068251
7.53642
6.303815
5.506414
4.7132
6.168511
7.180437
7.191711
5.926372
8.398312
5.663885
3.57505
4.820103
6.963502
8.140825
3.167821
3.781685
6.13468
6.430528
6.839937
1.867948
2.183681
5.710145
5.727953
1.105553
7.516921
0.007984
5.626034
3.354986
0.08565
2.693804
6.878592
3.910716
6.465087
7.623763
6.888512
6.429333
6.707276
1.841745
7.321958
5.051177
2.145674
5.254956
3.99174
6.99797
7.96095
7.5576
6.094352
7.911453
6.100911
1.065904
3.12502
6.958494
8.430827
5.459278
4.489692
4.402206
1.305958
7.574552
6.782154
2.602947
6.280128
6.073367
6.249386
3.10925
7.101272
6.274787
7.024991
4.426825
1.501972
8.490685
4.579775
2.602947
6.583118
3.975048
6.963275
4.450257
3.348766
8.087046
3.344369
5.635605
2.219809
6.613437
5.593137
2.086982
3.417282
6.084248
4.754783
3.83291
7.048832
6.122941
4.238664
7.252818
1.768462
1.808271
2.258169
1.707757
3.267958
3.190763
3.120471
2.619681
1.228916
2.686609
-1.3363
2.641466
6.276104
3.13571
4.99578
4.766541
6.934941
1.543185
4.689734
7.021788
6.060292
1.580266
8.110985
6.191432
5.995841
6.954985
6.944087
3.404852
4.742
6.567437
5.22401
4.48531
8.259275
-0.2863
7.801158
2.929365
3.16624
5.211143
5.385084
7.172106
7.599045
7.541172
0.407206
8.320987
1.794515
3.102108
6.722975
7.46534
6.409094
6.874736
7.460561
4.728425
3.526061
4.166585
3.139182
4.770846
7.373073
3.851385
6.689921
4.694759
6.300182
1.751925
5.31977
7.785595
3.58526
1.543185
2.292098
5.626624
7.974831
5.825991
2.929644
4.915439
6.031092
5.298619
0.743133
7.73596
5.577562
2.304854
1.149795
5.851167
5.808108
7.034511
8.168823
2.284791
6.300471
6.883039
5.120087
1.028245
7.166825
6.918497
4.432268
6.320879
5.360726
7.753505
2.487663
1.802825
5.346707
4.885596
2.954151
6.53179
3.296094
4.582695
6.973742
4.590618
5.95429
7.692116
0.826385
6.206982
8.24308
5.897412
6.819311
4.930009
5.108042
3.811868
5.189807
2.607591
4.467044
5.97256
6.61195
6.663726
2.836147
3.525603
6.794139
4.295713
5.594779
7.536302
7.713568
5.608144
5.379046
6.135483
6.16503
5.749786
3.429527
3.149103
4.11646
5.308738
3.120471
5.987852
2.704756
5.597003
1.257168
3.120596
5.836684
3.397176
7.953158
6.651541
7.719255
7.74701
4.513602
5.538322
1.028924
5.787191
8.996215
2.759279
5.634737
3.660531
6.856988
8.509802
1.39736
3.355819
6.735764
2.956153
3.745653
4.192313
7.787881
7.057529
3.581107
7.00421
3.67173
6.329057
4.674695
6.521903
0.910462
4.860014
5.983513
4.301787
2.026368
5.224225
8.260096
5.262064
3.572696
5.607074
7.21505
4.898244
7.405161
6.492508
7.229819
4.826599
3.398504
6.153409
8.543118
2.781003
8.090254
7.452065
2.299291
6.820938
4.451906
6.34355
7.305742
6.939838
5.913955
7.188228
1.669763
7.32095
5.036139
3.800392
3.851423
6.757984
1.366584
3.836884
6.087318
5.940495
2.823788
8.188947
9.339717
4.367774
4.400001
2.727641
7.618668
5.033615
4.818121
5.34058
6.897575
7.216014
4.003223
7.866013
4.475568
2.377911
1.851844
3.092074
5.880736
7.179747
7.668791
4.397832
4.313467
5.517926
5.861577
7.183923
4.603456
1.938515
6.746784
2.927165
7.045288
2.893127
6.868099
7.161603
6.614634
6.345859
6.981901
6.438809
5.77254
5.236721
4.754811
1.193459
8.743958
7.120672
5.274119
7.654847
3.361296
5.648953
8.31911
4.071419
2.041462
6.507215
4.296537
5.215235
3.651302
6.382826
6.081416
7.216016
5.897209
7.367751
5.037523
8.036559
7.605818
3.801408
2.13424
4.682932
7.781848
6.957214
2.99055
3.519238
5.464561
5.319861
5.237604
5.165631
4.943139
6.196246
3.309713
3.407424
4.75728
7.174367
2.940794
5.523917
4.180703
0.444572
2.102223
4.838665
6.586331
4.459297
2.102223
0.60129
4.083225
6.412017
6.482324
4.703008
2.747158
1.867948
1.174801
3.344678
1.906152
7.380852
5.571625
4.491483
5.634379
7.137994
5.55977
1.888327
6.488007
2.91235
0.839902
3.770656
2.892718
6.638531
2.561919
7.333517
3.113824
5.22923
3.650576
6.39378
5.923511
2.223761
3.386951
4.77091
9.070525
6.19332
4.22715
2.270883
7.692531
0.704213
7.303482
3.70847
5.814535
3.953181
6.169737
6.166727
1.013341
4.836157
6.450615
6.701931
5.55059
7.415201
3.251988
7.616156
3.998007
1.592944
3.940946
3.67154
5.732509
3.323269
2.439959
7.569766
7.531162
5.741325
1.675552
3.534397
4.884769
6.24178
4.082054
2.325367
2.853533
8.161367
0.855345
6.91855
5.043054
7.979768
4.840257
7.366139
5.412064
4.838362
8.023469
6.714938
6.558073
3.409181
4.284585
6.855772
2.064889
3.18081
7.647147
7.446395
6.34231
7.086468
8.490693
6.954947
6.812
3.757514
7.971919
0.900493
2.798883
4.890316
8.249739
3.331019
4.868291
4.528354
6.689155
4.914219
5.278417
2.913153
3.22322
6.505217
6.086744
6.692954
2.087131
5.149305
5.801523
4.286222
5.858619
3.022027
6.308586
2.97345
5.394002
4.149916
2.979934
1.535907
6.75075
5.252618
6.248102
7.103868
5.45437
1.640907
1.959528
4.339032
3.494344
7.123448
1.509778
5.381829
6.51474
2.129476
6.873571
7.448106
7.728446
6.901565
7.839456
5.013357
6.648807
3.009328
3.141835
3.884226
1.577407
3.74718
4.496294
7.003505
6.679029
2.820018
7.093629
2.159657
7.021285
1.505818
6.619121
6.288435
6.555087
6.212637
4.704913
6.948478
6.176217
8.043257
3.451729
5.326464
6.781271
6.073096
7.935666
6.422337
5.279838
5.708811
3.705441
6.012405
4.345548
1.079323
6.322484
1.459189
7.09236
5.58139
6.930735
2.095523
3.575892
7.274711
3.841193
6.487767
2.031561
6.35887
2.090793
2.916912
4.999767
2.710806
6.279305
6.348603
4.725346
2.427324
2.916666
2.805101
7.009882
5.21186
5.504045
5.54045
6.353981
7.557463
5.354722
7.796001
7.562687
4.338052
5.833922
6.702746
7.667991
2.757098
7.409289
3.092179
2.897885
7.552739
2.827335
3.194616
3.047278
3.48566
5.306336
5.536393
2.806826
7.141687
5.077871
1.034024
1.663462
7.400079
5.947421
4.597876
7.185001
4.416338
4.297635
3.983594
4.312567
7.02466
6.61288
6.067386
6.538826
6.883256
4.995188
5.369589
4.148884
5.21939
1.101368
5.317935
2.78915
5.74349
5.976569
1.29187
4.231174
1.962176
2.130641
6.995938
5.967266
2.173393
2.715006
6.625051
3.395175
6.481266
2.325367
4.049397
2.355277
5.991721
6.040648
0.407206
5.879405
1.741579
5.720083
4.892369
2.113799
0.555078
5.657991
5.983688
2.434087
3.409181
2.885143
2.913153
6.326897
4.016067
5.400329
5.625774
8.156718
2.089863
2.661839
2.780865
7.927099
6.742038
2.19998
4.981656
3.518931
5.556243
7.283135
8.749153
5.259315
5.528113
6.219636
7.871835
2.738893
6.703849
3.745096
3.549142
1.509778
6.233986
7.241385
7.813376
7.164983
2.418323
8.182854
7.831282
7.823764
2.198966
2.718089
6.89801
5.572358
2.869193
7.273279
3.920923
0.298748
6.059409
6.93978
6.967237
5.552536
1.174801
5.985095
5.666446
1.938515
3.087644
8.847921
0.428246
4.263964
1.948319
4.799106
1.941949
2.619347
6.829801
4.882933
2.016644
2.77563
8.529549
8.196965
5.426461
2.536106
5.564875
3.900122
6.345988
8.055698
6.901301
6.550508
7.760098
8.44092
2.095036
7.69827
4.905583
0.340877
2.93056
2.087131
-0.42517
6.942575
5.698563
6.201234
4.978933
3.74104
5.499736
6.63301
4.919364
4.189145
5.688914
4.671402
8.232147
4.393092
4.891138
4.541949
2.989404
7.554121
8.361623
2.890163
7.995857
6.603017
2.420626
5.44167
4.570489
7.370573
7.229105
2.461938
8.379997
4.737153
6.250265
2.167146
5.15856
8.216075
2.757098
1.87741
1.139601
6.168977
5.723033
3.788611
2.483444
2.644886
2.762589
9.035449
6.341083
0.407206
2.863697
6.036391
3.003752
6.6561
2.805101
6.32808
7.325126
7.369079
7.039612
4.02204
6.78257
6.357609
5.840293
3.194616
2.642236
5.545817
5.897495
6.66121
5.174927
7.29486
2.100496
7.103684
6.190385
3.602899
8.346473
7.137917
8.41189
3.122417
6.608869
3.451729
4.967683
7.853483
5.839443
5.597548
4.135468
8.268797
5.919935
5.439868
2.096003
6.488393
8.306274
6.683807
2.096003
6.547472
4.509776
2.581475
0.991895
7.908868
1.245368
6.869289
6.608189
4.969076
7.347475
5.767958
5.617661
5.858528
8.592981
6.267618
1.370016
7.140451
4.484744
3.847438
4.4413
6.169422
7.841121
4.556749
2.692177
6.573639
6.043918
6.303521
6.091801
3.63642
5.641226
6.763398
2.42123
1.057841
7.703968
8.104318
0.407206
2.641466
2.604057
5.590804
6.47798
0.407206
3.851423
3.324644
6.226829
0.499417
7.421192
3.70156
7.368966
3.204883
5.832399
6.772713
2.606829
6.875921
4.247188
7.033613
2.962435
7.923332
6.186691
4.735447
8.143753
6.36446
7.235635
2.346838
2.734609
4.893867
3.378694
2.506508
6.261374
4.378157
2.325527
3.56234
1.6872
7.930788
5.65751
5.631495
5.590374
8.37276
5.470896
4.707625
3.328668
7.471116
7.418215
6.725883
6.27462
5.065531
6.502196
2.822575
6.87853
6.207314
2.749038
6.483572
7.94456
0.555078
3.217569
7.248373
4.337863
7.814002
7.570778
6.959615
7.495623
1.466182
3.448848
7.509059
1.660897
2.003496
1.193459
3.937413
3.895233
2.19998
6.074976
4.487121
1.715546
5.562415
3.970423
8.152287
6.877744
6.667697
4.044792
4.111668
5.272264
5.781001
5.388758
0.149613
5.477026
7.165719
8.884782
7.970632
8.071974
6.475524
3.427756
3.494657
7.359072
5.833451
4.627728
7.002834
5.799787
7.867787
7.220293
7.988956
5.947067
5.927674
1.347822
2.19998
1.29187
6.325924
5.863565
3.257154
3.1361
7.398048
6.103334
1.309426
7.886984
2.511201
7.587388
6.390447
6.575591
1.557768
5.804179
3.354267
4.172388
3.164744
5.495052
2.444136
5.773175
3.986572
3.26855
6.096527
1.022399
6.688332
6.914594
2.069209
6.215241
4.333291
7.664258
4.33896
5.798298
5.034289
4.741718
5.694562
6.558485
3.240348
6.015611
7.417871
4.395623
5.778524
6.946753
0.407206
3.197232
6.667785
3.117417
7.24934
0.813323
5.682203
3.885519
7.045012
6.194622
3.549142
6.484992
5.030226
6.702435
6.063543
7.453674
2.159657
5.845027
6.114087
6.490832
2.960181
7.109653
4.873459
3.010547
5.991051
4.891177
5.652087
3.317682
5.579321
2.861166
1.509778
1.756193
3.204883
2.148324
2.352571
6.579157
5.659394
1.60178
3.061053
6.593853
2.875911
1.057841
1.992582
4.274254
7.206195
5.180236
7.885933
3.879477
4.555446
4.87921
4.928676
2.540453
3.933567
8.57682
5.199741
2.758163
4.706627
3.371276
2.073402
6.850173
6.107041
3.991535
7.482508
6.322837
7.279234
2.929644
3.760451
6.089143
2.561919
5.995306
1.567255
3.125642
5.842164
7.348814
5.520251
5.059734
3.534397
7.925183
6.197121
4.189427
2.21865
3.268862
2.696365
3.965221
6.376939
3.505007
4.276815
5.362714
5.744896
1.794515
2.536106
3.618882
3.571647
3.113773
5.401537
6.444835
5.09338
5.69787
7.474127
4.841846
3.301466
5.123079
4.983317
7.589232
7.22298
8.169073
3.201019
5.070571
4.391357
3.317726
3.12897
2.054205
5.943832
2.849601
1.39736
7.076775
7.515697
6.090228
6.717068
7.200623
6.817323
5.426478
6.366073
3.393539
2.772295
2.805101
2.039862
3.665303
0.609602
5.930059
3.866229
3.21319
6.810833
7.730708
5.905963
5.999133
7.76508
3.671086
4.384724
5.160926
3.094508
7.595438
2.034166
2.922202
1.851844
4.916051
4.111261
6.544432
6.9961
6.082521
7.38187
5.523063
6.760231
7.283932
3.61281
1.606144
-0.39439
6.313139
4.789359
7.503175
1.242931
2.890629
5.472264
3.172095
7.286681
2.452642
7.761256
6.989287
7.268345
6.384711
5.89571
3.250474
5.928812
3.618167
6.714701
6.846682
3.832516
1.87741
-1.52378
5.557599
-1.29234
2.955722
3.504126
7.099227
6.458773
1.505818
6.376047
5.748878
8.513743
3.741571
5.72471
7.821235
4.850156
5.36298
2.026368
3.113773
0.60129
7.432723
2.092665
7.296463
5.650328
3.068071
1.922063
7.983611
6.558115
7.082499
5.472086
7.054175
4.219208
3.488358
8.175123
6.413491
1.867948
4.447451
4.721239
6.024556
7.558309
4.502202
0.08565
3.17854
3.012294
5.245722
4.132234
6.500466
8.368589
6.904006
7.005877
6.231047
5.054602
4.843252
2.945118
2.903875
6.781831
5.714133
4.050404
6.632131
5.280604
7.795245
2.693789
5.041708
7.343495
3.635005
4.656716
2.602947
5.873307
3.397931
3.798083
4.080098
7.135288
0.751577
6.558056
7.450097
3.196291
5.51013
4.820656
8.470359
5.689472
0.555654
4.977177
7.08148
2.205208
4.310074
5.302819
6.823801
5.178646
7.912769
5.082064
6.393592
5.115807
6.805851
3.257085
6.360499
8.05002
2.156454
7.670299
7.512844
7.762708
7.011485
3.315099
8.148775
4.810079
2.247646
4.274138
2.074375
6.779053
2.940964
5.405311
3.538027
-1.10912
5.218729
3.858131
5.693069
7.62381
5.030014
6.036967
4.077574
6.795083
5.725542
6.357585
4.938348
-0.54353
5.763926
3.35504
8.107601
7.418453
7.707221
4.235847
6.112386
5.252338
6.629838
5.816496
4.259561
1.699903
3.000479
2.641466
2.827335
-1.3363
5.207381
6.387838
2.903875
4.82841
4.738569
5.915649
2.55187
2.195119
5.748878
0.298748
6.127791
0.60129
4.272699
4.570814
7.781075
5.307179
7.063726
4.332988
6.732355
6.781541
6.369611
7.931159
5.202821
4.348057
4.440492
-0.59919
5.953922
6.283562
6.322308
5.520237
7.245459
-0.54353
3.631478
1.551511
2.79537
1.352478
5.248022
7.638503
1.6872
3.888407
2.578924
2.361084
5.657946
5.55005
7.954015
6.164128
2.106123
5.106859
7.108042
5.519179
3.060842
7.048922
2.964824
5.975502
6.754836
4.824353
3.85571
4.464897
2.086982
8.070416
6.479373
4.615548
7.671855
7.651319
6.596408
2.174729
5.50342
7.383554
4.467649
5.097955
1.659424
6.771482
5.432396
8.098196
5.823443
7.237041
2.604064
7.281631
8.875192
5.932132
4.783989
0.704213
6.904697
6.900625
5.204628
-1.52378
1.9098
7.241648
6.571385
5.727715
6.889469
3.350656
5.146818
0.85919
5.241489
6.516054
5.211911
1.606745
2.289506
7.519577
4.506765
7.443274
2.604064
5.556652
1.829136
7.0137
2.073402
8.078292
3.88035
5.175197
0.970315
3.219392
3.189704
5.875934
5.213388
1.041029
6.863089
2.273413
6.263915
4.1382
5.574231
4.059948
0.499417
0.657581
6.645157
7.425233
1.734177
2.092665
4.017956
5.533259
7.749876
7.859397
5.094571
2.722841
4.895843
7.943466
7.081676
7.374968
6.958954
4.246807
5.073237
1.875543
4.787827
6.647586
4.577069
5.72087
5.68861
0.778798
5.236721
2.854805
5.671068
5.178859
1.986764
1.64255
2.388122
6.67786
5.51562
1.794515
3.72137
2.941764
7.024421
2.979859
2.625274
7.352661
4.533658
7.142743
3.49628
7.108523
2.633883
5.335903
2.136749
4.032858
6.339725
1.938515
