-0.06840679
0.3334278
1.108044
0.8910601
-0.5666953
-0.8824598
1.223408
0.6424758
0.2666572
-0.1071881
0.5787064
1.055632
1.060945
0.4645852
1.629621
0.3408740
-0.6436032
-0.05680421
0.9533892
1.508267
-0.835532
-0.5462152
0.5627617
0.7021962
0.8951525
-1.448168
-1.299362
0.3626765
0.3710695
-1.807488
1.214218
-2.324777
0.3230346
-0.7473203
-2.288173
-1.058938
0.9133707
-0.4854023
0.718484
1.264573
0.918046
0.701633
0.8326287
-1.460517
1.122331
0.05210198
-1.317274
0.1481439
-0.4472154
0.9696341
1.423491
1.233390
0.543755
1.400163
0.5468462
-1.826175
-0.8557043
0.9510289
1.644946
0.2444418
-0.2125284
-0.2537609
-1.713036
1.241380
0.867919
-1.101760
0.631312
0.5338646
0.6168232
-0.8631368
1.018321
0.6287948
0.9823692
-0.2421579
-1.620654
1.673157
-0.1700719
-1.101760
0.7741125
-0.4550824
0.9532822
-0.2311143
-0.7502518
1.482920
-0.7523242
0.3275455
-1.282334
0.788402
0.3075301
-1.344936
-0.71796
0.5389929
-0.08758982
-0.5220726
0.9936056
0.5572291
-0.330839
1.089745
-1.495056
-1.476294
-1.264255
-1.523667
-0.788337
-0.8247193
-0.8578483
-1.093873
-1.749346
-1.062329
-2.958344
-1.083605
0.6294155
-0.850666
0.02599313
-0.08204822
0.9399283
-1.60123
-0.1182477
0.9808596
0.5277023
-1.583754
1.494203
0.5895092
0.4973263
0.949375
0.9442388
-0.7238183
-0.0936145
0.766722
0.1335589
-0.2145936
1.564093
-2.463474
1.348180
-0.9479174
-0.8362771
0.1274947
0.2094738
1.051705
1.252923
1.225648
-2.136622
1.593178
-1.482777
-0.8665028
0.8400278
1.189908
0.6920943
0.9115534
1.187655
-0.1000125
-0.6666919
-0.3648101
-0.8490297
-0.08001926
1.146422
-0.5133653
0.8244493
-0.1158794
0.6407635
-1.50285
0.1786910
1.340845
-0.6387912
-1.60123
-1.248264
0.3233127
1.430033
0.4172752
-0.9477859
-0.01187194
0.5139402
0.1687225
-1.978298
1.317452
0.3001896
-1.242252
-1.786637
0.4291408
0.4088469
0.986856
1.521462
-1.251708
0.6408998
0.9154666
0.08457957
-1.843924
1.049216
0.9321781
-0.2395926
0.6505181
0.1979938
1.325721
-1.156093
-1.478861
0.1913866
-0.02593707
-0.9362356
0.7499214
-0.7750764
-0.1686957
0.9582153
-0.1649615
0.4777431
1.296788
-1.939061
0.596838
1.55646
0.4509363
0.8854313
-0.005005032
0.0789027
-0.5319898
0.1174389
-1.099571
-0.2232025
0.4863539
0.7877012
0.8121034
-0.9918514
-0.6669078
0.8735677
-0.3039515
0.308304
1.223352
1.306899
0.314603
0.2066281
0.5631402
0.5770658
0.3813595
-0.7121888
-0.8443539
-0.3884343
0.1734916
-0.8578483
0.493561
-1.053777
0.3093522
-1.736031
-0.8577894
0.4223149
-0.727436
1.419818
0.8063606
1.309579
1.32266
-0.2012595
0.2816956
-1.843604
0.3989886
1.911416
-1.028080
0.3271364
-0.6033156
0.9031887
1.682167
-1.669958
-0.7469277
0.8460553
-0.935292
-0.5631972
-0.3526844
1.341923
0.9977045
-0.6407485
0.972575
-0.5980375
0.6543725
-0.1253356
0.7452616
-1.899435
-0.03799398
0.4915161
-0.3010888
-1.373504
0.1336603
1.564480
0.1514940
-0.6447126
0.3140987
1.071945
-0.01997602
1.161545
0.7314076
1.078906
-0.05374262
-0.7268101
0.5715888
1.697869
-1.017841
1.484432
1.183651
-1.244874
0.8861981
-0.2303371
0.6612031
1.114688
0.9422362
0.4587331
1.059304
-1.541573
1.121856
0.04501451
-0.5373985
-0.5133474
0.8565277
-1.684463
-0.5201997
0.5404398
0.4712415
-0.9976763
1.530947
2.07331
-0.2699889
-0.2548001
-1.042991
1.262172
0.04382493
-0.05773834
0.1884989
0.9223175
1.072399
-0.4418034
1.378747
-0.2191851
-1.20782
-1.455758
-0.8712319
0.4430768
1.055306
1.285795
-0.2558224
-0.295584
0.2720828
0.4340471
1.057275
-0.1589109
-1.414909
0.851249
-0.9489542
0.9919353
-0.9649965
0.9084253
1.046755
0.7889662
0.6622913
0.9620607
0.706099
0.3920835
0.1395497
-0.08757662
-1.766058
1.792526
1.027464
0.1571755
1.279223
-0.7443464
0.3338364
1.592293
-0.4096623
-1.36639
0.7383391
-0.3035632
0.1294232
-0.6076653
0.679714
0.5376582
1.072400
0.4508406
1.143914
0.04566679
1.459126
1.256116
-0.5369197
-1.322663
-0.1214535
1.339079
0.9504256
-0.9190806
-0.6699076
0.2469317
0.1787339
0.1399658
0.1060447
0.001183195
0.591778
-0.7686577
-0.722606
-0.08641297
1.052771
-0.9425308
0.2749064
-0.3581563
-2.119011
-1.337753
-0.04805586
0.7756268
-0.2268537
-1.337753
-2.045149
-0.4040981
0.6934719
0.7266079
-0.1119916
-1.033792
-1.448168
-1.774851
-0.7521785
-1.430162
1.150088
0.2973914
-0.2116843
0.3269677
1.035628
0.2918041
-1.438563
0.7292863
-0.9559366
-1.932691
-0.5514132
-0.9651893
0.800229
-1.121096
1.127779
-0.860981
0.1360191
-0.6080074
0.6848767
0.4632368
-1.280472
-0.7322551
-0.0799891
1.946438
0.590399
-0.3362656
-1.258263
1.296984
-1.996641
1.113623
-0.5807218
0.411876
-0.4653884
0.5792842
0.5778656
-1.850948
-0.04923789
0.7116633
0.8301096
0.2874775
1.166277
-0.7958637
1.260988
-0.4442617
-1.577778
-0.4711548
-0.598127
0.3732168
-0.7622687
-1.178577
1.239124
1.220930
0.3773718
-1.538845
-0.6627631
-0.02632684
0.6132384
-0.40465
-1.232584
-0.9836573
1.517948
-1.925412
0.9322031
0.04827358
1.432360
-0.04730555
1.143154
0.2221896
-0.04819867
1.452956
0.8362399
0.7623087
-0.721778
-0.3091962
0.9026156
-1.355349
-0.8294102
1.275594
1.180979
0.6606187
1.011344
1.673161
0.9493572
0.8819856
-0.5576071
1.428661
-1.904134
-1.009414
-0.02371252
1.559598
-0.758616
-0.034093
-0.1943068
0.8240882
-0.01244693
0.1592012
-0.9555582
-0.8094222
0.7373974
0.5401693
0.8258787
-1.344866
0.09835014
0.4057434
-0.3084247
0.432653
-0.9042454
0.6447244
-0.92714
0.2136769
-0.3726663
-0.924084
-1.604660
0.8531182
0.147042
0.616218
1.019544
0.2421286
-1.555173
-1.405006
-0.2835351
-0.6816403
1.028772
-1.616975
0.2079397
0.7418857
-1.324909
0.9110043
1.181785
1.313911
0.924198
1.366230
0.03427725
0.805072
-0.9102305
-0.8477793
-0.4978872
-1.585101
-0.5624776
-0.2094168
0.9722428
0.8193158
-0.999453
1.014719
-1.310684
0.9806226
-1.618841
0.7910809
0.6352271
0.7609014
0.5995032
-0.1110938
0.9463083
0.5823383
1.462282
-0.7017249
0.1818460
0.867503
0.5337369
1.411574
0.6983357
0.1598709
0.3620478
-0.5821493
0.505133
-0.2804641
-1.819850
0.6512746
-1.640818
1.014121
0.3019937
0.937946
-1.340911
-0.6432063
1.100063
-0.5181688
0.7291732
-1.371056
0.6684235
-1.34314
-0.9537865
0.02787222
-1.050925
0.6309241
0.6635846
-0.1014636
-1.184532
-0.9539025
-1.006484
0.9752483
0.1278326
0.2655407
0.2826985
0.6661193
1.233326
0.1951641
1.345750
1.235788
-0.283997
0.4210132
0.8304937
1.285418
-1.029108
1.163491
-0.8711824
-0.962754
1.231099
-0.9960046
-0.8229034
-0.8923445
-0.6857331
0.1723595
0.2807864
-1.005671
1.037369
0.06468298
-1.8412
-1.544543
1.159150
0.4745057
-0.1615408
1.057783
-0.2471004
-0.3030457
-0.4510546
-0.2960082
0.9822132
0.7881395
0.5310458
0.7532375
0.9155689
0.02571412
0.2021710
-0.3731527
0.1313815
-1.809460
0.1778262
-1.014001
0.3783922
0.4882433
-1.719676
-0.3343691
-1.403758
-1.324360
0.9686764
0.4838588
-1.304210
-1.048946
0.7938757
-0.728379
0.7261092
-1.232584
-0.4200414
-1.218488
0.4953845
0.518444
-2.136622
0.4424495
-1.507726
0.3673603
-0.02274493
-1.332297
-2.066929
0.3380961
0.4915985
-1.181344
-0.721778
-0.9687594
-0.9555582
0.6533544
-0.4357499
0.2166589
0.3229121
1.515757
-1.343578
-1.074004
-1.017906
1.407537
0.8490122
-1.291680
0.01933643
-0.6700523
0.2901418
1.104034
1.794974
0.1501983
0.276884
0.6028019
1.381491
-1.037688
0.8310136
-0.5634598
-0.6558137
-1.616975
0.6095651
1.084357
1.353939
1.048348
-1.188774
1.528075
1.362378
1.358834
-1.292158
-1.047493
0.9225225
0.2977369
-0.9762767
1.099388
-0.4805917
-2.187739
0.5272862
0.942209
0.9551495
0.2883947
-1.774851
0.4922617
0.342081
-1.414909
-0.8733198
1.841524
-2.126706
-0.318915
-1.410289
-0.06670019
-1.413291
-1.094030
0.8903753
-0.02719216
-1.378087
-1.020373
1.691474
1.534726
0.228975
-1.133262
0.2942101
-0.4903953
0.6623521
1.468146
0.9240736
0.7587433
1.328828
1.649703
-1.341140
1.299689
-0.01651711
-2.167883
-0.9473542
-1.344866
-2.528925
0.9435262
0.3572179
0.5941289
0.01805307
-0.5653714
0.2635098
0.7976269
-0.01002207
-0.3541775
0.3526702
-0.1268877
1.551307
-0.2580564
-0.02332511
-0.1878994
-0.9196207
1.231751
1.612330
-0.9663935
1.439943
0.783491
-1.187688
0.2361431
-0.1744484
1.145244
1.078569
-1.168218
1.620990
-0.09589892
0.6172374
-1.307155
0.1027121
1.543732
-1.029108
-1.443708
-1.791441
0.578926
0.3687507
-0.5429509
-1.158082
-1.081994
-1.026520
1.929907
0.6600404
-2.136622
-0.978867
0.5164377
-0.9128585
0.8085093
-1.006484
0.653912
1.123824
1.144539
0.9892602
-0.4329348
0.8681151
0.6678291
0.4240158
-0.8229034
-1.083243
0.285228
0.4509754
0.8109176
0.1104259
1.109560
-1.338567
1.019458
0.5890157
-0.6304778
1.605190
1.035592
1.636021
-0.8569311
0.7862491
-0.7017249
0.01275089
1.372841
0.4236152
0.3096090
-0.3794757
1.568580
0.4615515
0.2352938
-1.340685
0.7294682
1.586244
0.8215677
-1.340685
0.7573124
-0.2030627
-1.111879
-1.861056
1.398944
-1.741593
0.9089862
0.7859286
0.01340742
1.134357
0.389924
0.3190884
0.4326101
1.72137
0.625416
-1.682845
1.036786
-0.2148604
-0.5152255
-0.2353357
0.5791358
1.367015
-0.1809241
-1.059705
0.769645
0.5199852
0.6423372
0.5425527
-0.6146792
0.3301947
0.8590793
-1.187404
-1.829975
1.302374
1.491061
-2.136622
-1.083605
-1.101236
0.3064306
0.7245605
-2.136622
-0.5133474
-0.7616206
0.606192
-2.093163
1.169101
-0.5839785
1.144486
-0.8180645
0.4202954
0.8634695
-1.09993
0.9121119
-0.3268216
0.9864328
-0.9323313
1.405761
0.5872747
-0.09670296
1.509647
0.671058
1.081647
-1.222465
-1.039707
-0.02203892
-0.7361466
-1.147212
0.6224732
-0.2650953
-1.232509
-0.6495935
-1.533355
1.409275
0.3378694
0.3256084
0.3062279
1.617579
0.2499174
-0.1098156
-0.7597241
1.19263
1.167697
0.8413983
0.6287161
0.05886708
0.7359736
-0.998248
0.9133415
0.5969945
-1.032906
0.727196
1.415766
-2.066929
-0.8120856
1.087650
-0.2840861
1.354234
1.239601
0.9515572
1.204180
-1.637522
-0.7030827
1.210513
-1.545752
-1.384284
-1.766058
-0.4728199
-0.4926995
-1.291680
0.534623
-0.2137401
-1.519996
0.2930507
-0.4572621
1.513669
0.912971
0.813975
-0.4222117
-0.3906928
0.1563013
0.3960713
0.2112054
-2.258027
0.2528065
1.048695
1.858897
1.428054
1.475817
0.723403
-0.7130235
-0.6814928
1.139823
0.4207912
-0.1474714
0.9719265
0.4049252
1.379583
1.074416
1.436690
0.4743389
0.4651989
-1.693306
-1.291680
-1.719676
0.6528959
0.434984
-0.793429
-0.8504823
1.158193
0.5479882
-1.711402
1.388630
-1.145
1.247429
0.6833058
0.770565
-1.594357
0.4069951
-0.7476592
-0.3620752
-0.8369822
0.2613022
-1.176608
0.3923828
-0.4496511
-0.788058
0.54478
-1.846679
0.8237004
0.9303386
-1.353313
0.6007305
-0.2862409
1.283659
-0.2835690
0.4042234
0.04414259
-0.09374741
0.3553322
0.7625029
-0.8013497
0.506644
1.167535
-0.2568635
0.3949038
0.9454953
-2.136622
-0.8216705
0.8140165
-0.8592876
1.088106
-1.945217
0.3495073
-0.4972778
0.9918052
0.5910127
-0.6558137
0.7278653
0.04222768
0.8303472
0.5292345
1.184409
-1.310684
0.426247
0.5530562
0.7306177
-0.9333937
1.022271
-0.03165730
-0.909656
0.4950687
-0.02330672
0.3353135
-0.7649019
0.3010186
-0.9800599
-1.616975
-1.500839
-0.8180645
-1.316025
-1.219763
0.7722457
0.3387573
-1.573614
-0.8858522
0.779172
-0.9731105
-1.829975
-1.389427
-0.3140653
1.067771
0.1129281
1.388135
-0.5001254
-0.1815382
-0.02894682
-0.00563328
-1.131213
-0.4746325
1.713753
0.1221209
-1.028606
-0.1102860
-0.7396428
-1.351337
0.8999767
0.5497353
-0.447312
1.197999
0.651441
1.102195
-0.9477859
-0.5562229
0.5412999
-1.121096
0.4970741
-1.589886
-0.8554112
0.4248976
1.134988
0.2731786
0.05613493
-0.6627631
1.406634
0.5921904
-0.3540446
-1.282880
-0.787911
-1.057731
-0.4597139
0.6769395
-0.6766148
-0.3128582
0.1989307
0.3790548
-1.482777
-1.133262
-0.622945
-0.645207
-0.861005
0.2172282
0.7089391
0.07199244
0.3568912
1.194049
-0.04655664
-0.7725445
0.08598971
0.02011926
1.248299
1.075682
1.52158
-0.8198856
0.06124246
-0.2588741
-0.7648811
-0.8538427
-1.360384
0.4728142
-0.9855105
-1.669958
1.006775
1.213641
0.5418113
0.8372438
1.065145
0.8844944
0.228983
0.6718183
-0.7291501
-1.021945
-1.006484
-1.367144
-0.6010665
-2.041232
0.4663229
-0.5063692
-0.8141494
0.8814356
1.314977
0.4549664
0.4988778
1.331176
-0.598341
-0.2620003
0.1038272
-0.8700848
1.251223
-1.369829
-0.9512933
-1.455758
-0.01158350
-0.3908846
0.7558797
0.9687528
0.538179
1.150568
0.2745039
0.8575867
1.104409
-0.6258067
-1.571557
-2.514418
0.6468702
-0.071294
1.207739
-1.742741
-0.9661738
0.2505621
-0.8335177
1.105705
-1.172599
1.329374
0.9655418
1.097063
0.6806024
0.4501341
-0.7965773
0.4657352
-0.623282
0.8361282
0.8983314
-0.5222583
-1.443708
-3.046704
0.2907809
-2.937626
-0.9354952
-0.67703
1.017357
0.7155082
-1.618841
0.676519
0.3809315
1.684025
-0.5651211
0.3695411
1.357643
-0.0426401
0.1990561
-1.373504
-0.861005
-2.045149
1.174535
-1.342258
1.110315
0.3344845
-0.8825446
-1.422663
1.434171
0.7623285
1.009473
0.2504783
0.9961238
-0.3400087
-0.6844615
1.524432
0.6941666
-1.448168
-0.2324367
-0.1033993
0.5108598
1.233724
-0.2066324
-2.288173
-0.8304801
-0.9088326
0.1437919
-0.3809999
0.7351583
1.615613
0.9253485
0.9733607
0.6081799
0.0537162
-0.04589399
-0.940493
-0.959931
0.8677668
0.3645561
-0.4195667
0.7972126
0.1602319
1.345393
-1.058945
0.0476392
1.132482
-0.6153461
-0.1338092
-1.101760
0.4395755
-0.7270802
-0.5384867
-0.4055718
1.034353
-1.974318
0.7623007
1.182724
-0.822114
0.2684086
-0.05654358
1.663578
0.3529332
-2.066658
0.01722545
1.008993
-1.289216
-0.2971831
0.1707020
0.8875475
0.1121787
1.400783
0.06665916
0.6847881
0.08256239
0.8790876
-0.7934615
0.6691912
1.46547
-1.312194
1.286506
1.212296
1.330059
0.9760038
-0.7661192
1.512014
-0.06152857
-1.269215
-0.3141199
-1.350878
0.8664576
-0.9424507
0.2190069
-0.6610523
-2.851273
0.1310700
-0.5101859
0.3546285
1.264595
0.04212777
0.5167092
-0.4067614
0.8740126
0.3699332
0.6678178
-0.001074824
-2.584708
0.3880237
-0.7472949
1.492608
1.167810
1.303907
-0.3321666
0.5522545
0.1469100
0.7961319
0.4128002
-0.3209901
-1.527368
-0.914401
-1.083605
-0.9960046
-2.958344
0.1257216
0.6820762
-0.959931
-0.05288909
-0.09523155
0.4595314
-1.125832
-1.293971
0.3809315
-2.187739
0.5595149
-2.045149
-0.3147981
-0.1742952
1.338715
0.1727569
1.000625
-0.2863837
0.8444486
0.8676302
0.6734857
1.409450
0.1235725
-0.2792816
-0.2357166
-2.610941
0.4775697
0.6329305
0.6511916
0.2731720
1.086277
-2.584708
-0.6170084
-1.597306
-1.011070
-1.691111
0.1448759
1.271520
-1.533355
-0.4959166
-1.113082
-1.215751
0.3380749
0.287223
1.420222
0.5766407
-1.335915
0.07834515
1.021512
0.2726734
-0.8859517
0.993648
-0.9312054
0.4877404
0.855044
-0.05480117
-0.5113269
-0.2242144
-1.344936
1.475083
0.725217
-0.1532119
1.287239
1.277560
0.7803762
-1.303581
0.2652461
1.151362
-0.2229173
0.07414866
-1.546446
0.8628893
0.2317722
1.488175
0.4160744
1.082309
-1.101233
1.103325
1.854377
0.4673
-0.0738249
-1.996641
0.9256741
0.923755
0.1244241
-3.046704
-1.428443
1.084481
0.7685827
0.3709573
0.9184971
-0.749361
0.097178
-1.9236
0.1417969
0.742505
0.1278566
-1.571274
-1.249486
1.215470
-0.2044818
1.179508
-1.101233
0.2903346
-1.466460
0.9770477
-1.351337
1.478795
-0.4997139
0.1105532
-1.871226
-0.8112264
-0.8252185
0.4408136
0.1285527
-1.837898
0.9060641
-1.257070
0.6236708
-0.3781881
0.2986196
-0.4150686
-2.093163
-2.018619
0.8033518
1.171005
-1.511215
-1.342258
-0.4348596
0.2793094
1.324011
1.375628
0.07255377
-1.045253
-0.02110762
1.415251
1.009085
1.147315
0.9512457
-0.3270011
0.06249896
-1.444588
-0.07201604
0.8044966
-0.1713472
0.3677312
0.352527
-1.961489
0.1395497
-0.9830578
0.3442593
0.1122791
-1.392169
-1.554399
-1.203008
0.8187649
0.270996
-1.482777
-0.5746419
-0.9420737
0.9821006
-0.9241193
-1.091237
1.136802
-0.191807
1.037866
-0.6807278
1.021738
-1.087179
0.1862946
-1.321481
-0.4278363
0.6594003
-1.414909
