0.426051668682713
1.02150686250742
1.06574067690583
2.11459246831422
0.847974206021366
0.932188583433718
1.62036465743971
1.6433322149158
-1.07092268859261
-0.87629390523962
-0.828657489733643
-0.999297935278268
-0.862343240698584
-0.593537753200572
-0.887522488894601
-0.80875227325436
-0.652743012472286
-0.429532379815708
0.258303434079523
-0.844989975049978
-0.781021074227666
-1.02873043485875
-0.836483472281054
-0.73440543905396
-0.706163849861131
-0.706163849861131
-0.604085816634038
-0.399929750179851
-0.442462264024473
-0.195773683725664
0.255070963027332
-0.18726718095674
3.53943168210906
-1.06343696615596
-0.910319916315318
-0.791228877550376
-0.808241883088225
-0.689150844323282
-0.442462264024473
-0.502007783406945
-0.144734667112118
-0.204280186494589
-0.0341501311160998
1.16271480847157
2.39990057118394
2.85857120048435
2.8463218364971
3.42884714611304
4.0168166175011
-1.03043173541253
-0.89432769110974
-0.812665264528065
-0.639132608042007
-0.252937382332837
-0.501327263185431
-0.758223646806949
-0.554067580352762
-0.368625819990209
-0.368625819990209
-1.0117174293209
-0.739509340715315
-0.816067865635635
-0.782041854559937
-0.696976826870693
-0.705483329639617
-0.620418301950373
-0.67145731856392
-0.586392290874675
-0.543859777030053
-0.42476873826511
-0.322690705038017
0.349323013707014
0.502440063547654
0.349323013707014
0.978804218607424
1.40412935705365
1.18296028506161
0.0772850551568105
0.298454127148846
0.70336365894965
0.927935332049255
0.882000217097063
1.10657189019667
1.14059790127237
-0.999297935278268
-0.593537753200572
-0.887522488894601
-0.80875227325436
-0.652743012472286
-0.429532379815708
1.79866095547636
0.068778552387886
0.123220170109003
0.611493429045266
0.691454555073156
1.14059790127237
1.22055902730026
-1.0765369804201
-0.747335323262726
-0.653763792804557
-0.734915829220096
-0.624501423279457
-0.252767252277458
-0.37645180253762
-0.0317683103408009
-0.677582000557545
-0.212276299097378
-0.584010470099376
0.0422382637488418
-1.03740706768305
-0.868978312858345
-0.843458804551572
-0.770302880738822
-0.603575426467902
-0.453860977734832
-0.766900279631252
-0.722666465232845
-0.603575426467902
-0.622289732559536
-0.630796235328461
-0.525315600993797
-0.372198551153157
-0.576354617607344
-0.545731207639216
-0.365393348938018
-0.32456213564718
-0.509833765954355
-0.307379000053953
-0.247833480671482
-0.0419761136635103
0.0175694057189609
1.05876534463531
-0.424938868320489
-0.127211271408133
-0.24800361072686
-0.0931852603324355
-0.0336397409499643
0.869750853109812
0.774478022097858
0.722077965041284
-0.624501423279457
-0.590475412203759
-0.587072811096189
-0.553046800020491
-0.502007783406945
-0.331877728028455
-0.246812700339211
-0.249364651169888
0.254220312750439
0.335032089055221
0.772266331377938
0.862435260728537
1.18653301622456
1.27670194557516
0.918578179003439
1.29286430083611
1.70798163595963
1.87555974050744
1.9019298990911
