-0.511486
1.575913
-0.8994785
1.393522
0.9490155
-1.661482
0.3728571
-0.993855
0.01632353
0.7713359
0.367614
2.001726
0.5238596
-0.7421843
-1.731390
0.041952
-1.423793
2.544678
0.5779199
0.1351681
0.47772
1.281668
-0.6454798
1.138852
0.1072046
0.6441023
-1.115419
0.1072046
0.8225998
0.7066705
-0.7247071
1.899192
0.2120675
0.330912
1.659175
0.2749852
-0.2301041
-0.9249043
-0.1887462
0.4549997
0.9810616
2.679839
-0.7666523
0.1162928
-0.6617894
0.2030772
0.02097944
0.9251347
-1.279315
0.07845825
-0.9134602
0.5080114
-0.805102
0.6664731
1.694129
-1.560114
-1.148821
-0.6128535
-0.4800272
-0.07455759
1.680147
0.3472217
0.06525951
-0.2982650
1.120879
0.2575080
1.896864
-0.200393
-0.3227330
-1.282577
-0.3576872
-0.1526245
-0.3052558
-1.486710
1.537995
0.2959577
-0.2737970
-0.01163989
0.01632353
1.023007
-0.6303306
-0.6058626
0.8552262
0.2959577
-1.931795
0.06525951
-0.61472
0.4182977
-0.6035346
0.996791
0.05360576
0.47772
-1.076585
0.08273665
-0.5813946
0.2889669
-0.566539
-0.3898452
1.463431
0.08623208
-1.228049
-0.7666523
1.127870
-0.1462139
-1.811286
0.3379029
-0.1714369
-0.4730363
-1.829262
1.225741
0.6455005
-0.7823817
0.1980858
-0.6561968
-0.7537471
0.4497566
1.316623
2.294175
0.7769286
0.9391164
0.1468148
1.673156
0.1631315
1.657776
-0.9577403
0.862217
0.8097856
-1.247861
0.6306449
0.7084182
-0.7876248
0.53889
-1.302618
-0.03960332
0.3145954
-1.151149
0.668801
0.6420051
0.862217
1.309632
0.1072046
-1.523412
1.232732
-0.8552054
2.521378
0.3728571
-1.969079
0.1328331
0.06805586
0.6155377
1.095243
0.9996992
-0.3402101
-0.894585
0.1848800
0.4847108
-0.03680697
1.122277
-0.9224505
-0.6198443
1.096411
0.7800745
0.04149061
-0.6757711
0.4683942
-0.5639175
-0.7177163
-0.731698
0.06991542
1.690633
-0.1211656
0.379848
0.3239212
-1.130177
-0.05358503
0.9763987
0.3746049
0.0128281
-0.2423381
0.4525529
1.484403
-0.2877787
-1.470107
0.5322486
0.7783268
-0.858533
-0.06756674
-0.878506
-2.021511
2.756739
-0.8994785
-0.1304844
0.2633314
-1.095222
0.8202719
-0.3000127
1.064952
1.729083
0.2805779
-0.9973505
-0.2213656
0.8101701
1.313127
1.131365
-0.1770925
0.1980858
0.112287
1.078934
0.6988058
0.2295446
-0.01513532
0.3938297
0.1607965
0.9973712
0.5811846
0.3169303
-1.973449
-0.337218
0.6035554
0.06246317
-0.1836149
1.344586
0.5686011
-1.360875
0.6315188
-0.8342329
0.3400001
-0.3192375
2.293007
0.2330400
1.733278
-0.4101186
-0.3681735
-0.2609827
-0.4835226
-0.5653156
0.3029486
0.9094053
0.3518846
0.3379029
-1.194262
1.274677
1.704615
0.5231605
-0.05358503
-0.4206049
-0.6547986
-1.668473
0.526656
0.6944365
-0.5476078
-0.1724296
2.134553
0.5930691
0.7713359
-0.2143747
-1.207076
0.8482353
0.1456543
-0.7736431
-0.3978847
-0.9868642
0.7468679
0.1340915
0.2190583
-0.3262284
0.1910949
0.1421589
-0.3378821
-0.780634
0.8587216
-0.3681735
1.224343
-0.2661070
-0.2965172
-0.8668592
0.6708424
0.3518846
-1.983061
1.078934
1.134860
-1.095222
1.773825
-1.965002
-0.1081137
-0.02562161
0.8412445
-0.4031278
-0.6443123
-1.352486
-0.6897529
1.388279
-0.3774993
-1.767743
-0.00931194
0.001558840
0.05826866
-2.140355
-0.4101186
1.112720
-0.927442
0.3938297
-0.4380821
0.428784
-0.0885393
-0.2213656
0.3402308
-0.6478077
0.4078114
0.4445134
0.4217931
1.459935
0.862217
2.085617
-0.1794204
-1.367866
-0.5918809
0.01632353
-0.6250874
1.274677
1.376045
0.4078114
-2.662922
0.8552262
0.379848
-0.1165027
0.1945903
0.09322293
-0.6408169
-0.4485684
0.6897736
2.466618
-0.8645242
-0.05591997
0.0879798
-2.486403
-1.186104
0.2982857
-1.193094
0.6650749
-0.1804201
1.057961
0.1631315
0.3448937
-2.516114
1.998231
0.7014273
-0.7115084
0.1875995
1.036988
0.3938297
0.2120675
0.1002138
0.1607965
0.4917017
0.1176909
0.60006
-0.4625501
0.6664731
1.645193
-0.5048867
1.973763
-0.6388245
-0.782969
-0.58489
0.992247
0.6804548
-0.2253643
-1.095222
0.7573542
0.5126743
-0.05358503
1.836274
-0.9903596
1.089420
1.293315
-1.297957
0.4217931
1.528676
-0.6076103
-0.58489
0.2180586
-0.7177163
-0.07455759
0.6944365
-1.283976
-0.9554054
-0.3856507
0.04428695
-0.682762
0.2307051
-0.7037346
-0.7713152
1.757046
0.428784
-1.013667
-0.07455759
-0.3611827
-1.017058
-0.1103857
-0.004649039
1.267687
0.2400309
0.578584
0.7270558
1.459935
-1.088232
0.4054765
-0.04309874
-0.780634
-1.227587
0.2120675
0.8929768
-1.269994
-1.394665
-0.878506
-1.755858
-1.116195
0.7573542
0.3919212
-0.2213656
1.236228
2.02969
-1.824602
-0.01583441
0.7258953
-0.6554348
0.35538
-0.7014066
1.123207
0.1211864
0.3658663
-0.4415775
-0.1304844
2.460208
-0.4870181
0.6210325
0.07924122
-0.558926
1.458768
0.006536329
1.040484
-1.158140
-0.1304844
-1.015995
0.1281772
-0.3518638
0.6385096
2.379233
-0.5545987
-0.6478077
-1.145557
-0.6048699
-0.5044952
0.9985387
0.1141955
1.778019
0.1980858
-0.5149815
1.246714
-0.04309874
0.7237981
-2.331206
-0.8505425
0.8608188
0.2773131
-0.2930218
-1.338504
-0.3887616
-0.1479616
-1.684202
0.3448937
-1.322425
0.2330400
3.302026
-0.4345866
-0.9064694
-0.6268352
-1.584582
1.652715
1.195443
-0.2073838
-0.8505425
0.1631315
-0.6023672
2.493414
0.1910949
1.025803
0.3518846
-1.219793
-0.631498
-0.3576872
-1.140663
0.4225691
-1.490206
0.06945403
-1.102213
0.09322293
0.6012204
0.07690628
1.288659
-0.3511997
-0.1916544
-0.6128535
-0.7107254
-1.611769
-0.3495359
-0.09553016
0.6210325
0.379848
0.3588754
0.8042908
-0.7526706
0.3828401
-0.001153612
-0.175925
0.915809
0.5720965
1.025335
-0.3611827
0.7247279
0.1472413
-0.1374753
0.379848
-0.6198443
1.941137
0.5476285
-0.3402101
-2.094915
-2.8709
0.1792943
-0.5918809
-0.2539919
-0.780634
0.2074046
-0.6722757
0.08123362
-0.07455759
-0.7200512
-0.0500896
-0.5009998
-1.745372
0.2924623
-0.1095119
0.2365355
0.06665768
0.3127358
-1.546133
1.201274
-0.04659417
-0.7421843
-0.1479616
0.5532212
-1.082115
-0.4083709
0.1305052
0.4986925
0.5301514
1.684803
0.902764
-0.1165027
-0.4520638
-0.993855
-0.4258481
-0.756166
-0.1374753
1.833946
1.027201
-0.1165027
-0.3472009
-0.5226714
-0.2120467
0.1491498
0.3518846
-0.969387
0.3116872
0.7713359
-1.646102
-0.6233397
-0.4677932
-1.07425
-1.029977
-0.2367454
-0.5778992
0.2428272
0.9344535
-0.8575334
-0.05917771
0.3518846
0.8587216
0.5606105
0.7293908
0.8027947
-1.123186
0.002341816
-1.514674
0.07924122
-0.5457412
3.099291
-0.4241004
-0.2167096
-0.6408169
0.6717162
1.628212
-0.04659417
0.8572186
0.3355679
-0.8016065
-0.2842833
-0.9484145
-0.3234320
1.183796
0.1945903
0.4078114
-0.05708045
0.3776948
1.253705
-0.792868
0.6856979
1.518484
0.281976
1.036988
-0.1252413
0.2679943
-1.236207
-0.723309
0.8342536
-0.6023672
1.638202
-0.7077333
1.473917
0.8062902
-3.646885
-1.318930
0.3099394
1.407504
1.190787
-0.1724296
0.8319187
0.9880524
-1.521665
1.632372
-0.0787521
-2.262695
0.2022803
-1.079843
-0.568112
-0.7946157
0.5196651
0.3588754
0.960089
0.7923085
0.7317187
-1.620410
-0.1374753
-0.9589008
0.2312923
0.7573542
-0.4940089
2.351269
1.533339
1.792001
-0.7456797
-0.4310912
-2.318622
1.676652
-0.2737970
1.209760
0.7783268
-2.070447
-2.066951
-1.011332
1.615670
0.3770517
-2.141309
-0.5429449
0.7981318
-0.0932022
2.284856
-0.9903596
-0.1980650
-0.6198443
0.9076576
-1.310541
-0.4241004
0.5134502
3.057346
-1.394082
-1.166529
-0.2539919
-0.2283564
-0.3192375
0.2889669
0.8552262
-0.1025210
1.176806
-0.1328194
0.5056834
-2.563302
1.757046
-0.9064694
-0.09553016
-1.304948
0.7084182
-0.3202372
0.0512778
-1.535646
-0.9857037
0.526656
-0.9239465
-0.8715151
1.787338
-0.1724296
-0.5709083
0.2277969
-0.3611827
-0.3252357
-0.02562161
0.2749852
-0.2772924
-0.9064694
0.7853176
2.679839
-2.025006
0.5042852
0.2644989
-0.3332192
-0.03960332
0.6385096
-0.1095119
0.1369158
0.1945903
1.528341
0.9950433
-0.8365608
-1.355632
0.04079152
-0.09203473
0.5231605
-0.2311528
-0.5219723
-0.2772924
0.5965645
-0.3891461
-0.03960332
-0.8155883
-0.1899067
-0.247001
0.8604693
0.04428695
0.281976
1.019511
-0.0439726
0.8788203
-0.1374753
1.120879
0.428784
0.4497566
0.8855175
0.4584951
-0.5709083
-0.2073838
0.1474021
-0.1081137
1.327109
-2.295320
-0.1095119
1.912593
0.1351681
-1.004341
0.1945903
0.3711094
0.47772
0.1631315
0.2218547
0.866873
-1.018323
0.2931614
-0.8016065
0.6996796
0.1781059
-0.2633107
0.1491498
1.541728
0.7447706
0.2050766
-1.927134
0.8741993
0.9297906
0.5161697
-0.3332192
-0.3565268
0.6070508
0.668801
-0.2423381
0.2889669
-0.8924877
0.1875995
-0.9428218
-0.6443123
-1.346893
0.5224615
-1.202882
0.6217316
0.7853176
-0.09553016
-1.212319
0.9670798
-2.584275
0.7084182
0.9950433
0.1701223
0.3630699
-0.709565
-0.08504388
-0.01163989
0.4917017
-1.223393
1.566790
0.862217
-1.521665
0.428784
-0.05358503
1.067280
-0.4846901
0.7573542
-1.172122
-0.4800272
-1.294462
-0.625437
-0.2975659
-0.3891461
0.4823759
-0.05824793
-0.9115587
1.246714
0.5713974
-0.3821552
-0.7946157
-0.719464
2.760234
0.6315188
0.6774557
0.1211864
-1.07425
1.246714
0.5546194
0.5790874
-1.256012
-1.432182
1.010773
1.139230
0.3029486
2.197470
1.486151
-0.06057588
0.2283771
-0.4870181
0.4660662
0.1211864
0.3623709
-0.2493290
-0.2598153
0.4008206
-1.736983
1.365559
0.2749852
-0.7946157
1.194283
-0.07280988
-1.235040
0.35538
1.117383
0.07924122
-0.925114
-0.631498
-1.668473
-1.144158
0.3938297
-0.3961369
1.243219
-0.2982650
0.8552262
1.815770
0.6652007
0.5490267
-1.773335
-0.920451
-0.7177163
-0.3576872
0.5904475
0.2190583
-2.073942
-0.2343546
-1.983061
2.022699
-0.07455759
-1.214067
0.9694078
0.2435263
0.2120675
0.619865
-1.684202
-0.858533
1.344586
0.1747783
0.5080114
0.01132507
-1.885189
-0.1398102
1.501880
0.5336468
0.2225538
-0.3611827
1.517022
0.3961577
1.386531
0.3029486
-0.2318518
-0.2283564
0.0512778
0.3472217
-0.8924877
-0.2510767
0.3483892
0.0128281
1.873095
1.435467
-0.6783927
-0.2301041
-0.70723
-0.6348257
2.078626
-1.34165
1.009025
0.4917017
0.5895737
0.7333825
1.271182
-0.1444661
0.3483892
0.1526452
0.6594822
0.7119136
1.407504
0.2085720
-0.2563198
0.2167234
0.7293908
1.134860
-0.8304438
1.8689
0.911153
0.3693617
-1.379517
0.09088799
-0.9996854
-0.08154845
0.9740707
0.7363816
0.3693617
0.9810616
1.162824
2.139796
0.1526452
0.7541733
-1.865964
0.5616102
-1.023916
0.2554108
-1.31124
6.870298e-06
0.06945403
1.351577
-0.3402101
-0.3611827
1.984249
-0.8289408
-0.4492674
0.8761987
0.6664731
2.225434
-0.5569266
1.113888
-1.046286
0.5499565
0.8482353
0.5126743
-0.03261246
2.327298
-0.1689341
0.05407415
0.1421589
1.166319
-0.6250874
-1.428453
-0.1165027
0.4148023
-1.184356
0.3658663
-0.5499358
-0.363979
-0.9414236
1.522853
0.7783268
-0.0500896
-1.850235
-1.246029
1.056563
-1.974517
0.3184263
-1.687115
-2.018015
-0.429693
-0.4590546
-0.2435056
0.379848
0.990674
-0.1794204
-0.01163989
0.5825828
-0.04426622
-0.7526706
0.2167234
0.4054765
1.596257
0.4986925
0.2330400
-0.1844189
1.416823
0.7992993
1.667039
0.7363816
1.385133
0.05826866
-0.2108793
-0.5149815
0.3029486
0.3269132
-1.290966
0.4660662
0.2062371
0.9461073
-0.2516639
-1.633518
-2.176009
1.115636
0.6548193
2.242561
-0.82957
2.640222
0.9586908
0.4602428
-0.6245072
1.455042
-0.5723065
-0.2772924
2.02969
0.09322293
-3.968464
0.3606232
0.4637383
0.5948168
-0.6722757
-1.888297
0.3711094
-0.1724296
-0.7946157
2.169507
-0.1631108
0.1351681
-1.884191
-1.745372
-0.1165027
0.1141955
0.4497566
-0.5918809
-1.004341
0.9391164
1.113888
-0.7456797
0.03030524
-0.5968793
-0.06756674
-2.902359
-0.0547525
-0.6058626
0.8936759
1.987745
0.4101394
-0.5373522
0.4986925
-2.126374
0.02971801
2.341943
0.575592
-0.2563198
-0.7436873
1.792001
0.4063084
0.588574
-1.780326
-0.3541918
1.154085
0.428784
1.519357
-0.4898144
0.6018077
0.3099394
-0.8365608
1.323613
0.1250663
1.673156
-0.5027475
-0.07455759
-0.1491290
0.09322293
-0.2318518
-0.58489
-0.02329365
-2.472421
-0.920451
0.2610035
1.400513
0.3623709
1.673156
0.07524246
-0.2772924
0.8342536
1.773825
-1.497197
-0.1374753
-0.633826
0.281976
-0.07455759
0.2058526
-1.510014
0.1631315
-0.1462139
1.023007
0.5336468
1.847928
0.3099394
0.1771132
0.7538588
1.043979
1.414495
0.575592
-0.2027279
0.330912
0.6594822
-1.045021
0.6489959
1.127870
-0.6757711
0.4995664
-0.7946157
1.029998
0.1141955
-0.8197828
1.309632
0.9286301
0.3169303
-1.381848
2.616922
0.8062902
-0.4590546
0.862217
-0.6757711
-0.3495359
1.117383
0.4095591
-0.02562161
-0.09859215
-0.08714113
-0.8645242
-0.3751644
-0.9623962
-0.3767233
0.2679943
1.127870
1.379540
1.528096
-0.09203473
-0.6617894
0.04009243
0.6866627
0.5476285
-0.7205126
-0.5219723
0.7066705
0.7992993
-2.035493
0.624528
-1.252517
0.9903804
0.5569473
1.071943
1.050970
0.1165235
0.6315188
-0.1234936
0.1412851
-0.1864113
-0.8365608
1.223407
0.306444
-0.3520945
-0.3489487
-0.4555592
-0.2493290
-1.364370
0.2428272
-1.724399
2.721785
0.3672645
0.5571571
-0.3332192
-1.535646
1.504502
0.1055268
0.07225037
-0.09553016
1.288659
-0.633826
0.776579
0.3658663
-0.1234936
-0.3751644
-1.057940
1.168647
0.6385096
-0.2493290
1.710438
0.1054569
6.870298e-06
-0.295937
0.4555799
-0.8278223
1.369550
-0.3227330
0.06525951
-1.148821
0.4148023
-1.151149
-0.9484145
2.641390
-0.6450114
2.653624
-0.3378821
0.4385712
-0.7456797
0.2522649
0.4567474
1.219743
0.04809696
-1.060268
-0.200393
-0.3856507
0.8435724
-1.595069
-0.1025210
-0.8715151
-0.5499358
0.9321256
0.07690628
1.689466
-1.344896
-0.6478077
-2.711109
-1.014828
-1.595069
0.7783268
1.493967
0.4231913
0.4882063
-0.5499358
0.9251347
0.4469602
-0.8732628
0.06525951
-0.3856507
0.3845039
0.4078114
2.588958
0.5056834
-0.7736431
1.424708
0.1037092
0.4252886
0.009332671
0.2033289
0.6542391
-0.4310912
-0.4073223
0.4427657
1.379540
0.6105462
1.652184
1.019511
0.3938297
-0.4241004
-0.1328194
-0.6478077
-0.731698
-0.4450729
-0.535954
0.1526452
0.2050766
0.6874456
-0.4590546
0.2120675
-1.419598
1.594859
-1.556619
-0.3412098
1.042581
1.767533
-0.3472009
0.5825828
1.047971
0.3751851
-1.110952
1.029998
-1.602059
0.6058833
0.911153
0.2924623
-0.6058626
0.9903804
1.099906
0.624528
-0.2273637
-0.3472009
-0.8330654
0.4683942
0.7270558
0.1374960
-0.3402101
-1.176785
-1.193094
1.078934
0.5476285
-0.2663098
-0.3142461
0.8264798
-1.934125
1.009025
1.603248
0.4415982
-0.6961145
0.08098894
0.7748313
0.03030524
1.098739
-1.724399
1.743065
0.4567474
-0.5953763
-0.8505425
0.3466414
0.7049228
-0.878506
-0.4351739
-0.8365608
-0.8874962
0.04428695
-1.018323
-0.6198443
-0.8994785
0.2610035
0.2120675
0.764345
-0.9903596
-3.029359
-1.682454
0.3868389
0.8925084
-1.661482
-0.3136448
-0.3402101
-0.03261246
1.898611
-0.796615
0.575592
-0.6594615
0.8831896
-2.013821
0.06758747
0.2759779
-1.395829
-2.304640
-1.451756
0.5467547
-2.703702
-2.21842
0.09322293
0.3029486
-1.172905
-0.0885393
0.5196651
0.6664731
-2.269686
0.9880524
-0.8802537
0.4148023
2.055906
-1.138915
1.629939
1.477412
-0.6478077
-0.633826
0.6594822
1.344586
0.3681942
-0.5406169
-0.4497358
1.510032
-0.7135218
0.09322293
-1.426123
0.1211864
0.6578324
-0.2325509
0.09322293
-0.5813946
1.809478
2.286604
-1.886587
0.09322293
-0.2866182
1.680147
-0.4660455
-0.6035346
0.1482759
0.4357748
-2.139191
0.986885
-0.2143747
0.8971713
1.977258
0.7573542
0.1211864
-0.2563198
0.1771132
1.585071
0.4917017
-0.3332192
0.4800479
-0.1850131
0.3081917
0.5126743
-1.89218
-2.308136
-1.042791
-0.3279761
-1.624197
-0.1304844
-0.805102
-0.421304
-0.8645242
-0.3262284
-3.716793
1.090119
-0.4905135
1.599752
-0.3262284
0.6175371
0.05477323
0.575592
-1.082988
-0.8132603
0.4497566
-0.3122467
-0.3271652
-0.6897529
0.3638669
0.7037553
-0.0763053
0.9866542
-0.7267065
1.211760
0.5651057
-0.05638137
-0.06057588
1.064952
0.7363816
-0.5674129
-0.1537919
0.7806547
0.6996796
-1.519335
1.414495
-0.4241004
0.1538057
0.9146484
0.4602428
-0.6151884
-0.5759627
1.938809
-0.6408169
-0.07805302
-0.4823621
-1.659734
0.8062902
1.854918
-0.1025210
1.253705
0.5965645
2.092608
-0.06057588
3.875276
0.5783883
-0.6792666
-0.4905135
-1.067259
-0.920451
-0.5709083
-0.3751644
1.396318
-1.323591
-0.9088043
-0.3695717
1.328269
1.118082
1.246714
0.5301514
0.5476285
-1.976070
-0.4380821
-0.3856507
-0.609358
0.4602428
-0.3926415
0.2557603
0.2400309
-0.1916544
-1.077046
0.2199322
-1.871207
-0.2772924
1.533339
0.545007
0.4667304
0.7526913
0.2190583
-0.306654
-1.661482
-0.3751644
0.41655
-1.032305
-2.266191
-0.1654387
0.0635118
0.6664731
-1.137168
0.1806086
-1.318930
1.685390
-0.2283564
0.671129
-0.9484145
-1.754111
0.2493497
0.1910949
-1.172122
0.2505172
1.218751
-0.3926415
-0.5709083
0.8230682
-1.577591
0.7119136
0.8808546
1.057961
-0.1339799
2.837134
-0.5196444
-1.437774
0.9880524
0.1211864
-0.6880051
-0.1766241
0.730789
-0.920451
2.428169
-0.3595748
0.2470218
-0.4206049
1.313127
-0.1957371
-0.4520638
-1.367866
-1.116195
-1.787317
0.2470218
0.1141955
0.955426
-1.276985
1.49605
0.5616102
0.5476285
1.470421
-0.6268352
1.178204
0.1087007
-0.609358
-0.09727787
0.09322293
1.551977
2.393214
-0.4520638
0.4427657
-1.416802
0.2982857
-1.321261
-0.6268352
-1.444765
-1.514674
0.1666269
-1.21873
-0.5569266
0.2601785
0.8936759
0.5112761
1.549649
0.1281772
-0.07222964
-0.1850131
-1.263003
-0.2685538
1.064952
-1.207076
-0.6547986
1.719757
-0.6268352
1.225741
0.5528717
-0.8645242
-1.067259
1.016016
0.07225037
-0.3856507
-0.1339799
-0.633826
-1.07425
-0.5709083
-1.493701
-0.5219723
0.4882063
-0.8645242
-0.1213474
0.1924931
1.123004
1.917836
0.5126743
-0.9173471
0.8901804
-1.689445
0.4575234
0.01632353
1.050970
-0.03261246
-0.6652849
0.1788609
0.1141955
1.685740
-0.3346174
0.4525529
-0.8085974
-0.7054823
0.3938297
0.8602176
-0.2772924
-1.805493
-1.186104
0.6175371
-0.06931445
2.015708
1.377205
-0.926666
0.02680981
1.190787
0.5406377
0.2703223
-0.3239004
-0.4310912
-0.670528
-0.5499358
-0.03960332
1.302641
-0.1332808
-1.230384
0.2889669
-1.486710
-0.5791715
-1.473894
0.2889669
-0.3961369
-0.4800272
1.435467
0.3145954
-2.800991
-2.40426
1.036988
0.08623208
0.2498181
1.579164
0.6944365
0.3536323
-0.3367147
-0.2954686
0.7433725
-0.03960332
2.047167
0.6804548
-1.930630
-0.8505425
0.6734639
-0.3355542
0.8569739
-1.997043
-1.083576
-1.268001
-0.1234936
1.826955
0.3588754
-0.7386888
2.592454
1.201274
0.8412445
-0.8645242
-0.780634
0.05826866
-0.03261246
-1.004341
0.6594822
-1.745372
-0.9309374
2.763730
1.212389
1.138356
0.6967644
-0.03261246
-0.5569266
-0.7736431
-0.6687803
-2.940808
0.1054569
-0.2143747
-0.3681735
1.002034
-0.2423381
-0.1598460
-0.200393
-0.6268352
0.5485024
0.428784
-0.3262284
-0.02562161
0.2260492
0.6798186
-0.3052558
-0.5862882
-1.584582
-0.06291083
0.9656817
0.08623208
-1.388838
1.085924
-1.6475
-0.4310912
-0.2593189
-0.6163489
-0.2213656
-0.3052558
0.4357748
0.3612034
-1.186104
-1.764015
1.854918
0.5383027
-0.06581902
1.398178
0.367614
-0.2143747
-0.2283564
-2.015685
0.2493497
0.1141955
-0.7736431
-1.102213
0.428001
-1.179113
0.1910949
-1.283976
-0.6641244
0.9653321
0.288093
-0.6384889
-0.004649039
-0.682762
-0.8575334
-0.05358503
-2.178805
-0.920451
0.2749852
0.2400309
-1.993547
-0.2912741
-1.6475
-0.07805302
-0.9554054
0.2120675
0.7293908
0.428784
-1.203581
-0.3594349
-1.843244
-1.378352
-0.2283564
0.6851107
-0.295937
0.5196651
0.937949
-0.200393
-1.6475
-1.689445
-0.2178701
1.060757
0.2190583
-2.13686
0.5546194
0.4078114
1.454105
0.6455005
-0.2825355
-0.8994785
-0.4450729
-0.4031278
0.318678
0.2213863
-0.1444661
0.1841041
0.04428695
-1.142760
-0.780634
1.952790
-0.682762
-0.4275958
-0.01863075
-0.969387
-0.58489
-0.0004545262
-0.200393
-0.4310912
1.068447
1.589266
-0.3349670
-0.3751644
-1.137168
1.027663
0.07457832
0.01398858
-1.623032
0.3129315
0.05302552
-0.2619125
0.8552262
-0.08154845
1.089420
-0.633826
0.5930691
-2.054241
-0.976378
0.04428695
0.1677874
-0.535954
-0.5173164
-2.181136
0.04028818
0.9950433
-1.360875
1.227140
-0.9833688
-0.5709083
0.09497065
-0.1724296
-0.1427184
0.2155629
0.1281772
0.06525951
-1.283976
-0.6547986
-0.1766241
-0.01863075
-0.06756674
-0.7468472
-0.9169557
-1.053277
-0.02911703
-0.2143747
-0.731698
-0.2213656
0.8109461
-0.1884107
1.077186
2.0946
0.03030524
-2.052970
-0.08434479
-0.08504388
0.5872387
-1.064931
-0.01263959
1.543825
-0.5883855
0.3448937
-0.3804075
0.3169303
0.02331438
0.9996992
-1.875868
0.5039357
-0.7946157
1.615076
0.1910949
-0.7771386
-0.4846901
0.862217
0.4567474
-1.976070
1.187292
-2.290659
0.007584957
0.4497566
1.225741
-1.123186
-1.304948
0.3012009
0.5616102
-0.4776992
-0.2423381
0.4847108
1.281668
0.3472217
1.183796
-0.3681735
-0.1724296
-1.067259
-2.22075
-0.8645242
-0.609358
-0.5272155
0.2761457
2.498077
0.4917017
0.330912
-0.5499358
-0.3594349
-1.102213
0.1176909
1.865405
0.06176409
1.438963
0.03828879
0.2225538
-1.162335
0.428784
-1.479720
-1.626527
-0.1843140
-1.465738
0.4297767
0.7992993
1.486731
-0.7476791
-0.9857037
-0.2563198
-1.209411
-1.535646
0.7843599
-0.8085974
0.4707291
-1.724399
0.776579
-0.07689254
1.358568
-1.049083
-0.824914
0.379848
-0.4380821
-0.3472009
0.7014273
0.1002138
0.4252886
0.01865148
-0.004649039
1.526348
0.1910949
1.127870
-1.542637
-0.4241004
1.225741
0.8027947
1.169815
1.088252
-1.116195
1.449449
1.112490
0.8639647
-1.304948
1.113888
-1.022986
0.1677874
1.342251
-0.2213656
-0.6128535
-0.1095119
-1.249021
0.1235143
-1.906162
0.2903651
-0.02446112
-1.07425
-0.6617894
-0.3576872
-1.020658
-1.948107
0.379848
1.875891
-1.318930
0.5965645
-0.1724296
-0.2679736
-0.1131401
-0.7736431
-1.836253
0.4194582
0.3029486
-0.1172018
-1.165131
-0.2877787
0.6343151
0.4660662
-1.563610
-0.7918193
1.335596
0.6571473
-0.02562161
0.4765525
-0.4217724
-0.3961369
-0.3472009
-2.346586
0.2428272
-0.7433517
-2.283668
2.008717
-1.334659
-0.2703015
0.3868389
-0.4811947
-1.07425
0.268987
-0.6757711
-1.025314
0.281976
-0.01163989
-0.4077907
-0.2539919
-0.6478077
-1.099885
0.1037092
-0.4765318
-1.147654
0.3756535
-0.5476078
0.428784
-2.71011
0.2889669
1.624220
1.750056
-0.2877787
0.2861705
0.4963576
0.428784
0.2400309
0.06991542
0.8272627
0.1281772
-1.794308
-1.530986
1.211760
1.431972
0.1141955
-1.290966
0.6664731
0.5068439
1.379540
0.4614033
-0.0932022
-0.7841294
-0.1304844
-0.1374753
2.276698
0.4101394
-0.2749644
-0.7177163
0.6979319
1.092915
-0.7526706
-0.9996854
0.2901274
-0.7596614
0.9542586
-0.9973505
-0.2940704
-1.860721
1.405169
2.649541
-2.382539
1.459935
0.6524914
-0.4835226
-0.175925
0.6874456
0.03869426
0.2225538
-0.4870181
-1.127849
-1.023566
0.5085916
1.477412
0.1771132
0.3588754
0.3456697
0.02966907
0.1910949
0.5546194
-0.5918809
-1.448261
0.1631315
-0.3122467
0.7503633
-0.4975043
0.379848
-1.610548
0.06176409
0.4707291
-1.256012
-0.6897529
0.281976
-2.515764
-0.5079906
-0.2423381
0.843866
-0.04659417
2.467779
-1.40282
0.5406377
-1.271742
1.351577
0.4311119
-0.7060695
-1.472729
-0.7713152
-2.507375
0.02331438
1.321279
0.731488
1.847928
0.04253923
1.032794
0.3815957
1.274677
-1.221058
0.551124
1.385748
-2.884881
0.4182977
1.851423
-0.6501427
-1.334310
-0.0885393
1.174471
0.3393010
0.5196651
-0.1968976
-0.03960332
-1.095222
1.414495
-0.5569266
0.5464611
-0.8610288
-0.7223792
-0.2178701
-0.5761515
0.5686011
0.002341816
-0.4436748
0.1281772
0.03380066
-0.748476
-2.241723
0.2959577
-1.493701
1.320118
-1.109204
-0.8155883
-0.9484145
-0.2097188
-0.8854968
-0.2283564
-0.3215725
0.2025319
-0.5177778
0.6612299
-0.7736431
0.2243015
-0.3332192
-0.006396753
0.4357748
-0.003488557
1.316623
-1.812951
-0.2819553
-0.6408169
0.2033289
0.9880524
0.5336468
-0.1864113
-0.5173164
-0.4031278
0.9461073
1.009025
0.7340467
-0.1864113
-0.0885393
-1.40282
-0.9540072
-0.7631568
0.8692079
1.893368
0.4148023
0.1505479
-0.7157239
0.05477323
0.6552877
-0.151457
1.344586
-1.034926
-1.486710
2.218443
-1.591573
0.5284037
1.137852
-0.004649039
1.029998
-0.6757711
0.4148023
1.505376
0.2435263
0.5126743
-0.5611211
-1.119690
0.6289741
-0.004649039
-1.137168
-0.3472009
1.018554
-0.7833255
-1.025314
-0.08154845
-0.5289632
0.7457004
1.379540
0.4427657
1.582275
-0.05358503
0.575592
-0.2563198
0.9880524
-1.034640
-0.4194444
-0.7089777
0.6944365
-0.2586548
1.575284
-0.2536983
1.078934
0.02331438
1.526348
-1.068657
0.1806086
-0.1741773
2.379233
-1.196590
-0.03727536
0.3658663
-0.3332192
0.7223999
0.5103393
1.013681
-0.5953763
-0.3052558
0.3693617
0.01632353
1.204769
-0.2605143
-0.4031278
0.4986925
0.4427657
-0.02562161
0.7014273
-2.283668
0.3658663
-1.496032
-0.731698
2.092608
1.127870
0.3616718
-0.5709083
1.316623
1.062155
-0.7596614
-0.2493290
0.7713359
0.04778238
0.9201363
0.06525951
-0.2423381
-0.4201086
-0.5009998
-0.1584479
-1.833923
2.379233
2.889565
0.6594822
-0.535954
1.085924
0.7783268
0.3763526
-1.388838
-0.5709083
-1.144158
-1.635266
-2.455333
-0.3472009
-0.6571335
-0.1951498
-0.6198443
-0.3646781
-1.699232
-0.6792666
0.04603466
-0.1388735
-0.5184769
1.676652
0.7433725
-1.399325
-0.1409707
0.05826866
0.7136613
0.7433725
-0.1934021
-0.4380821
1.299145
-1.092895
-0.6981419
-0.001153612
1.924827
0.7652189
0.2889669
0.3658663
0.4182977
-0.6390692
0.3728571
-0.6364476
1.127870
-0.4225484
0.03962405
0.061065
-0.4147815
-0.06057588
0.6315188
-0.2038884
0.3169303
0.6105462
0.1037092
0.330912
0.862217
-1.004341
-0.08154845
-0.02562161
-1.225721
0.9740707
1.346914
0.7468679
-0.8971506
-1.529821
-0.3122467
0.7660928
-0.7369411
1.166319
-0.06756674
-0.3332192
-0.2703015
-0.977776
0.2854715
1.497385
-0.5189802
1.222246
0.6559868
-0.1095119
0.281976
-0.9367677
-1.216863
0.03869426
-0.2825355
0.3542125
-1.07425
-1.416802
0.003739987
-0.7778376
0.7433725
-3.136552
-0.4800272
-0.0500896
0.2470218
-0.3891461
-1.339902
-0.7107254
-0.03960332
-0.2563198
0.07225037
-0.1165027
1.710438
0.6049535
0.4217931
2.449141
0.6734639
-0.03960332
-0.4171095
1.885874
-0.2842833
-1.290966
0.1841041
0.07225037
1.120879
-0.03261246
0.09322293
0.3898309
-1.283976
1.903854
-0.2143747
-1.839749
0.8482353
0.330912
0.2610035
-0.6282333
0.9810616
0.8090865
-0.3320588
1.029998
0.575592
-0.7911203
0.1421589
0.1980858
-1.456999
-1.288636
-0.4031278
-0.6920878
-0.3262284
1.078934
0.1409914
-1.611547
-0.58489
-1.029977
0.8727033
-0.5219723
-2.196282
0.5790874
-0.682762
-4.010409
-0.8225791
-1.180860
-0.3961369
0.7818222
0.2085720
1.091168
-0.175925
0.4036169
-0.3830291
-0.2982650
-1.034052
-0.1374753
1.945800
1.393522
-0.01163989
1.019511
0.8692079
0.2190583
1.323613
0.3623709
-0.1095119
0.7503633
-0.04426622
0.9670798
0.00408953
-1.109204
-2.332604
0.7363816
0.4182977
0.8572186
-1.605555
-1.186104
1.861909
1.318370
1.097571
1.083589
-0.4800272
0.2376960
-0.3452086
0.5056834
-0.7992786
1.549649
0.7270558
0.9880524
-0.1427184
0.4008206
0.1107001
0.4148023
1.778019
-2.598256
0.7233926
3.329989
0.5196651
0.6210325
-0.07455759
1.396318
0.47772
-0.7876248
-1.738381
0.6280234
-0.07735393
-0.06848254
-1.109204
1.042980
0.1002138
0.3448937
0.1771132
-1.521665
-1.451756
-0.04283309
-0.3308913
1.218751
-0.8994785
0.01632353
-0.927442
0.6455005
0.2624016
0.1421589
0.4217931
-1.302152
-0.6722757
-0.3751644
1.786408
-0.9064694
0.7250215
-0.1829158
-0.01163989
0.7084182
-1.119690
-0.09413199
-1.486710
-0.4683804
0.367614
-0.1339799
0.9985387
-0.3297238
-1.729643
-0.8627765
-0.1654387
0.002341816
2.296503
1.313127
0.5895737
-0.1934021
-0.878506
-0.4520638
1.309632
0.8202719
0.1531416
-1.689445
-0.4730363
0.2602205
-1.169794
-0.5266352
-3.44415
-0.1567001
-2.668165
-1.007837
0.2516777
0.1421589
0.08623208
-0.05882817
-1.151149
-0.4520638
-0.5674129
-0.2772924
0.4986925
-0.805102
-0.3052558
2.263884
-1.34165
1.113888
0.6420051
-1.304948
-2.025006
-0.3629304
-0.05358503
0.379848
0.715409
1.099906
-1.860721
1.896864
-1.102213
-0.5499358
0.9670798
0.6355106
0.4917017
-0.1165027
3.143564
0.5860782
2.630903
0.6227802
-0.00604721
-1.242030
-1.165131
-1.414005
0.7223999
0.2400309
-1.752363
0.3518846
0.2947903
-0.006396753
-0.4007998
1.033493
-0.5079906
0.03030524
-1.232418
-1.825767
-0.00931194
0.4148023
-2.665835
-0.045196
-0.2668061
-0.780634
-1.710418
-0.4031278
-1.095222
-0.1409707
0.2015812
0.0512778
1.741317
0.6734639
1.071943
-1.085904
0.5988925
-1.605555
0.03612862
0.3903343
-0.7701477
-1.195429
0.3466414
-0.1374753
0.2889669
-1.226301
-0.6652849
0.8326946
0.1771132
-1.269994
-1.525859
-0.5866377
-0.5155687
-0.4152709
0.07924122
0.6175371
1.942304
1.078934
-0.06057588
0.9950433
0.3099394
0.6035554
0.1771132
0.1561406
0.7126127
0.03030524
0.4864585
-0.6068623
0.09088799
0.8761987
0.947855
-0.2772924
-0.5755712
0.5231605
-1.934125
-2.446555
1.132064
0.6425504
1.217352
-0.4048755
2.372242
1.861909
0.1351681
-2.551651
-1.280480
-0.780634
-0.4730363
-2.891872
0.4078114
1.838602
0.4707291
-0.3472009
-0.1864113
-0.8190837
-1.263003
0.2120675
-0.126989
-1.962089
-1.309609
1.141851
0.8097856
0.1794412
-0.3891461
0.3938297
-0.3386581
-2.108896
-0.5219723
-1.308444
-0.6058626
0.7992993
-0.2143747
0.3938297
0.8630909
-1.353884
-0.09553016
-0.1829158
0.1491498
0.1141955
0.624528
-1.069594
0.764345
-3.318314
-0.9987487
1.889873
0.7992993
-0.878506
0.475385
0.7343822
1.627716
1.084925
-0.2563198
-1.084736
1.134860
-0.939676
0.2400309
-1.283976
-0.4940089
1.116216
0.281976
-0.4870181
0.6524914
-0.58489
0.5895737
0.4346074
1.310897
-0.1607828
-1.367866
0.7573542
-0.2376822
0.08623208
-0.5825621
1.666165
-0.4776992
0.2784806
-0.03086475
-0.3367147
-0.1095119
-0.3192375
-0.69954
-0.1234936
-1.944611
0.979894
0.06246317
-0.5583248
1.186124
-1.290966
1.914341
0.7247279
2.02969
1.190787
-1.89218
-0.6523028
-0.3192375
0.1258423
-0.01863075
0.8849373
-0.971722
-0.4940089
0.2561099
0.8121136
0.3192583
-0.4197311
-0.6105255
0.6295194
0.2644989
-1.484380
1.504376
-0.1234936
0.9880524
2.688228
-1.754361
0.3379029
0.3504864
-1.068427
0.3781003
1.236228
-0.927442
0.575592
-0.516149
-1.343398
-2.512618
-2.474169
-0.2213656
-2.206768
-0.7689872
0.4707291
-2.482408
0.526656
0.4148023
0.1771132
0.005837244
0.5825828
0.04244136
0.7829827
1.190787
0.2400309
1.278173
-1.941116
0.3379029
1.979356
0.7806547
0.7870653
2.362916
-0.07455759
-1.689445
-0.1654387
1.183796
-0.9833688
-0.8487948
1.638202
-0.295937
0.6804548
0.07364854
0.8062902
1.987745
-0.7491751
0.3029486
-1.031312
-0.9302383
1.194982
0.526656
-0.4450729
0.6385096
-1.537977
0.4637383
-0.9221988
1.298272
-0.560422
-0.2325509
-0.2423381
0.764345
1.468674
1.764037
0.3868389
1.095243
-0.3635176
-0.8575334
0.9950433
-0.940354
-0.4380821
0.6930383
0.02331438
-0.1226197
-1.469233
-2.458439
0.5301514
-0.1724296
-1.230384
0.9530981
1.580527
-0.5336261
-0.9390957
0.7713359
0.9204718
1.605576
-0.2884778
0.9810616
-0.04892912
1.330604
1.120879
-1.523063
1.040484
0.9565936
-0.4590546
0.281976
-0.731698
-1.102213
1.232732
0.8202719
-0.04659417
-2.122878
0.4607392
-0.3052558
-0.734033
1.805982
0.813281
-1.439522
-0.5918809
-0.6187467
0.2610035
1.11214
1.170884
-0.8155883
0.761346
1.300306
0.8831896
-2.031997
-0.2038884
1.743065
0.2510135
2.466618
0.5616102
0.70242
1.819964
1.365559
0.2120675
-1.822271
0.4819145
-0.200393
0.2190583
1.750056
-1.147654
0.1561406
0.07924122
-1.695038
-0.4870181
0.3099394
0.8727033
0.63751
0.8272627
-0.3751644
-0.1095119
-0.6757711
-0.7736431
0.3029486
-1.202882
-1.004341
-0.8645242
-0.9554054
-0.4580619
0.8901804
-1.146493
0.3518846
0.2260492
-0.3984719
-0.1584479
0.7084182
-1.067259
-0.1007733
-2.470673
1.183796
-0.7884078
1.120879
-1.423793
1.225741
-0.3569881
0.02331438
-0.3075908
1.036988
-0.5499358
1.955118
-0.2870796
0.3544223
-0.9344328
-0.2842833
0.2889669
-0.778306
0.8482353
-0.6575949
0.4637383
0.06026105
1.042232
0.04428695
0.862217
-0.3052558
-0.6652849
-1.532151
2.155525
-0.3332192
0.2260492
0.1141955
-0.8994785
0.5301514
-1.149157
1.181461
0.2726502
0.9391164
0.3565405
0.465486
0.3085413
0.553347
-0.06990168
-0.780634
0.1701223
-1.271742
-1.082988
0.1002138
0.1806086
-1.165131
0.04428695
-1.633518
-0.5149815
0.2889669
0.2120675
0.2423589
-0.2213656
-1.752363
-0.4730363
-1.675463
0.1351681
-1.40282
0.05826866
0.4078114
0.7101659
0.6152021
-1.861886
2.766058
1.695877
0.1072046
-1.640509
-0.3809947
0.7077191
-1.838584
2.017456
-0.6058626
-1.577591
0.3262491
-1.348291
-0.1025210
0.8027947
0.3285771
0.7084182
0.281976
-0.8330654
-1.065861
-0.4206049
0.886685
0.6594822
0.03129794
0.960089
-0.1989948
0.2338160
1.253705
-0.3161336
-0.4520638
0.6291838
-0.03261246
-0.05824793
-1.853730
-0.1095119
-0.03261246
0.6105462
-0.4136141
1.261325
-0.3541918
1.358568
-0.3635176
-0.920451
0.6315188
-0.4136141
-1.921891
1.207565
-1.168626
-0.08993747
-0.1654387
-0.5406169
1.204769
-1.070754
0.7992993
0.7171568
1.366258
-0.7153883
1.380938
-1.906162
-0.2458335
1.055165
-1.787317
0.1771132
0.3029486
-0.08574296
-1.621091
-0.0792205
1.040484
-0.07455759
0.2540126
-0.1444661
0.1631315
-0.1770925
-0.8994785
-1.902666
0.3984856
0.4217931
0.624528
0.4637383
-1.256012
-1.532151
0.2470218
0.7713359
-0.3961369
-0.7596614
1.309632
0.7486156
-1.556619
-0.237095
-0.2828851
-0.8866643
0.1141955
0.07225037
0.6065475
0.6757919
0.1211864
0.6524914
0.07225037
-0.0500896
-1.263003
-2.676030
-1.283976
0.7328862
-1.395829
-1.214067
-0.01163989
-1.706922
-1.773335
0.3099394
-0.927442
0.05593371
0.6944365
-0.3227330
-0.03960332
-0.6408169
1.746560
-0.4730363
0.1141955
0.1992462
0.6455005
-0.6041149
0.1258423
-0.04193826
-0.2178701
-2.364063
-0.1409707
-1.521665
0.2417786
0.7736639
0.01632353
-0.1332808
0.379848
-0.7631568
1.680147
0.1910949
-0.5303614
0.7713359
-0.008144467
-0.4800272
1.155833
-0.9484145
1.550816
-0.6492059
0.7992993
-0.1444661
0.330912
0.7713359
2.240576
0.526656
-0.09203473
-0.6221793
-0.5165404
-0.4660455
0.621417
-0.2819553
-1.595069
-0.9254495
0.6315188
-0.4217724
-0.2458335
1.853520
1.095712
1.078934
-0.4530635
-1.028809
0.6140417
-1.142411
0.03030524
0.8019209
1.420318
0.7084182
-0.4608023
0.2050766
0.1919688
0.5616102
-1.196590
-1.025314
1.074271
-0.03820514
0.1421589
-0.1654387
-0.8977308
-0.2889462
-0.5569266
-0.8750105
-0.5266352
-0.4101186
0.6165374
1.029998
-0.01163989
-1.564609
-0.6128535
-2.004034
0.2435263
0.4427657
0.6315188
-0.3541918
-0.3262284
-0.1165027
-0.3332192
1.123207
1.288659
1.253705
-1.965584
-0.3332192
-0.8443347
0.815609
0.3658663
-0.6128535
-0.5129891
-0.3627416
-1.060268
-1.012332
0.6018077
-0.756166
0.2120675
0.5336468
-0.9344328
0.5336468
1.612385
-0.560422
0.322523
1.466926
-1.000846
1.179133
2.43316
-0.2493290
0.739178
-1.353884
0.7503633
-1.332912
-0.06057588
2.132218
0.9558945
-0.8062694
1.980754
0.1771132
-0.04100149
-0.4975043
-0.6478077
-0.06756674
-0.2423381
-1.437774
-0.7596614
0.7223999
0.4707291
1.099906
-1.060268
-0.2091316
-1.843244
-1.829262
-0.6687803
0.1491498
-1.430784
-0.1584479
-1.343010
0.01108039
-0.5755712
-0.5233705
-1.591573
1.695289
-1.051285
0.3891668
0.2749852
-1.325921
-1.411559
0.4054765
1.232732
-0.3297238
-1.526325
1.064952
3.001419
-0.2493290
-0.4492674
1.034653
-0.5009998
-0.2656456
0.862217
0.04009243
1.056793
0.4637383
-1.860222
-2.073942
0.330912
-0.6687803
1.009025
0.9251347
-0.7491751
-2.114889
0.1910949
-0.3926415
0.5672029
-2.073942
-0.2108793
-0.4490717
0.235368
0.7533554
0.4427657
0.911153
-0.9623962
-1.121438
0.1561406
0.5156663
-0.2772924
1.526348
1.838140
0.9840536
0.7014273
-0.1316519
-0.06291083
-0.4730363
-2.807982
-1.004341
0.3239212
-0.2073838
0.01632353
1.631211
-0.2563198
-0.2353473
0.7084182
-0.6348257
0.1072046
0.379848
-2.266191
-2.51524
-0.09553016
-1.290966
-0.3868181
-1.210572
0.281976
-2.689137
0.03807208
2.449141
-0.0885393
-0.2283564
0.2619962
0.943311
-0.943423
0.9985387
0.2714897
-0.3169096
0.7800745
-0.4975043
-1.519667
0.4113069
0.08623208
-2.308136
-0.7386888
-1.574096
-0.8994785
1.994736
-0.1561199
0.3845039
0.03729609
0.1879840
1.141851
0.8342536
-1.211739
0.4462611
-0.07689254
0.4008206
-2.624472
0.8715358
0.1323717
1.057961
-0.3751644
0.5056834
0.1503103
-1.242030
0.5802479
0.8919282
0.4567474
-0.7666523
0.7130741
2.599445
1.225741
0.681853
-0.3541918
-0.8365608
3.174191
0.9810616
0.6402574
-0.6641244
-0.7121236
0.2554108
-0.4013801
-0.05358503
1.023007
0.01632353
-0.1318826
-0.5615895
0.8901804
1.484403
-1.345495
-0.7037346
-0.200393
-0.5813946
-0.1619433
-0.5009998
0.8761987
0.3826443
1.386531
-0.5953763
-0.5639175
0.6734639
-1.815281
0.624528
-1.102213
1.057961
0.1211864
1.040484
-0.06756674
1.292155
1.078934
1.463431
-0.6757711
1.485067
0.6804548
-0.1444661
-0.8994785
0.8482353
-0.3239004
0.1042056
-0.2772924
-0.1165027
-0.3961369
0.47772
-0.1444661
-0.08154845
-0.7277062
0.4986925
-1.332912
0.7468679
-1.141362
0.2854715
0.4707291
1.127870
2.651876
0.0005941021
-3.521049
0.04009243
-0.6394187
0.7818222
0.6507436
0.7713359
0.08856003
-0.6571335
-1.575594
-0.6128535
0.6874456
0.3154552
-1.598564
0.2330400
1.310506
-0.2231133
0.3546809
-1.390237
1.977258
-0.5988717
-0.2814869
2.022699
-2.035493
-0.5895529
-2.147346
-0.3052558
0.07924122
1.148842
0.7730836
1.372549
-2.023259
0.4469602
-0.2493290
0.3728571
-1.275587
0.6846493
1.148842
-0.4077907
0.2365355
-0.04193826
1.253705
0.2796411
1.272343
2.830143
-0.01163989
0.1561406
-0.0885393
-0.2493290
1.146507
-0.4241004
-0.3215725
-0.9547063
-1.123186
-0.3506964
0.7066705
1.938809
0.2120675
2.623913
-0.3984719
-0.1458643
-0.1115113
0.3815957
0.2679943
-0.00989218
-1.116195
0.4742245
-0.4450729
0.911153
-0.4695409
0.06525951
-1.330115
1.136958
0.186432
-0.4031278
0.06758747
0.1631315
0.866873
0.3746049
0.1351681
1.046776
-2.392026
0.2959577
0.1072046
1.379540
1.155833
-0.6687803
1.179133
-0.9917578
0.47772
-1.479720
0.4264490
0.2050766
0.02331438
-0.932685
-2.479412
-1.801299
-0.7911203
-0.1011228
-0.3052558
1.218751
0.5284037
-0.001153612
1.428476
-1.325921
0.05826866
-0.440417
0.8202719
-1.290966
0.8901804
0.4730571
0.5210633
1.011353
-0.1654387
1.020672
0.4357748
-0.2283564
-0.4613896
0.1421589
-0.01707878
0.2627512
-1.207076
0.06805586
1.260696
-0.7107254
0.5981165
-1.561862
0.5448322
0.715409
-0.4101186
-0.5149815
-0.2143747
2.111832
-0.8260745
-0.5219723
-1.186104
0.7853176
-0.07455759
-0.04892912
0.911153
-1.934125
-0.3835534
1.085924
0.8692079
0.05826866
-1.008536
-0.8243268
-1.144158
-0.2633107
-1.172122
0.5581148
1.29565
0.1547425
0.01032537
-0.5149815
1.148842
0.3518846
-1.885189
-0.4842217
-0.3891461
-0.01863075
-1.214067
-0.4380821
-0.6268352
-0.535954
1.529340
0.6012204
0.5301514
1.914341
0.1386635
-1.423793
0.4513085
-0.4011354
0.05826866
0.5937682
-0.6687803
-0.781333
0.08623208
0.1841041
0.1910949
-0.7386888
0.7130741
-1.032305
0.4130546
-2.189990
0.01632353
2.050662
1.232732
0.0982144
0.3155321
0.6385096
0.3134349
0.3359035
-0.976378
-0.3157421
-0.2196178
-0.9589008
0.3239212
-0.2633107
-0.8260745
-0.4660455
-1.413306
-1.109204
1.889873
1.432468
-1.503023
-0.7456797
0.1019615
-0.09028702
0.1561406
2.517050
0.9635844
0.1661236
-0.1710314
-0.5918809
0.009332671
1.771028
0.2644989
0.1002138
-0.1829158
-2.276677
1.673156
-0.9498127
-0.3891461
-0.8337645
-1.329416
0.9719734
-0.3052558
1.480908
0.2237142
-0.6431518
1.025999
-0.03960332
-1.312938
0.6113222
-1.004341
0.4847108
0.1980858
-0.3472009
-2.924497
1.313742
-0.6454798
-1.514674
0.2400309
1.351577
0.7713359
0.5895737
-1.663480
-0.2120467
1.190787
0.5254885
-0.5569266
-0.2912741
-0.2703015
0.1391598
0.1421589
-0.04659417
0.2749852
1.029998
1.078934
-1.049782
-0.6384889
1.082429
-0.04759386
-0.9922681
-0.1654387
0.7503633
-0.6652849
0.1281772
-0.7713152
-0.03261246
2.505068
-0.3432092
0.1631315
0.1002138
-0.4555592
0.8151825
0.6165374
-0.775978
-0.4380821
-0.6167404
0.2120675
-1.675463
-0.126989
1.414495
0.8587216
-0.2536353
-0.4940089
0.2656594
