82.6
18.3
-8.7
-4.3
3.5
10.7
0
1.2
105.2
6.9
2.2
-18.4
-18.5
20.2
3.6
-7.8
-1.2
20.3
13.1
-5.8
14.1
11.9
-0.7
1.1
-5.4
8
3.4
3.6
-6.4
-0.5
37
1.3
-10.1
15.9
24.4
-3.1
5.8
24.2
-5.9
-4.9
-9.9
0.1
46.5
41.5
-6.5
-6.1
-4.3
35.2
11.9
6.7
-4.9
-7
6.9
-10.6
-6.9
26
25.6
-4.6
0.7
-3.6
0.9
2.9
18.3
9
-17.1
2.9
-3.1
1.5
-4.6
-15.1
-2.4
25.2
-8
-2.9
-13.7
-11.4
-10.3
9.8
12
92.4
-7.7
1.9
-5.5
-0.1
-9.3
79.8
8.7
3.7
16.7
2.9
-6.4
32.5
-11.1
-8.8
0.5
-2.6
-2.3
-9.9
-1
7.7
-8.6
-2
-9.9
32.8
21.9
-6
45.1
3.6
0.8
12.6
2.8
29.6
-9.8
11.1
4.5
31.2
-7.1
-6.8
5.6
-11.8
-1.6
-8.9
-14.9
-4.2
31.7
-10.5
-6
11.1
0.7
18.5
-20.2
4
-0.4
-12
-0.9
-18.5
-4.7
2.6
-9.9
-1.8
6
10.3
2.8
-7.1
0.3
-1
-6.8
6.6
-7.1
-10.2
-0.4
-7.9
-11.8
27.4
11.5
-8.1
-0.1
-8.3
-6.3
0.2
-7.5
-2.1
-1.1
13.2
-4.8
-2.6
-2.1
40.4
4.7
9.8
70.3
-3.3
12.1
-3.1
-6.6
3.3
-1.7
1.6
6.8
-5.8
-9.8
-0.5
2.8
9.3
3.6
21.1
20.8
-12.1
7.1
14.3
52.4
0
16
-1.7
-11.3
14.5
17.1
-2.9
2.9
-6.1
8.8
-17.2
0.1
-7.5
-11.7
2
6.4
20.1
-1.9
10.8
-1.1
-1.3
14.2
6.2
5.7
39.8
4.9
-2.3
16.3
18.1
2.4
34.8
-10.2
2.8
-9.9
-1.1
-0.8
10.1
5
-3.9
27.2
8.6
-11.2
-5.7
20
1.2
-6.8
1
3.9
-6.9
10.7
0.6
-7.8
6.2
-13.4
-5.8
15.7
-10.3
-0.7
22.8
-7.9
-5
-25.4
6
14.1
-2.8
-6.5
-0.9
-8.9
-2.1
-9.5
55.7
0
10.9
-2.3
14.5
-0.9
-14.3
4
-6.6
40.9
-9.3
-5.3
7.9
-9
-3.3
-3.4
-4.4
-2.3
0.6
17.5
-18.4
-1.7
7.8
-8.5
-2.1
4.3
23.8
-7.8
-16.2
28.6
-4.2
-10.2
0.7
-7.2
-10.9
-5.6
0.5
-7.9
13.3
-1.4
-3.3
1.1
2
-0.2
-23.4
-2
2.7
-12.2
-1.9
-3.5
30.1
-12.6
0.1
8
4.2
6.3
-9.3
-6.4
-10.1
-0.6
-5.7
18.5
6.6
-5.4
-2
13.2
-0.6
4.5
-2.3
-12.9
-2
-4.5
6.8
-6.3
2.8
-2.2
10
3.7
26.7
-0.6
-2.1
-5.1
6.8
12.1
31.2
-1.9
2.6
-8.3
-12.7
-0.8
50.8
-2.8
2.2
16.3
10.2
-1.6
14.4
4
5
-4.4
-4.8
12.7
-6.8
-0.7
9.3
-9
-12.3
-7.8
-2.4
17.8
12.2
6.9
3.5
0.1
-8
2.6
-4.6
8.7
34.1
4.2
2.2
-8.2
-5.2
-18.5
-11.3
-4.2
5.2
1
44.4
-0.9
-1.1
-10.1
-10
28
-12.2
-3.9
5.5
-1.9
-8.9
-13
11.7
-8
-14
2.7
-0.4
-3.6
-6.5
-3
-6.9
-8.9
-3.5
-0.6
15.1
-15.6
15.6
35.4
-7
-1.4
-1.7
-3.8
27.7
3.5
-0.6
3.9
15.6
4.9
21.4
4.5
-16
-3.4
1.1
-16.5
9.4
9.2
2.2
27.1
5.8
35.1
0.3
-2.2
3.1
-3.8
-10.3
-5.8
5.6
-3
1.9
-4.4
0.9
-6.5
37.5
-11.8
-4.6
22.9
2.7
-10.2
-7
6.2
38.8
-23.6
12.6
15.6
3.1
73.6
0.7
-11.9
6.9
2.7
-13.8
-5.8
-10.3
-19
14.2
-3.2
30.4
4.4
-1.7
1.4
15.7
-3.9
-4.3
11.4
17.7
-0.9
-7.3
-1.8
-8.3
-1.6
1.8
-9.2
-7
0.7
-7.6
-3.4
13.8
-1.1
10.7
7.6
-0.6
52
-2.2
-10.5
5.3
1.5
-6.3
10.8
-8.3
23.4
0.7
-3.5
-1.6
-14.2
12.8
42.3
3.5
0.8
29.5
7.1
3.2
-6.1
-10.3
2
4.9
-1.1
23.4
6.2
3.7
20.1
9.1
9.3
-8.9
23
0.2
1.9
-0.9
30.7
-2.1
-6.9
-9.4
1.2
-3.5
4.8
0
11.8
71.7
-3.3
5.5
4.4
3.2
48.6
8
0.3
-6.7
-5.4
-1.7
-2.8
-10.8
-6.4
-3.8
-13.1
3.1
-6.9
-8
-3.7
1.5
-3.2
-3.3
-9
37.8
-2.4
-2.4
7.4
40.1
2.8
2.9
-5
30.9
24.3
12
-16.4
-11.5
5.2
6.4
-8.8
11.5
2.6
12.9
3.3
2.6
14.6
-3.6
-8.6
-9.7
18.1
-5.3
3.9
-2.7
-5.8
-3.5
1.4
2
-17
-5.3
-18.4
2.9
8.3
19.8
-8.5
1.1
-5.3
-11.2
-2
-9.9
14.7
10.9
-6.3
38.2
12.7
-12.7
7.9
5.9
-10
11.9
7.7
-14.1
11.3
14.7
10.9
23
0.5
-3.2
5.1
3.5
-1.1
-1.8
-3.2
-2.8
15.8
-1
16.7
-3.7
36.2
3.6
6.6
20.2
5.2
-4.5
-6.1
28.4
-5.9
-2.2
-2
-14.7
-9.9
-1.2
-1.5
-4.5
-13.8
-12.3
3.1
13.8
0
-19.7
-6.1
-9.8
-3.4
-16.7
8.4
13.8
-7.8
-8.4
11
0.4
-1.5
-2.2
20.3
0.9
-1.7
1
-10.4
-1.8
-1.4
-28.9
27
-13.9
2.8
3.1
-4.4
-4.9
-2.3
-0.9
-2.5
5.2
2.1
3.9
-17.5
5.8
27.2
-8.6
18.2
26.3
20.3
13.5
6.4
27.7
-3.1
9.8
-5.4
7.3
8.5
2.7
2.9
-4.1
22
11.6
19.6
-12.7
-0.2
-2.9
80.3
-9.3
29
-7.1
1.8
0.3
-0.6
4.2
-2.2
-5.4
-7.3
7.7
0.7
3.6
-16.2
11.1
-16.9
5.5
7.9
11.5
3.8
-7.4
5.6
-0.8
2.3
3.2
94.9
5.4
-11.2
-2.3
35.1
-5.7
-4.2
9.2
1.2
22
21.5
-10.1
-16.2
-2.5
4.1
-1.6
-3.3
-3.3
-7.2
-14.9
-7.3
-3.1
-8.1
-0.1
19.4
61.9
7.9
-3.3
4.1
0.8
17.1
-7.6
8.2
-6.7
0.2
-5.8
3.3
-1
7.6
2.1
14
-1.1
8
1.4
-2.6
-7.7
-7.1
-7.1
-1.1
2.4
0
-10.8
-4.9
42.7
17.4
-8.2
20.6
35.2
21.9
0.8
-7.7
4.2
14.5
-0.2
6.1
23.7
4.7
14.7
-11
0.9
26.1
-7.7
12
-11
22.6
4.7
-15.3
-5.1
-4.1
-8.7
-0.2
36.8
14
3.1
-5.6
27.1
37.7
22.9
10.9
11.5
1.2
-13.5
-0.2
-4.6
-2.5
5.4
-5.9
-0.6
3.2
17.2
-4.8
6.5
-6
9.5
32.6
-2.8
-3.2
-5.5
13.4
7.7
-5.2
-18
24.7
19.6
7.9
31.9
3.2
10.3
-11
1.4
0
-8
29.9
2.5
-8.2
-3.4
-4.6
2.7
-3.1
-0.7
-0.8
-4.8
-4.9
9.2
-14.2
10.3
16.1
-4.8
0.6
-4.1
-0.9
-3.9
-10.5
-11.7
-0.7
-1.5
4.8
26.7
-1.3
7.4
-5.9
-11
0.4
-13.4
-1.8
1
-7.1
-2.1
-5.8
20.6
23
-14.2
3.5
-2.7
0.4
5
25.8
27.1
3.4
-1.4
-1.4
-2.7
-5.5
-5
15.7
21.7
-0.3
1.7
7.2
11.5
-2
10.5
-6.6
19.6
9.4
0.1
17.8
-11.2
20.5
11.1
18.5
5.9
-2.7
-7.5
-1.4
-7.5
11
-12.3
29.5
6.1
11.5
-9.7
12.4
1.4
-11.8
0.9
5.6
-2.7
-0.8
-7.4
36.6
-9.5
4.6
-1.4
-2.1
4.4
13.8
-4.2
12
-2
-7.4
7
18.4
-11.8
55.4
-6.8
3.5
-0.2
20.8
-13
1.2
21.3
-9
-0.5
11
24.6
2.8
-7.2
-1.8
5.3
-8
0.3
-11
3
28.7
-1.6
-4.5
24.5
12.6
-6.9
11.9
-0.4
-3.7
-1.1
8
0.7
62.4
22.7
17.2
16.7
0.1
-9.4
-14.6
4.3
0.4
6.6
14.9
-12.6
-1.8
8.3
-0.1
-11.6
5.2
-14.9
-2.1
11.4
0.9
6.4
4.2
-3.7
1.4
21.4
28.4
-2.9
-7.7
10.5
-11.1
11
1.7
16
-2.3
-3.4
-12.3
-3.4
-22.7
-1.8
-18.6
-7.5
39.7
0.5
23.3
-16.2
-5.9
1.9
3.6
-3.8
30
-4.5
-10
-9.7
43.3
2.9
-2.6
-1.2
13.8
6.1
5
4
-4.3
2.4
-5.8
1.1
-10
-3.4
0.9
6.8
6.2
33.5
3
-14.4
-1.1
2.6
21.1
-0.7
-10.1
16.5
-12.4
-3.4
-7.9
4.9
-10.5
0.2
-21
-1.4
-14.8
0
-1.7
3.8
-6.6
34.8
7.8
0.1
8.4
-10.3
8.4
-2.2
-2.1
3.5
-2.1
1.2
-4.9
-2.9
-5.2
1.2
4.4
-5.8
4
-1.4
4.2
11.3
-4
-7.6
-1.2
-1.3
-8.4
-6
9.6
-3.5
-4.9
-9.7
2.3
0.7
-2.3
-3.8
13.4
-3.3
7.7
11.7
-6.9
9.4
-6.5
7
0.1
16.8
-6.8
2.4
-2.5
-5.5
8.8
-20.3
-14
-1.7
-24.9
8.5
-12.7
43.7
-4.7
88.5
25.7
-8.3
8.9
-4.5
-3.8
-1.9
-3.1
33.5
15.6
-8.9
-16.4
-4.5
-9.7
6.8
-4.8
-5.2
9.6
-8.9
-4.9
-10.6
-14.6
23.4
-4.4
20.9
-5.4
39.9
-6.1
18.2
-3.6
-4.7
-12.8
-10.4
24
-12.1
14.6
41.7
1.7
-0.1
-6.6
-4.7
5
13.5
-5.3
19.9
0.7
4.8
1.7
5.6
3
-0.7
-1.9
-0.1
-3.3
-2.7
18.6
-0.5
-6.6
10.1
32.2
-2.3
28.7
-13.1
-13.1
21
-4.1
-7.6
13.4
1.9
-14.5
-7.3
-12.3
12.3
5
-3.1
-5.9
20.7
-0.4
-7.1
32.7
11
35.5
4.1
-1.6
2.5
10.6
-2.1
-4
69.4
-4.2
-8.5
6.3
0.4
-4.2
-1.8
-1.1
-6.2
-5.3
5.6
44.8
-6.7
17.1
-2.6
-7.6
2.4
-1.8
2.7
-1.4
10.8
-16.5
-7.5
5.4
-7.6
13.6
46.4
24.2
3.4
-7.7
-13.6
1.3
-14.1
30.6
12.1
5.3
92.8
-0.2
-3.4
-3
-5.5
6.4
-1.9
-1.4
12
-5.3
84.6
-3.6
1.1
12.8
0.6
3.3
-10.4
86.4
-2.2
2.4
-1.8
8.1
13.4
-1.3
4.1
11.4
-13.6
6
-5.3
1.6
-9.9
-1.4
14.8
-16.5
0.2
-8.3
-4.5
-7
2.9
9.5
32
