-0.01112499
1.768874
-1.012374
-1.123624
0.8788745
0.1001249
-0.9011244
-0.7898745
0.9901244
1.546374
0.8788745
-0.1223749
-0.3448748
-1.123624
-0.9011244
1.546374
-0.01112499
0.7676245
0.8788745
-0.5673746
0.3226248
-1.234874
0.3226248
-1.123624
0.7676245
-2.013624
-0.9011244
1.546374
-1.568624
-2.347374
2.102624
-0.4561247
0.8788745
-1.568624
1.323874
-0.1223749
-0.3448748
-0.3448748
1.435124
-0.7898745
0.4338747
-1.346124
-0.5673746
0.4338747
1.880124
-0.9011244
-0.01112499
0.7676245
-1.568624
-0.6786246
0.3226248
1.323874
-0.01112499
-0.5673746
0.3226248
-1.902374
1.323874
0.9901244
-1.123624
0.1001249
-1.679874
0.2113749
0.7676245
-1.457374
1.546374
-0.2336249
-0.6786246
0.2113749
0.9901244
-0.7898745
0.8788745
-0.7898745
-0.6786246
-1.568624
0.1001249
-0.2336249
-0.7898745
0.9901244
0.7676245
1.546374
0.5451247
-1.234874
1.212624
-0.3448748
-0.01112499
1.101374
0.4338747
0.3226248
0.5451247
0.1001249
0.1001249
1.435124
0.3226248
-0.3448748
0.1001249
0.8788745
-0.5673746
-0.4561247
-1.123624
0.3226248
