11.085
14.0709
10.53
13.81
13.17416
9.44
12.35
10.395
11.84
12.92
12.3425
14.68
12.566
10.755
9.34
11.87666
9.78
15.45666
12.64333
12.01
12.5
13.65
10.89333
13.44571
11.97
12.738
10.22111
11.97
12.99333
12.8275
10.78
14.53333
12.12
12.29
14.19
12.21
11.4875
10.49363
11.54666
12.4675
13.22
15.65
10.72
11.983
10.87
12.10714
11.84666
13.14
9.986666
11.92888
10.51
12.54333
10.665
12.77
14.24
9.585
10.17333
10.94
11.13
11.71
14.22
12.31333
11.91
11.39
13.42
12.185
14.53
11.53
11.355
9.982
11.305
11.59833
11.38
9.69
14.01666
12.24
11.425
11.8
11.84
13.28
10.915
10.95
13.04
12.24
9.053333
11.91
10.93733
12.415
10.95333
13.2425
11.89333
12.5
10.27666
11.935
10.985
12.23
11.00625
11.259
13.91
11.94
10.06
10.72
13.43
11.6075
9.225714
12.3
11.57142
11.14
9.2
13.57
12.74
10.6975
12.1
10.878
10.73846
12.46
13.7
15.09833
12.928
13.16
12.02666
14.21
12.05
14.188
10.44666
13.05
12.975
10.03166
12.71875
12.83
10.69
12.5875
9.953333
11.76
12.26666
10.17
12.77333
12.735
13.05
13.69
11.97
9.6375
13.58
10.59333
15.42333
12.35
9
12.00666
11.914
12.69714
13.38333
13.24666
11.33
10.537
12.08111
12.51
11.764
13.422
10.49714
10.93
13.385
12.9325
11.876
10.85
12.48666
11.01
10.79
10.77
11.91666
14.235
11.64333
12.36
12.28
10.2
11.74
13.21333
12.3525
11.835
11.47
12.464
13.94
11.405
9.71375
12.578
12.93
10.58857
11.72
10.56
8.925
15.76
10.53
11.63
12.19333
10.25
12.99
11.3875
13.34
14.29
12.218
10.39
11.5
12.97555
13.695
13.435
11.56333
12.1
11.97727
13.36
12.81625
12.145
11.795
12.38
12.04666
13.24333
12.648
12.27
8.99375
11.33428
12.68
11.906
11.554
13.74
12.63
9.87
12.72
10.62333
12.303
11.36
15.09666
12.15
14.296
11.23
11.29
11.44333
11.125
11.008
12.25
13.1175
12.32
12.3
10.10833
13.64
14.255
12.565
11.74
11.215
10.88
9.43
12.57
12.81
11.03333
11.57
14.87
12.665
12.92
11.51
10.09
13.03
12.025
10.71
11.2475
10.405
12.885
12.00846
12.13
11.35
12.09
12.02
11.33333
10.7
13.045
11.29
13.568
11.436
11.3925
10.57666
12.77625
12.32
8.98
13.36
13.44
10.25
14.354
9.005833
11.662
11.78
13.02
11.24
10.895
9.882
10.83
13.8025
11.27666
9.288
11.80333
11.81888
11.9
8.755
11.23
13.40833
10.49
12.38
11.19
12.43
11.69
11.5
12.30333
10.89
12.4
12.4525
12.42
13.905
13.05
14.8
11.56
9.86
10.97
11.84
10.9225
13.64
13.785
12.4
8.0075
13.04
12.36
11.65
12.095
11.95
10.9
11.175
12.80333
15.345
10.58
11.73666
11.9425
8.26
10.12
12.24333
10.11
12.768
11.55857
13.33
12.05
12.31
8.2175
14.675
12.82
10.79888
12.085
13.3
12.38
12.12
11.96
12.04666
12.52
11.985
12.675
11.155
12.77
14.17
11.09444
14.64
10.90285
10.69666
10.98
13.236
12.79
11.49428
10.25
12.9
12.55
11.74
14.44333
10.4
13.375
13.66666
9.96
12.42
14.00333
10.9475
10.98
12.12857
10.79
11.71
12.81
9.98
10.45
11.265
11.88
10.84
12.14666
10.81
10.71333
14.33
12.43
10.36666
11.71
11.3
10.36181
11.65875
11.81
13.63
12.16
12.64428
12.85666
13.905
10.26
12.39666
11.755
10.7
10.06066
12.12
13.094
10
9.821666
10.56
9.305
10.22
12.9
12.37727
11.5
13.585
14.72
9.206666
11.794
12.855
10.87909
12.325
10.81333
13.42333
11.99
12.34
11.185
11.63
15.33583
11.12
12.705
11.93
11.01714
13.90333
11.826
13.305
10.16
11.63
10.36333
12
11.31333
12.73
15.22
11.02333
10.89
10.178
10.95142
11.095
13.245
11.98
14.36
12.1
11.08
13.6
11.755
12.852
8.482
10.6
13.048
12.21333
11.3975
9.902
11.26055
11.605
9.4075
12.31
9.925
12.15
16.54
11.195
10.52
10.92
9.55
14.18076
13.52666
11.52
10.6
12.05
10.955
15.38333
12.09
13.284
12.32
10.07181
10.91333
11.305
10.185
12.42111
9.685
11.916
10.24
11.95
12.67666
11.92666
13.66
11.31428
11.5425
10.94
10.8
9.511111
11.31666
11.68
12.705
12.36
12.33
12.96714
10.74
12.36428
11.815
11.565
13.12666
12.635
13.28333
11.3
12.85333
12.02727
11.62
12.36
10.93
14.59333
12.6
11.33
8.82
7.71
12.07312
10.97
11.45333
10.7
12.11333
10.855
11.93285
11.71
10.78666
11.745
11.1
9.32
12.235
11.66
12.155
11.912
12.264
9.605
13.535
11.75
10.755
11.605
12.608
10.26875
11.2325
12.00333
12.53
12.575
14.22666
13.108
11.65
11.17
10.395
11.2075
10.735
11.62
14.44
13.286
11.65
11.32
11.069
11.51333
12.03
12.32
10.43
12.2625
12.92
9.462
10.925
11.1475
10.28
10.34333
11.478
10.99
12.164
13.15333
10.59
11.732
12.32
13.045
12.61857
12.86
12.965
10.21
11.82
9.65
11.93
11.036
16.25
11.21
11.50666
10.9
12.7775
14.14571
11.75
13.04285
12.29666
10.67
11.41
10.46
11.354
13.51
12.095
12.4
11.735
12.35692
13.61
10.6825
12.7975
13.98875
12.22
13.3
11.6375
12.2
10.04833
10.782
13.01
10.955
14.16
10.80428
13.925
12.97
6.6
9.93
12.26
13.83
13.52
11.57
13.00666
13.23
9.64
14.15166
11.704
8.58
12.106
10.272
11.004
10.68
12.56
12.33
13.19
12.95
12.86333
9.49875
11.62
10.445
12.1475
12.9
11.11
15.18
14.01
14.38
10.75
11.2
8.5
14.215
11.425
13.54714
12.93
8.855
8.86
10.37
14.12777
12.356
8.753636
11.04
12.95833
11.68333
15.085
10.4
11.53333
10.93
13.115
9.942
11.21
12.55111
16.19
9.8225
10.148
11.45333
11.49
11.36
12.23
13.04
11.67
13.5
11.62666
12.54
8.15
14.33
10.52
11.68
9.95
12.83
11.35857
11.89
9.62
10.40666
12.57
10.495
10.57
14.37333
11.57
11
12.1425
11.3
11.35142
11.78
12.21
11.42
10.52
12.94
15.65
8.92
12.538
12.195
11.34
11.76
12.73
11.66
12.0125
12.095
14.00285
13.24
10.62
9.8775
11.875
11.685
12.565
11.486
11.07
11.42
12.67
11.26
11.76
10.65
11.545
11.46333
13.0475
11.88
12.22
13.275
11.75375
13.07375
11.62
13.42
12.43
12.46
13.08333
12.4725
11
11.52
12.0275
11.662
13.715
8.533333
11.66
14.5525
12.01
10.38
12.095
12.3475
12.5
12.05
12.134
13.05666
10.36
12.236
10.67
12.8175
12.07142
11.44
12.03
14.022
12.882
12.11
9.06
13.06714
13.14666
12.555
11.34
11.30666
12.685
12.77333
11.47
12.23
10.54
12.085
10.468
10.895
9.89
12.564
10.096
12.706
12.94
11.68
10.0825
13.2
8.12
12.83
13.24
12.06
12.336
10.80166
11.695
11.8
12.52
10.06666
14.05785
13.05
9.64
12.43
11.74
13.34333
11.12333
12.9
10.14
11.13
9.965
10.922
11.391
11.26
12.50666
11.73333
10.51272
13.6
12.634
11.27
10.68
10.7875
15.765
12.72
12.78571
11.99
10.28
13.6
12.61
12.645
10.02
9.768
13.2625
13.44625
12.25
14.96
13.9425
11.73
12.14333
11.12
12.48333
11.99
12.335
11.46
11.445
12.39
9.332
13.77
12.21
10.68
13.525
11.7125
10.05
12.325
13.415
11.93
10.49333
10.91333
9.43
10.18
12.38
11.25
13.595
11.39
13.04
14.414
12.76818
12.602
9.28
10.5
10.79
11.305
12.66125
12.13
8.85
11.48142
8.98
14.71
11.71
10.08
13.20333
12.165
12.12
12.70333
9.4075
10.58857
13.74
12.06666
12.54333
11.83285
9.12
11.61666
13.965
12.58
12.135
11.3
13.98666
12.38333
13.8
12.25
11.485
11.49
11.89
12.31333
10.54
11.4575
12.315
11.835
14.496
13.87
10.84625
11.4875
10.805
10.90857
14.79
9.8975
13.26
12.52
12.66
12.86571
13.635
11.61
12.315
12.035
12.76
12.835
13.83
12.115
11.45
12.12666
12.86
13.44
10.62875
14.49
13.12
12.345
9.843333
11.94666
10.38666
11.7
13.21
12.87
12.345
13.22
13.48
14.8775
12.035
12.89545
9.1475
12.62
10.352
12.182
9.941
11.81666
11.916
13.75
11.33
11.3
14.655
10.6309
11.174
13.07
12.77
15
11.02
13.41
10.32
12.60333
13.03
12.55
11.77
15.14571
11.575
11.894
12.02
13.485
10.9225
9.773333
11.65
12.41
10.1225
12.34
11.03
11.296
10.47
13.995
12.93
11.745
9.17
10.03428
13.328
8.992222
12.27214
9.403333
8.93
11.202
11.16
11.46833
12.36
13.23375
11.56
11.8
12.65
11.75333
10.74
12.12666
12.39666
14.1
12.53
12.15
11.55285
13.84333
12.96
14.20125
12.87
13.798
11.9
11.515
11.08
12.25
12.28428
9.97
12.48333
12.11166
13.17
11.45666
9.48
8.704
13.4125
12.75333
15.0245
10.63
15.59333
13.188
12.475
10.92333
13.898
10.998
11.42
14.72
11.95
6.14
12.3325
12.48
12.6675
10.855
9.115555
12.3475
11.57
10.68
14.92
11.58333
12.01
9.121428
9.32
11.65
11.98
12.46
10.97
10.38
13.16
13.41
10.75
11.86
10.96285
11.72
7.665
11.73833
10.95
13.095
14.66
12.40333
11.048
12.53
8.775
11.85916
15.16666
12.64
11.45
10.75285
14.38
12.39785
12.65857
9.27
11.31
13.4675
12.43
13.99
11.116
12.6775
12.26
10.62
13.71
11.99555
14.21
11.0975
11.71
11.60333
11.95
11.485
10.98
11.78333
8.28
10.5
12.19
13.82
12.335
14.21
11.92428
11.42
13.01
14.354
9.675
11.62
10.91
12.22
11.71
12.11111
9.656666
12.05
11.6075
13.28
12.58
14.46
12.26
12.07
12.895
13.31
13.84
12.64
11.52666
12.29
12.76
10.32181
12.745
13.43
10.85
12.53125
10.68
13.29
11.98
10.644
13.69
13.145
12.27
9.84
15.56
12.97
11.16
13.05
10.85
11.31666
13.415
12.4025
11.78
11.67562
11.692
10.58
11.28
10.44
11.27777
12.2
13.43
13.79
14.0025
11.685
10.87
11.874
12.79888
12.6
10.786
11.07
12.8275
12.96
8.905
12.71
10.025
13.23333
12.61333
13.35
13.32
11.98333
12.72
11.64
12.01875
11.55
10.62
13.56666
12.255
11.313
11.3175
11.165
11.46
9.865
12.164
9.35
15.71
12.342
12.61363
11.34
9.62
13.96875
11.9676
11.92
11.68
13.66
10.91
12.9275
12.34
11.64
11.28
10.30333
13.48833
12.73
11.46
14.26333
11.9675
11.81666
11.39333
12.46833
10.6325
13.77571
11.355
11.91
10.17333
12.41
10.17
10.46
15.595
10.894
15.6125
11.33333
12.444
10.75
12.1775
12.47
13.56142
11.88545
10.3
11.53
11.265
13.02333
9.535
11.67
10.57
11.03
13.15
11.92666
14.23333
9.892857
10.89
7.938571
10.365
9.535
12.93
13.95368
12.422
12.515
11.03
13.14
12.456
10.5675
11.91
11.265
12.36666
12.4
15.52
12.54
10.71
13.85461
11.965
12.425
11.83
12.1075
12.7525
11.2
11.234
12.45
13.79
12.69
14.18
13.275
12.38
11.21
11.62666
10.89
10.77
11.18
11.05
12.035
12.11
12.8
11.16
12.12
9.786
14.098
9.59
11.32857
13.308
14.345
11.32
12.65
13.31571
12.35333
10.2275
13.29
9.525
12.68333
13.12
12.235
10.95
13.23333
13.39
12.71
11.49142
11.32
10.625
12.48666
12.85666
12.01333
11.33
10.13333
10.11
13.36
12.6
11.43571
11.36714
12.99888
9.05
13.26
14.11
12.44833
10.8209
11.9325
12.925
11.86
13.38833
9.35
14.31
12.47
10.965
10.6
12.3125
12.825
10.56
11.19416
10.62
10.54714
11.88
10.36
10.93
10.53
12.19
12.12
12.91
10.4
7.483333
9.41
12.37
13.09333
9.44
11.368
11.33
11.77
14.5325
10.67714
12.64
10.87333
13.08
8.936
11.91333
12.21142
9.82
8.52
9.74
12.59875
7.949166
8.643333
11.95
12.25
10.13888
11.69
12.56
12.77
8.57
13.23
10.5575
12.41
14.7575
10.1875
14.14818
13.93
10.89
10.91
12.76
13.74
12.34333
11.04333
11.17333
13.97666
10.796
11.95
9.776666
11.99
12.75764
11.484
11.95
10.985
14.405
15.0875
9.118
11.95
11.40666
14.22
11.15
10.95333
12.02875
12.44
8.756666
13.22833
11.51
13.1
14.645
12.9
11.99
11.45
12.07
14.084
12.52
11.34
12.50333
11.552
12.2575
12.55
9.11
8.515
10.325
11.3475
9.493333
11.63
10.665
11.214
10.58
11.35
6.5
13.376
11.115
14.105
11.35
12.7
11.895
12.64
10.2675
10.65333
12.46
11.37
11.34866
10.83
12.33714
12.82333
11.7075
13.228
10.77714
13.55
12.625
11.736
11.73
13.34
12.87
11.005
11.59666
12.93333
12.8175
9.643333
13.84
11.21
12.03666
13.125
12.475
10.93666
10.99277
14.59
10.9
11.705
11.12666
9.4425
12.97
14.47
11.67
13.61
12.67
14.81
11.73
17.36
12.644
10.845
11.115
10.29
10.5
11
11.28
13.814
9.923333
10.51666
11.288
13.71666
13.416
13.6
12.575
12.6
8.99
11.19
11.265
10.945
12.475
11.255
12.1825
12.16
11.5425
10.276
12.13125
9.14
11.42
14.01
12.59625
12.48428
12.89333
12.13
11.378
9.44
11.28
12.4125
10.34
8.575
11.58
11.9075
12.77
10.19
12.075
9.93
14.2275
11.49
12.77666
10.46
9.3075
12.17333
12.09
10.14
12.175
13.56
11.255
11
12.994
9.56
12.835
13.07666
13.33
11.625
15.875
11.07333
9.76
13.23
11.99
10.8325
11.564
12.862
10.5
15.29
11.3023
12.17
11.215
13.695
11.53666
11.17
9.86
10.22
9.26
12.17
11.98
13.18333
9.99
13.95666
12.62
12.6
13.92
10.92
13.502
11.97214
10.945
11.6775
11.95
14.03666
15.24
11.17
12.45
9.79
12.24333
9.926666
10.92
9.75
9.65
12.055
10.07333
11.02
12.18882
13.095
12.548
14.03333
12
11.71333
11.552
10.01
11.4325
13.34
10.09
10.88
14.27666
10.92
13.57
12.6075
10.58
10.29
13.27
11.92
11.265
11.625
10.91
10.28
11
9.68
11.07
12.515
10.58
11.64307
12.092
13.42304
14.56
12.55
10.50444
13.09
9.4
12.47111
11.84
13.32
11.77
10.865
12.0725
11.98
14.228
11.338
12.464
10.66
10.8075
12.38
13.04714
11.42
9.234
10.12
12.7
11.7175
14.7
13.78666
10.49111
11.855
13.52
12.59
12.20333
11.35333
11.2
10.8575
11.03
11.76
13.68
11.626
10.05666
12.23
9.69
10.98818
9.708333
12.23
11.25
11.13
13.87
12.26666
7.81
8.3775
13.3
11.94
12.174
14.07555
12.81
12.3225
11.335
11.394
12.88
11.76
14.745
12.79
9.055
10.6
12.78
11.33666
13.0425
8.96
10.26666
10.00285
11.64
14.43
12.33
10.76
15.525
13.535
13.02
10.58
10.7
11.9
11.77
10.38
12.76
9.32
10.485
15.77
13.5509
13.445
12.81333
11.77
11.02
10.71
10.86
7.61
11.9675
11.51
11.29
13.25
11.47
11.588
11.53
10.92
12.60125
12.43
11.35
11.78
12.14
12.78909
11.38
10.978
9.55
11.72666
13.198
11.94
9.83
13.37
9.46
11.2
11.44571
10.935
11.5
11.38
12.44
12.33333
10.12
9.293333
14.47
12.58666
11.7225
13.81666
12.3425
11.51
11.49
8.933333
12.17333
11.98
10.71
10.24
12.42888
10.13
12.09
9.98
10.86666
13.1975
12.22875
10.90333
11.81
10.84
10.59
11.74
8.7
10.5
12.21
12.16
8.965
11.4
9.46
11.705
10.45
12.12
12.86
12.43
10.095
11.3025
9.18
9.845
11.49
12.79666
11.39333
12.56
13.15833
11.53
9.46
9.4
11.505
13.334
12.13
8.76
12.61
12.4
13.89666
12.74
11.4125
10.53
11.18
11.24
12.2725
12.13333
11.61
12.08
11.88
10.182
10.7
14.61
10.84
11.205
11.79
10.43
10.98
11.816
11.53
11.2
13.345
14.09
11.3375
11.28
10.19
13.28666
11.92333
11.83666
9.495
12.26428
11.8925
11.442
13.04
11.7
13.375
10.91
12.665
8.878181
10.42
11.88
12.05666
11.05
11.07666
8.696666
11.87428
13.24
9.87
13.572
10.41
11
11.9525
11.57
11.6125
12.125
12
11.91
9.98
10.88
11.564
11.79
11.72
10.74833
10.505
10.31
11.775
11.51
10.77
11.5
12.97666
11.54714
13.3575
14.81285
11.86
8.88
11.696
11.695
12.65666
10.29333
11.79857
14.025
10.975
12.31
11.2725
12.27
11.85
13.24666
9.133333
12.5375
10.68
14.12692
12.09
10.705
11.12333
13.05
12.47
8.99
13.515
8.54
11.8275
12.46
13.57
10.21
9.95
12.2475
12.62
11.13333
11.47
12.51
13.65
12.31333
13.51
11.29
11.57
10.29
8.64
10.58
10.945
11.0625
12.21166
15.39
12.52
12.29
11.03
11.3025
10.24
11.985
14.485
11.905
13.875
11.87142
12.135
10.154
12.43
9.7
9.49
11.553
9.72
12.43142
12.96
13.94333
10.74714
10.40666
11.45
10.08666
9.62
12.93863
10.66
12.49
9.35
12.9275
11.70666
13.76
10.316
10.63666
12.36
11.19
11.32
12.82
11.96
12.425
11.84333
11.81
14
12.09
13.43
9.61
11.21
13.57
12.965
13.49
13.37333
10.22
13.89
13.408
13.0525
9.95
13.41
10.35333
12.05666
13.73666
11.5
10.94
11.66
10.03
11.99333
9.09
12.232
11.78166
10.28
10.87
11.305
10.35666
9.03
12.36
14.5
9.93
12.67
11.57
11.43333
11.65481
10.71
9.19
12.41666
12.25
11.649
10.15
11.405
12.724
12.48333
9.58
10.684
13.72714
12.75666
11.78
12.49833
11.21333
11.25
11.32
8.46
12.164
10.75333
8.55
14.69
9.9075
11.43
12.37
11.12833
10.28
12.20142
10.85
10.35
12.22
11.8
11.23333
11.45333
10.89
10.24333
11.965
11.135
10.175
12.354
11.03333
12.43
7.94
12.23
14.14
14.32
11.405
12.226
12.52666
12.43
12.16
11.91666
13
12
9.25
9.626666
13.55
13.865
11.98
9.97
12.77
12.54166
13.79
12.47666
11.68333
10.695
11.63
11.62
15.07333
12.40333
11.42333
10.79
12.815
13.38
10.74
10.38666
12.23166
10.73
13.18166
10.39
11.396
9.155
13.82666
15.60666
8.408571
13.905
12.75
11.125
11.565
12.8
11.872
12.135
11.12
10.20333
10.3525
12.54416
13.93
12.07
12.33
12.31111
11.85909
12.09
12.61
10.97
9.745
12.05
11.37
12.89
11.105
12.36
9.512857
11.905
12.49
10.02
10.83
12.22
8.218
11.09
11.47
13.02375
11.75
15.34666
9.81
12.59
9.9975
13.75
12.43333
10.80666
9.71
10.71333
8.23
11.85
13.70666
12.863
14.46
11.8775
13.294
12.3625
13.64
10.07
12.605
13.79888
7.69
12.415
14.465
10.88666
9.908
11.69
13.49666
12.302
12.56
11.535
11.76
10.25
13.84
11.02
12.59833
10.585
10.78333
11.505
10.9925
12.63
11.82
11.182
12
11.865
10.746
8.61
12.24
9.68
13.705
10.23
10.65
10.46
11.51666
10.55
11.49
11.35666
12.10636
11.076
12.7625
10.71
12.1375
11.34
11.8075
12.44
11.81166
13.7
9.223333
11.41333
10.9
12.1075
13.23
12.58
11.55
11.07666
11.24
13.17
13.26
12.86666
11.55
11.69
9.81
10.452
10.725
13.06
14.525
12.41
12.032
10.79285
11.895
12.754
11.6
13.74
10.33625
9.69
14.99
9.54
12.5725
13.44428
11.81
13.29
10.85
12.41
13.97
12.165
12.55
11.014
10.215
12.71636
11.81
10.19
11.32
13.27363
10.69615
10.35
11.7
11.06
12.88333
13.79
12.45
14.08
11.74
12.64
11.45
13.23
10.33666
11.21666
10.8025
12.81
11.44666
14.07
11.45375
13.36
11.85
14
10.288
12.075
11.5675
15.22
10.105
11.76333
12.34
11.34
12.85
12.54666
13.26666
10.965
11.38
12.345
11.84
13.54
11.444
11.24
12.53
12.45
11.78
12.82
8.55
12.34
9.676666
10.77
14.81
13.43
12.334
11
13.7
13.336
10.73
11.46
12.92
11.885
13.13285
11.91
11.47
11.21571
11.1
11.59
9.193333
15.22
15.95
12.76
11.05
13.37
12.93
12.355
9.83
11
10.18
9.4775
8.304444
11.32
10.87666
11.5375
10.93
11.295
9.386
10.845
11.8825
11.618
11.075
14.215
12.88
9.815
11.615
11.9
12.8375
12.88
11.54
11.19
13.675
10.25333
10.818
11.815
14.57
12.91125
12.23
12.34
12.415
10.9025
12.35
10.90625
13.43
11.21222
11.87333
11.904
11.22333
11.73
12.72
11.525
12.27
12.69
11.965
12.29
13.05
10.38
11.7
11.78
10.06333
13.21
13.74333
12.885
10.53333
9.628333
11.37
12.9125
10.7625
13.485
11.72
11.34
11.43
10.418
12.225
13.95857
11.07428
13.565
12.755
11.66
12.22
10.47666
10.076
11.872
11.4125
12.32333
10.28
9.79
11.822
10.704
12.88
7.33
11.13
11.745
12.17
11.26
9.9
10.8
11.76
11.45
11.92
11.65
14.26333
12.682
12.42
15.32
12.78
11.76
11.22
14.51428
11.41
9.97
12.08
11.92
13.42
11.77
11.95
12.37428
9.98
14.54
11.51
9.185
13.03
12.29
12.19
10.918
13.22
12.974
11.34166
13.29
12.64
10.685
12.02
12.1
9.7325
9.973333
11.24
10.82666
11.35
13.36
12.01833
9.511428
10.98
10.34333
13.065
11.07
8.675
12.645
10.84
6.08
10.64
10.1275
11.25
12.935
12.115
13.3775
11.565
12.394
11.26875
11.39
10.3375
11.62
14.6
13.81
11.8
13.275
13.06
12.13
13.71
12.335
11.66
12.89
11.75333
13.2
11.8225
10.23
8.48
12.87
12.415
13.04285
9.52
10.12
14.48
13.7025
13.38666
13.36666
11.13
12.15666
11.32285
12.54
10.67333
14.03333
12.85666
13.23
11.6125
12.39
11.975
12.41
14.36
8.1
12.85142
16.58
12.56
12.705
11.71
13.814
12.5
10.69
9.33
12.715
11.706
11.71869
10.23
13.30857
11.96
12.31
12.07
9.64
9.74
11.75538
11.34333
13.56
10.53
11.84
10.49
12.74
12.192
12.02
12.42
9.954
10.855
11.28
14.372
10.52
12.85375
11.555
11.8
12.83
10.215
11.682
9.69
11.14666
12.3425
11.625
13.245
11.345
9.3425
10.5825
11.58
11.82
15.10166
13.695
12.66
11.54
10.56
11.17
13.69
12.99
12.03571
9.4
11.14
12.18888
10.14333
11.06333
6.89
11.5925
8
10.375
12.17666
12.02
11.94
11.7325
10.17
11.17
11.005
11.42
12.53
10.665
11.38
15.055
9.8975
13.41
12.735
9.95
8.92
11.2975
11.74
12.36
12.84
13.39
9.155
14.53
10.24
11.03
13.2
12.72571
12.52
11.65
16.31333
12.655
15.58
12.7075
11.808
10.04
10.15
9.794
12.85
12.16
9.31
12.32
12.23833
11.8075
11.24333
13.295
11.09
11.86
10.05375
9.205
11.80333
12.41
8.003333
11.752
11.435
10.7
9.37
11.24
10.25
11.615
12.105
11.89
14.3075
12.78
13.35
10.26333
12.67333
9.52
11.86833
12.375
10.715
10.10666
12.3125
11.62
12.23
10.0625
10.865
13.00777
12.07
10
9.634
10.9775
11.07916
11.22263
11.93
12.7
14.595
13.36
11.73
13.24
12.26
12.68
12.07
12.04
12.836
11.86
12.5125
10.94857
11.94666
13.07
13.1725
11.42
10.99333
12.565
9.05
8.317
13.436
12.73578
13.558
11.2375
15.21
14.48
12.01
8.166666
9.985
10.7
11.14
7.68
12.4
14.44666
12.49
11.32
11.55
10.645
10.01
12.12
11.635
9.01
9.943333
13.45
12.975
12.07333
11.26
12.38
11.33222
8.8
11.07
9.945
10.95
12.96
11.51
12.38
13.05125
9.88
11.68
11.555
12.03
11.98
12.71
10.28666
12.91
7.07
10.388
14.52
12.96
10.56
12.49666
12.86714
14.145
13.36857
11.45
10.265
13.44
10.4725
12.16
9.98
11.11
13.41333
12.22
11.12
12.75
10.98
12.66
12.43833
13.69181
11.58666
9.86
12.9
11.47666
11.94
10.98333
14.2
11.13333
12.215
11.7725
11.335
11.66
11.36
10.816
11.64
9.035
13.21833
11.906
11.018
13.51333
9.97
14.555
12.85333
14.72
13.52
9.11
10.88357
11.36
11.99666
11.79
13.0825
10.42666
11.11
12.183
12.97833
12.27333
11.21625
10.94333
12.71714
12.195
9.693333
13.96857
11.64
13.23
15.662
9.307142
12.3
12.318
10.28833
12.3575
13.585
10.49
12.64
11.07833
9.895
8.2225
8.2775
11.5
8.66
10.71666
12.49
8.265714
12.57
12.41
12.07
11.825
12.65
11.87736
12.93666
13.52
12.16
13.645
9.04
12.3
14.648
12.93333
12.9425
15.19666
11.71
9.4
11.58
13.51
10.41
10.6025
14.16
11.39333
12.79
11.922
12.97
14.66
10.745
12.25
10.34142
10.486
13.526
12.57
11.18
12.73
9.616666
12.48
10.4975
13.67375
11.015
11.484
11.47
12.91
13.9175
14.34
12.37
13.38333
11.29666
10.59
13.24
10.47153
11.19
12.808
11.85
11.64125
9.715
8.3
12.575
11.57
10.05666
13.18
14.0775
11.05333
10.47333
12.92
13.13333
14.11333
11.404
13.22
11.74666
13.72
13.42
9.638
13.305
13.185
11.16
12.22
10.77
10.24
13.58
12.99
11.75
8.78
12.47571
11.38
10.76666
14.4
12.98
9.7575
10.97
10.93157
12.19
13.4075
13.49153
10.65
12.90571
13.67666
13.08
8.91
11.525
14.31
12.17571
15.345
12.62
12.82142
14.42
13.77
12.12
9.21
12.506
11.53
12.13
14.32
10.175
12.04
11.93
9.392
11.12
12.26
13.065
12.72857
13
11.28
11.66
10.85
10.71
12.25
10.096
10.38
10.58
10.45
11.16142
13.09
10.17666
12.32
12.14
11.24666
11.59
12.83
10.29
11.6725
8.2825
13.51
10.68888
13.42
9.78
13.57
11.306
11.85
11.37666
13.3
11.03
14.61333
11.406
12.32363
10.48
11.41
12.23
10.70333
13.03
10.876
12.48
11.90285
13.3075
11.88
13.05
11.38
10.865
9.625
14.9
11.34
12.14
11.98
10.53
12.575
10.17285
13.50666
12.20666
13.16
12.32666
12.4825
12.258
12.60818
11.71666
10.7
12.06
9.9975
10.2675
11.96
12.075
10.15
11.88
9.48
11.08
12.23
12.12
12.16333
11.5
9.31
11.14
9.42
12.01
9.81
11.9
12.4
12.8325
12.69666
9.153333
15.77333
14.2425
11.97
9.47
11.27166
12.829
9.186666
14.7025
10.95
9.56
12.28333
9.888
11.67
12.965
12.28666
12.83
12.22
10.625
10.292
11.215
13.085
12.76
11.86142
13.19
11.532
12.15111
13.61
11.36444
11.17
12.71666
11.77
11.73333
9.165
11.66
11.77
12.69
11.225
13.6209
11.31
13.76
11.29666
10.5
12.72
11.225
9.0675
13.544
10.145
11.688
11.58
11.04333
13.54
10.285
12.96
12.8425
13.771
10.79333
13.792
9.09
11.465
13.326
9.26
12.07
12.25
11.694
9.497777
11.70333
13.305
11.71
12.18
11.61
12.05
11.56333
10.53
9.095
12.38666
12.42
12.71
12.48
10.02
9.625
12.17
12.92
11.25
10.73
13.69
12.8875
9.59
11.4775
11.412
10.54833
11.98
11.92
12.68428
12.78333
11.99
12.75
11.92
11.745
10.01
7.98875
9.98
12.865
9.82
10.08
11.8
9.375
9.28
12.26
10.49
11.89666
12.81
11.355
11.76
10.9
14.315
11.14
11.98
12.10166
12.74
10.9525
11.99666
11.75666
11.505
8.435
11.615
9.64
12.1625
12.92333
11.84
11.626
12.36
10.725
14.22
12.09
11.058
12.92
11.805
11.13
13.47
10.46
14.035
10.888
12.96
11.61
12.29
12.92
15.02166
12.57
11.685
10.92666
11.07777
11.15
12.70555
11.41333
9.535
10.49285
12.72
11.21333
11.465
14.468
13.384
13.36
11.16857
10.345
12.695
10.1825
11.86
12.96375
13.84833
12.83
11.1575
12.11
12.09125
12.62
10.105
10.35
13.35333
11.762
12.02
11.58
10.5325
11.40333
11.02
10.565
11.06333
11.23
12.69857
13.29
11.8
9.578571
10.94
8.95
12.165
12.45
12.72
11.31
11.35
11.65
11.34
13.42333
13.66
13.61
9.005
11.34
10.60888
12.98333
12.34
10.94
11.08285
11.29777
10.3
10.36857
12.6775
10.735
12.12
12.58
10.48
12.58
14.12307
11.015
12.278
13.915
10.385
13.50333
15.29714
11.46
12.874
9.88
12.89
9.91
11.73
14.86666
13.184
10.66333
14.65
12.07
11.758
11.105
10.89
11.72
11.47
9.76
10.73
12.85
12.49
13.39
10.3
11.5175
9.18
9.2
10.86
12.03
9.77
11.59
9.895555
11.8325
10.99333
11.068
9.54
14.24166
10.31285
12.37333
12.21
9.92
9.7975
12.39666
13.58
11.345
9.633333
13.34
16.11
11.46
11.174
13.29666
11.1
11.43666
13.05
11.874
13.32833
12.48
9.155714
8.85
12.29
10.86
13.26
13.14
10.745
8.791428
12.09
11.255
12.628
8.85
11.515
11.17428
12.15333
12.89428
12.45
13.12
10.44
10.2125
12.04
12.55428
11.42
14
14.446
13.22428
12.82
11.62833
11.72666
11.14
7.8
10.38
12.28
11.52
11.84
14.15
11.45
11.48
12.83
10.90857
11.97
12.36
8.575
8.21875
11.68
9.97
11.26333
10.085
12.22
7.97
11.87111
15.32
11.69
11.49
12.19142
13.166
10.46714
13.245
12.205
11.36333
12.9325
11.105
9.642857
12.405
11.94
8.515
10.76
9.565
10.53
14.67
11.59333
12.36666
11.87
12.08555
13.45
13.01
10.08333
12.455
11.70666
12.39
8.0625
13.06333
12.006
13.33
11.28
12.54
12.03166
10.04
12.64666
13.0925
12.47
10.72
12.83666
15.535
13.57
12.792
11.31
10.62
16.35714
13.22
12.7325
10.86666
10.798
12.182
11.2425
11.74
13.28
11.84
11.628
11.01333
13.09
13.94
9.892
10.81
11.53
10.985
11.585
11.1
13.07
12.364
13.8
10.965
11.01
12.78
9.22
12.71
10.24
13.33
11.99
13.305
11.72
13.665
13.36
13.91
10.85
13.94095
12.79
11.61
10.53
13.03
11.35333
11.96571
11.42
11.65
11.25
12.5
11.61
11.7
10.77571
12.53
9.91
12.885
10.184
12.225
12.49
13.43
15.61
11.8175
6.78
11.874
10.902
12.935
12.7475
12.92
11.94333
10.87666
9.562857
10.94
12.8
12.26789
9.53
12.15
13.69125
11.4975
12.324
9.828
14.645
10.96
11.414
14.71
8.905
10.97333
8.745
11.38
11.93
13.46
12.9225
13.78
8.9225
12.456
11.46
12.35
9.992
12.796
13.46
11.23333
12.155
11.75666
13.61
12.21666
13.63666
15.865
11.8
12.04
11.69
11.46
13.45666
11.21
11.35666
10.451
10.21
11.315
12.8275
14.59
12.12
15.57
11.24666
11.608
11.65714
12.3625
12.2
11.8025
10.22
12.495
11.18
13.12
11.145
11.91
9.914
13.443
12.08333
11.24
11.91333
12.05
13.05666
12.3525
12.01
13.314
8.395
12.24
11.97
13.79
13.47
10.86
13.50333
10.398
12.5
9.7
12.42666
12.11
11.85
10.4825
8.27
9.24
10.685
11.672
11.38
13.56
12.5725
11.815
13.86
9.92
11.9
11.18666
12.99
9.97
13.09
12.49333
12.562
13.26333
11.58
13.27666
12.44
11.49
11.15666
12.02
11.79222
12.1925
10.09
11.914
13.62
10.8
12.67222
9.5825
12.596
12.84
11.23
11.08
11.51
14.8375
10.635
11.07
10.12
12.94
11.71
11.74666
13.12
9.05
11.268
13.37
13.06
11.9
10.374
10.6375
10.18
11.44
10.14
12.615
13.67
12.038
11.83142
11.08
13.46
12.32
9.12
11.124
11.26
11.79
10.08
11.19
10.92
11.05
14.00428
12.67666
12.575
14.555
12.015
9.78
12.46222
11.24285
11.9
12.666
10.86
10.699
11.94
12.08
12.09
10.76
12.83666
10.34
12.4075
8.684
11.84
14.75
13.58
11.95714
12.268
12.73
12.265
12.29714
10.42
11.365
11.5025
10.445
12.28
11.44
10.635
11.15
9.795
10.23
14.52
13.86571
9.666666
10.75
11.9625
11.6875
12.04
15.41714
13.195
12.05428
11.572
10.97
11.83
14.35
12.195
11.96
11.555
8.56
14.21
10.458
11.26
10.624
9.915
13.207
11.38
13.935
12.13666
10.89666
13.28428
11.76
9.938571
12.69111
10.38
12.51
12.1
11.32
7.633333
13.69588
10.89333
9.65
12.16
13.75
12.92
12.66
9.437142
11.51333
13.52
12.56833
11.02
11.4
11.43
12.01571
12.02
11.75
12.21
13.29
13.36
10.315
10.90333
13.365
11.74857
10.39727
11.58
12.89
10.865
12
10.71333
11.77
15.4
11.32571
12.05
11.96
11.165
12.98272
12.69857
10.70666
11.19
10.93444
12.12
9.42
11.635
13.84
13.045
11.45384
11.11
12.19666
