0.12
0.05
0.01
0.31
0.85
0.01
0.23
0.14
0.58
0.02
0.02
0.75
0.01
0.2
0.03
0.57
0.09
0.09
0.86
0.39
0.14
0.22
0.74
0.22
0.34
0.02
0.03
0.03
0.6
0.27
0.9
0.24
0.09
0.02
0.08
0.21
0.13
0.16
0.11
0.03
0.03
0.46
0.38
0.12
0.73
0.34
0.42
0.03
0.08
0.84
0.43
0.63
0.73
0.07
0.43
0.22
0.14
0.07
0.05
0.72
0.58
0.78
0.51
0.9
0.07
0.11
0.04
0.16
0.24
0.56
0.14
0.11
0.18
0.21
0.06
0.03
0.12
1.05
0.11
0.41
0.81
0.42
0.07
0.07
0.59
0.03
0.28
0.74
0.65
0.09
0.16
0.27
0.11
0.39
0.18
0.15
0.13
0.53
0.38
0.32
0.25
0.01
0.85
0.47
0.72
0.02
0.14
0.05
0.68
0.73
0.61
0.36
0.69
0.83
0.02
0.07
0.71
0.32
0.83
0.35
0.23
0.25
0.91
0.46
0.94
0.36
0.16
0.65
0.24
0.54
0.11
0.46
0.29
0.69
1.02
0.26
0.52
0.003
0.18
0.29
0.27
0.92
0.16
0.01
0.38
0.08
0.09
0.53
0.81
0.55
0.46
0.23
0.53
0.8
0.93
0.22
0.55
0.5
0.05
0.02
0.15
0.17
0.11
0.07
0.57
0.1
0.48
0.29
0.37
0.02
0.05
0.35
0.48
0.2
0.26
0.21
0.48
0.13
0.61
0.59
0.77
0.48
0.52
0.82
0.01
0.61
0.76
0.12
0.03
0.88
0.41
0.21
0.17
0.35
0.26
0.01
0.19
0.93
0.08
0.04
0.05
0.46
0.67
0.59
0.67
0.34
0.14
0.03
0.1
0.48
0.19
0.24
0.74
0.11
0.64
0.02
0.12
0.07
0.86
0.44
0.43
0.07
0.87
0.27
0.26
0.34
0.51
0.18
0.74
0.02
0.57
0.04
0.83
0.01
0.07
0.73
0.1
0.34
0.65
0.5
0.36
0.12
0.24
0.17
0.94
0.05
0.3
0.08
0.3
0.03
0.37
0.004
0.03
0.01
0.98
0.2
0.47
0.02
