-0.7776615
-1.026339
-1.168441
-0.1026794
1.815691
-1.168441
-0.3868824
-0.7066108
0.8565058
-1.132915
-1.132915
1.460437
-1.168441
-0.4934585
-1.09739
0.8209805
-0.8842377
-0.8842377
1.851216
0.1815237
-0.7066108
-0.4224078
1.424912
-0.4224078
0.003896776
-1.132915
-1.09739
-1.09739
0.9275566
-0.2447809
1.993318
-0.351357
-0.8842377
-1.132915
-0.919763
-0.4579331
-0.7421362
-0.63556
-0.8131869
-1.09739
-1.09739
0.4302013
0.1459983
-0.7776615
1.389386
0.003896776
0.2880998
-1.09739
-0.919763
1.780166
0.3236252
1.034133
1.389386
-0.9552884
0.3236252
-0.4224078
-0.7066108
-0.9552884
-1.026339
1.353861
0.8565058
1.567013
0.6078282
1.993318
-0.9552884
-0.8131869
-1.061865
-0.63556
-0.351357
0.7854551
-0.7066108
-0.8131869
-0.5645093
-0.4579331
-0.9908138
-1.09739
-0.7776615
2.526199
-0.8131869
0.2525744
1.673590
0.2880998
-0.9552884
-0.9552884
0.8920312
-1.09739
-0.2092555
1.424912
1.105183
-0.8842377
-0.63556
-0.2447809
-0.8131869
0.1815237
-0.5645093
-0.6710854
-0.7421362
0.678879
0.1459983
-0.06715398
-0.3158316
-1.168441
1.815691
0.4657267
1.353861
-1.132915
-0.7066108
-1.026339
1.211760
1.389386
0.963082
0.07494753
1.247285
1.744640
-1.132915
-0.9552884
1.318336
-0.06715398
1.744640
0.03942215
-0.3868824
-0.3158316
2.028843
0.4302013
2.135419
0.07494753
-0.63556
1.105183
-0.351357
0.7144043
-0.8131869
0.4302013
-0.1737301
1.247285
2.419622
-0.2803062
0.6433536
-1.193308
-0.5645093
-0.1737301
-0.2447809
2.064369
-0.63556
-1.168441
0.1459983
-0.919763
-0.8842377
0.678879
1.673590
0.7499297
0.4302013
-0.3868824
0.678879
1.638064
2.099894
-0.4224078
0.7499297
0.5723028
-1.026339
-1.132915
-0.6710854
-0.6000346
-0.8131869
-0.9552884
0.8209805
-0.8487123
0.5012521
-0.1737301
0.1104729
-1.132915
-1.026339
0.03942215
0.5012521
-0.4934585
-0.2803062
-0.4579331
0.5012521
-0.7421362
0.963082
0.8920312
1.531488
0.5012521
0.6433536
1.709115
-1.168441
0.963082
1.495963
-0.7776615
-1.09739
1.922267
0.2525744
-0.4579331
-0.6000346
0.03942215
-0.2803062
-1.168441
-0.5289839
2.099894
-0.919763
-1.061865
-1.026339
0.4302013
1.176234
0.8920312
1.176234
0.003896776
-0.7066108
-1.09739
-0.8487123
0.5012521
-0.5289839
-0.351357
1.424912
-0.8131869
1.069658
-1.132915
-0.7776615
-0.9552884
1.851216
0.3591506
0.3236252
-0.9552884
1.886742
-0.2447809
-0.2803062
0.003896776
0.6078282
-0.5645093
1.424912
-1.132915
0.8209805
-1.061865
1.744640
-1.168441
-0.9552884
1.389386
-0.8487123
0.003896776
1.105183
0.5723028
0.07494753
-0.7776615
-0.351357
-0.6000346
2.135419
-1.026339
-0.1382047
-0.919763
-0.1382047
-1.09739
0.1104729
-1.189756
-1.09739
-1.168441
2.277521
-0.4934585
0.4657267
-1.132915
