2.944439
0.9162907
0
2.70805
0
2.302585
3.044522
3.7612
2.70805
1.609438
3.433987
4.744932
3.828641
1.94591
3.091042
1.386294
1.178655
2.397895
1.609438
1.94591
0
3.367296
2.70805
3.89182
1.098612
1.704748
1.704748
4.158883
1.94591
0
2.564949
1.609438
0.6931472
1.386294
0
2.197225
1.098612
0
1.609438
0.9162907
2.197225
2.397895
4.844187
0.6931472
1.386294
4.007333
0
0.6931472
4.442651
1.609438
2.70805
0
3.7612
2.564949
1.098612
2.70805
0
1.94591
1.609438
2.197225
0
3.218876
2.70805
2.351375
2.079442
0
0
2.70805
0
4.26268
3.7612
4.844187
1.609438
2.397895
4.442651
0.9162907
2.564949
2.564949
2.397895
0
3.367296
2.197225
0
1.94591
2.70805
0
3.583519
0
1.94591
3.7612
1.94591
1.386294
2.772589
2.197225
0
2.397895
2.302585
1.609438
3.7612
0
2.484907
1.981001
2.079442
3.583519
2.772589
0.6931472
2.140066
0
1.704748
2.833213
3.218876
1.386294
4.442651
0
1.94591
0
3.091042
2.197225
0
2.302585
0
1.832581
1.386294
2.70805
2.351375
0
0.6931472
1.386294
4.043051
1.791759
1.609438
3.89182
3.010621
2.397895
2.397895
1.098612
4.844187
0
3.7612
0
0
0
1.94591
1.386294
0.6931472
3.583519
0
3.367296
3.091042
3.7612
2.564949
0.9162907
4.26268
2.564949
2.397895
4.770685
2.70805
0
2.587764
2.140066
0
0.6931472
2.302585
1.94591
3.218876
3.367296
2.70805
1.609438
1.098612
3.367296
1.098612
2.197225
2.674149
1.504077
4.043051
1.386294
0
3.367296
3.610918
0
3.433987
1.098612
0.6931472
1.098612
2.442347
2.302585
1.981001
0
1.94591
2.442347
4.691348
1.94591
3.367296
2.70805
1.94591
1.94591
1.609438
4.007333
4.442651
1.94591
4.085976
0
2.197225
2.374906
2.564949
3.367296
0
2.277267
0
4.158883
1.609438
3.583519
3.218876
1.098612
0.9162907
0
0
2.944439
3.89182
2.70805
0
1.609438
4.110874
1.94591
1.098612
4.406719
1.704748
4.26268
0
3.367296
3.725693
3.583519
2.70805
0
3.610918
2.140066
2.197225
2.302585
3.912023
0
3.367296
1.609438
1.704748
1.098612
0.6931472
0
3.367296
0
3.091042
0
0
2.302585
0
0
3.218876
3.7612
0
3.610918
2.917771
0
1.098612
3.218876
1.791759
2.674149
1.098612
1.386294
0
3.277145
1.098612
1.098612
0
3.912023
2.564949
1.609438
2.772589
0
2.833213
3.218876
1.386294
1.098612
0
0
2.70805
2.079442
2.587764
3.367296
2.821379
0.6931472
0
1.098612
0
0
0
2.197225
2.197225
0
0
2.70805
0
0
2.302585
0.6931472
1.098612
3.912023
1.94591
0
2.70805
3.091042
0.6931472
3.676301
3.306887
3.583519
1.704748
2.833213
2.70805
0
2.197225
0.6931472
1.098612
4.844187
0.9162907
4.043051
3.218876
1.098612
1.386294
2.564949
3.218876
1.609438
0.6931472
3.044522
2.70805
2.70805
0
1.94591
2.079442
1.791759
3.367296
0
0
1.94591
3.7612
3.218876
1.609438
2.197225
3.583519
0
1.252763
2.079442
1.94591
3.367296
3.091042
2.772589
1.386294
3.7612
0
2.70805
0
2.397895
1.94591
2.772589
0.6931472
3.332205
1.609438
3.912023
5.129899
0
0
0.6931472
1.098612
0
2.564949
2.079442
1.098612
2.140066
1.386294
2.397895
1.609438
0
0.6931472
1.386294
2.197225
1.098612
1.94591
0
3.044522
3.044522
2.564949
0.6931472
0
1.386294
3.433987
2.674149
0
2.140066
2.944439
0
1.609438
3.367296
0
0
3.433987
0.6931472
0
3.157000
2.442347
1.609438
1.94591
1.94591
3.7612
1.386294
2.564949
2.197225
1.098612
0
1.609438
0.6931472
0
2.564949
0
2.302585
0
3.091042
2.821379
4.442651
0
1.609438
3.7612
1.791759
1.94591
3.828641
2.397895
1.098612
2.140066
1.098612
2.374906
2.833213
1.791759
2.70805
4.158883
4.043051
3.632309
4.442651
3.583519
1.504077
4.158883
4.158883
1.94591
3.218876
4.158883
4.442651
1.94591
1.504077
3.912023
3.367296
2.302585
4.158883
3.443618
2.397895
2.639057
2.564949
1.386294
0
3.433987
2.302585
0
0.9162907
3.433987
0
2.985682
0.6931472
0
1.252763
1.098612
3.332205
0
3.89182
2.70805
1.609438
0.6931472
4.844187
0
0
1.609438
2.70805
0
2.140066
2.397895
0
3.044522
0
0
3.583519
2.70805
1.098612
4.844187
2.197225
2.70805
1.981001
0
1.609438
1.609438
0
1.791759
2.70805
2.833213
2.197225
0
0
3.058707
3.044522
0
1.098612
1.832581
0
1.94591
2.079442
2.397895
3.367296
2.70805
0
3.332205
2.564949
0
0.6931472
3.367296
3.044522
0
0
3.367296
1.609438
1.94591
2.564949
0.6931472
1.098612
2.442347
2.302585
0.6931472
0
0.9162907
2.564949
3.044522
0.6931472
3.7612
0.6931472
0.6931472
2.833213
0
0.6931472
1.94591
2.70805
0
3.258097
1.386294
3.044522
0
1.704748
1.609438
3.367296
1.94591
1.386294
0
3.38439
0
1.94591
0
1.386294
2.397895
1.609438
4.844187
0
1.098612
3.89182
0
0
2.70805
0
2.70805
1.386294
1.94591
0
2.397895
4.043051
1.609438
2.944439
2.70805
0
1.704748
0.6931472
4.26268
2.70805
0
2.374906
2.70805
3.367296
3.332205
0
0
1.098612
3.044522
0.6931472
0.6931472
0
1.386294
0
0
1.704748
3.583519
2.564949
1.609438
3.433987
3.218876
1.386294
1.609438
2.70805
1.098612
2.944439
3.091042
2.772589
1.098612
4.26268
3.367296
0.6931472
1.386294
1.098612
0
2.70805
2.564949
2.140066
0
0
0
2.079442
0.6931472
2.397895
2.079442
0
3.433987
1.098612
0.6931472
0
2.197225
0.6931472
0
3.091042
0
2.564949
0
3.091042
3.258097
2.564949
2.197225
0
0
0
1.098612
2.564949
1.558145
3.367296
2.70805
3.367296
3.583519
2.564949
0
3.332205
1.098612
3.912023
0.6931472
2.564949
2.70805
3.7612
1.098612
2.944439
0.6931472
3.7612
3.7612
4.32148
3.044522
1.386294
4.043051
2.564949
3.258097
3.7612
1.098612
0.6931472
3.583519
2.302585
1.609438
3.367296
1.098612
3.912023
3.48124
0
0.6931472
2.302585
0
2.302585
0
3.367296
0.6931472
0.6931472
3.713572
2.079442
3.38439
0
3.7612
2.944439
1.704748
0
1.178655
1.832581
2.197225
0
0
3.7612
2.674149
3.7612
0
0
2.772589
2.564949
1.386294
1.94591
1.94591
1.704748
3.218876
1.098612
0
3.157000
1.386294
1.098612
1.558145
1.252763
0
1.252763
1.609438
0
0
1.098612
2.944439
0.6931472
2.197225
3.610918
2.302585
0
0.6931472
2.564949
0
0
0
1.386294
1.791759
3.583519
0
2.944439
3.367296
1.609438
2.944439
0
2.197225
2.197225
2.197225
0
3.332205
3.367296
0
1.098612
0
1.386294
4.442651
2.70805
1.94591
3.583519
1.791759
2.197225
2.397895
1.098612
3.367296
0
0.6931472
1.386294
2.397895
0
1.609438
3.583519
3.367296
0
0.6931472
0
0.6931472
0
0
0.6931472
2.302585
2.944439
2.302585
3.7612
3.496508
0.6931472
1.871802
2.850707
0
2.917771
0
3.912023
2.197225
3.7612
0
1.609438
2.564949
1.098612
0.6931472
0
3.526361
2.302585
3.044522
1.386294
0
4.007333
3.38439
3.583519
4.043051
3.044522
0.6931472
2.587764
1.791759
0
1.098612
1.94591
3.688879
0
3.218876
0.9162907
2.564949
2.564949
3.044522
2.944439
3.583519
4.043051
2.079442
3.349904
4.043051
0.6931472
1.609438
1.386294
0
1.791759
1.098612
4.158883
1.098612
1.098612
2.944439
0.6931472
1.386294
0
1.609438
1.609438
1.098612
1.94591
3.828641
1.94591
1.94591
0
0
3.091042
2.821379
4.26268
1.609438
1.386294
1.609438
3.912023
2.917771
2.944439
2.079442
3.433987
2.944439
0
2.079442
0.6931472
1.609438
3.044522
2.674149
0
3.610918
1.609438
0
0
1.098612
1.386294
2.70805
2.772589
1.609438
0
4.158883
2.674149
3.091042
1.098612
3.433987
0.6931472
2.079442
2.944439
2.197225
0.6931472
2.917771
1.098612
4.356709
3.044522
2.079442
0.6931472
0
0
1.94591
0
2.397895
3.332205
1.386294
0
1.94591
1.386294
4.007333
1.94591
1.386294
0
0
0
0
3.367296
0
3.610918
0.6931472
1.791759
1.94591
1.098612
1.94591
1.791759
2.772589
3.091042
3.713572
2.944439
0.6931472
3.010621
0
1.609438
2.70805
2.564949
2.302585
1.791759
3.091042
0
2.484907
0
2.70805
0
3.091042
1.386294
2.564949
4.043051
0.6931472
0
0.6931472
3.496508
2.70805
2.397895
2.772589
0
2.302585
2.70805
0
3.218876
1.386294
2.70805
3.218876
0
0.6931472
0
2.302585
2.197225
0
0
4.844187
2.70805
3.367296
0
0
2.197225
1.386294
4.158883
0
1.94591
0
1.098612
2.674149
0
3.044522
4.442651
0
0
2.602690
2.079442
0
3.610918
2.602690
2.484907
0
0
2.772589
3.044522
0.6931472
1.504077
2.70805
2.772589
0
0
1.386294
2.509599
2.302585
0
1.252763
2.564949
0
3.332205
3.218876
0
1.791759
3.058707
2.833213
2.397895
3.044522
3.258097
3.583519
0
0.6931472
2.302585
0.6931472
2.079442
3.713572
1.94591
1.098612
0
2.079442
0
3.157000
1.386294
1.94591
1.609438
3.044522
1.386294
0
2.70805
3.367296
2.70805
0
3.7612
2.564949
0
0
3.091042
2.70805
3.367296
0
5.129899
0.6931472
3.89182
4.007333
2.397895
4.007333
1.178655
2.397895
0.6931472
0
1.94591
0
0
3.091042
3.713572
1.609438
1.504077
2.564949
2.302585
1.504077
1.704748
0
4.442651
2.564949
0
0.6931472
0.6931472
4.442651
2.564949
0
2.509599
3.091042
1.791759
1.386294
1.558145
0
2.70805
1.609438
3.367296
0
0
4.844187
4.442651
0
0
3.349904
1.94591
1.386294
1.609438
0
2.197225
1.178655
1.981001
3.828641
1.386294
1.609438
0
3.367296
0.6931472
2.944439
2.70805
4.290459
0
0
2.772589
0
4.290459
0.6931472
3.367296
0
2.70805
0
3.912023
3.7612
0
1.609438
3.044522
4.356709
0
3.912023
2.302585
1.609438
2.564949
1.386294
2.564949
0.6931472
0.6931472
2.674149
3.912023
0
2.197225
2.197225
0
2.564949
1.098612
2.197225
3.367296
1.704748
2.70805
1.386294
0.9162907
1.791759
2.70805
2.944439
0.6931472
3.367296
2.833213
1.94591
1.098612
2.564949
2.70805
0
4.043051
3.367296
0.6931472
2.397895
0.6931472
0
2.197225
4.442651
0.6931472
1.94591
3.912023
1.609438
0
1.098612
0
2.70805
0
1.704748
0.6931472
1.386294
1.609438
0.6931472
3.218876
2.197225
2.397895
4.26268
0
0
3.433987
3.610918
0
1.609438
0
0
3.713572
3.367296
1.94591
3.218876
1.386294
4.406719
3.877432
3.912023
0.6931472
1.252763
0
2.564949
2.197225
0.6931472
1.94591
3.091042
1.609438
1.386294
3.367296
0.6931472
1.386294
1.252763
0.6931472
4.976734
1.609438
3.367296
0
0
1.94591
3.7612
3.091042
0.6931472
0
0
1.609438
1.098612
1.832581
3.912023
2.70805
3.044522
1.94591
0.6931472
0
3.218876
0.6931472
2.674149
1.609438
3.135494
2.772589
3.367296
0
0
2.197225
3.713572
3.332205
3.583519
1.504077
4.442651
0
3.218876
0.6931472
1.609438
2.833213
0
4.043051
2.833213
3.367296
0
0
2.197225
3.433987
2.397895
0
1.609438
0
2.397895
1.098612
2.197225
5.129899
2.833213
0.9162907
2.639057
4.110874
0
0.6931472
2.564949
2.850707
3.218876
1.609438
0
2.70805
3.367296
3.044522
2.917771
1.098612
3.367296
2.564949
1.94591
3.367296
1.098612
0.6931472
0
1.981001
3.583519
4.442651
3.367296
3.367296
0
4.158883
3.367296
2.079442
3.349904
1.609438
1.981001
4.369448
3.044522
3.367296
0
3.713572
4.043051
2.197225
3.332205
1.504077
1.386294
2.917771
1.981001
3.713572
0
5.09375
0
2.484907
1.94591
0.6931472
0.6931472
1.94591
2.70805
3.157000
2.302585
0.6931472
4.691348
0
3.091042
1.386294
4.290459
0
0
0.6931472
3.091042
0.6931472
4.283587
2.197225
1.791759
0
2.302585
0
3.367296
1.609438
3.89182
4.043051
0
1.94591
4.007333
0.6931472
1.609438
1.098612
1.386294
0
3.912023
2.442347
3.610918
2.944439
3.367296
4.043051
1.098612
2.079442
2.397895
2.079442
0
3.332205
5.129899
4.442651
0
0
0
3.218876
0
1.098612
0
0
1.098612
0
0
4.442651
0
3.7612
4.442651
1.609438
3.250374
0
0.6931472
3.433987
1.704748
3.091042
2.442347
2.70805
0
1.609438
2.70805
0
0
2.397895
0
2.197225
0
1.178655
1.098612
2.197225
0
3.367296
2.302585
2.397895
3.828641
4.158883
0.6931472
0
2.70805
0
0
1.098612
0
2.674149
0.6931472
1.791759
0
0
0
2.944439
0
1.609438
1.386294
2.197225
3.218876
0
1.178655
1.098612
3.433987
0
0
4.025352
1.791759
2.564949
2.833213
3.583519
0
2.70805
0
1.098612
1.791759
3.583519
3.951244
4.460144
1.94591
3.044522
0.6931472
0.6931472
2.302585
1.609438
2.397895
1.098612
1.386294
2.197225
0.6931472
0
1.791759
0
4.442651
1.94591
3.367296
0
3.713572
2.70805
2.70805
2.564949
0.6931472
2.862201
3.258097
1.098612
0
2.564949
4.043051
0.6931472
3.332205
2.564949
2.397895
3.433987
0
4.442651
2.917771
4.844187
1.386294
1.098612
0
1.098612
2.602690
2.70805
2.944439
2.944439
2.197225
1.94591
3.583519
0
1.609438
2.772589
0
0
3.7612
0
2.772589
0
1.098612
2.70805
0
2.140066
1.609438
0
3.332205
1.94591
4.356709
1.609438
2.079442
3.091042
0
1.098612
1.386294
2.944439
0
3.89182
1.94591
3.218876
3.583519
3.979682
0
1.609438
2.772589
4.844187
0.6931472
3.044522
0
0
2.277267
3.828641
3.713572
3.713572
1.94591
1.609438
3.583519
1.791759
3.367296
0
2.70805
1.94591
1.791759
0.6931472
0
0.6931472
2.995732
0
2.197225
0.6931472
1.098612
1.609438
2.906901
2.079442
4.844187
1.386294
2.833213
2.70805
3.496508
3.367296
3.610918
2.197225
0
1.098612
0
0
1.098612
0
2.674149
1.098612
0
1.791759
0
0
0
0
1.386294
3.569533
0
0.6931472
0.6931472
1.098612
2.70805
3.496508
1.791759
2.397895
2.70805
0
4.356709
2.564949
2.70805
3.7612
0.6931472
1.098612
1.098612
3.218876
0
0.6931472
3.89182
2.564949
3.931826
4.043051
0
0.6931472
2.197225
1.386294
3.912023
0
0.6931472
2.302585
3.828641
4.691348
3.044522
3.713572
1.098612
0
0
1.832581
2.197225
3.367296
3.367296
0
2.995732
3.526361
3.157000
4.442651
0.6931472
0.6931472
2.197225
0
2.833213
3.258097
1.609438
3.7612
0
4.442651
0
3.549617
0.6931472
2.70805
0
2.70805
3.549617
1.098612
0
0
1.098612
0
2.277267
4.158883
2.079442
1.94591
2.70805
2.70805
1.386294
0
0
0
0
2.397895
1.178655
3.044522
0
2.442347
3.7612
0.6931472
3.427515
2.602690
0.6931472
1.386294
0
1.098612
2.772589
1.386294
0
0
0.6931472
2.564949
0
1.94591
3.7612
3.912023
2.397895
2.564949
0.6931472
2.509599
3.433987
2.944439
0
4.844187
1.098612
0
0.6931472
3.7612
4.844187
2.014903
0.6931472
0
1.504077
1.504077
1.791759
1.178655
2.944439
1.386294
3.7612
1.791759
0.9162907
0
0
0.9162907
3.218876
4.32148
1.098612
2.140066
0
0
0
0.6931472
2.197225
1.609438
1.252763
1.94591
1.098612
3.89182
1.178655
0
4.110874
2.397895
4.442651
0
2.197225
0
0.6931472
0
4.26268
4.442651
1.609438
0
2.564949
0
0
3.970292
0
1.609438
0
1.609438
1.609438
2.70805
2.197225
0
2.772589
1.791759
2.302585
0
2.197225
4.110874
1.94591
0
2.397895
3.091042
1.386294
0.6931472
2.079442
0.6931472
2.944439
0
1.94591
0
0
0
1.098612
0.6931472
1.386294
2.674149
4.290459
3.89182
0
1.94591
2.197225
1.178655
1.252763
0.9162907
2.833213
2.197225
2.944439
5.129899
3.218876
0
2.277267
0.6931472
3.044522
1.609438
0
0
0.6931472
1.386294
2.70805
2.772589
4.290459
3.966511
0
1.098612
0.6931472
3.044522
3.020425
2.772589
2.397895
0
1.609438
2.564949
0.6931472
1.098612
2.564949
1.94591
2.944439
0
2.397895
4.110874
0.6931472
2.397895
3.258097
0.6931472
2.397895
1.609438
0
0
0
1.609438
0
2.564949
0
1.609438
0.6931472
2.70805
2.850707
2.397895
2.564949
2.833213
2.944439
1.386294
1.386294
0.9162907
1.94591
3.583519
1.098612
0.6931472
0
2.564949
2.70805
0.9162907
2.197225
0
0
3.332205
1.94591
1.098612
0
1.386294
1.94591
1.386294
1.704748
0
1.098612
1.386294
2.833213
3.7612
3.044522
1.098612
2.772589
2.197225
0.6931472
3.218876
2.484907
0.6931472
2.70805
2.70805
2.079442
1.098612
0
1.609438
0
1.609438
2.917771
0
0
3.258097
0
0
1.098612
3.89182
2.302585
3.091042
4.043051
1.098612
1.386294
1.791759
0
1.609438
1.252763
2.70805
0
0
2.397895
3.367296
4.574711
1.386294
1.098612
3.218876
0
1.386294
3.367296
1.94591
2.70805
2.374906
1.609438
1.386294
1.098612
3.044522
0
0
3.157000
2.197225
1.94591
3.877432
0
0
3.091042
4.043051
0
3.583519
2.70805
0.6931472
2.674149
1.832581
1.94591
2.564949
2.70805
1.94591
3.091042
2.639057
0
1.94591
2.944439
0
0
1.558145
1.609438
3.044522
3.713572
4.158883
1.098612
2.564949
1.94591
0
1.386294
3.367296
1.386294
2.564949
2.833213
1.981001
0
1.609438
0
2.70805
2.833213
1.098612
0
2.484907
2.079442
2.862201
1.609438
0
0
4.691348
3.367296
0
3.433987
2.70805
2.70805
2.833213
3.828641
4.158883
2.140066
1.94591
0
2.70805
0
0
1.252763
1.94591
0.6931472
2.564949
0
3.7612
1.386294
1.098612
2.397895
2.302585
4.844187
1.504077
4.844187
0.6931472
1.94591
3.828641
1.386294
3.912023
3.218876
2.772589
3.970292
4.844187
0
1.386294
2.079442
3.713572
0.6931472
2.302585
3.367296
2.140066
2.197225
0
2.079442
3.044522
3.48124
0
2.442347
4.043051
0
1.704748
0
1.386294
3.332205
0
0.6931472
2.397895
2.674149
2.772589
2.397895
1.098612
4.442651
2.079442
1.871802
3.828641
1.791759
0
2.197225
1.098612
0
3.218876
3.044522
1.098612
1.386294
1.098612
1.098612
2.302585
1.098612
4.844187
0
2.564949
0
2.397895
3.367296
2.302585
4.442651
2.509599
1.098612
1.94591
0
1.871802
2.862201
0
2.772589
1.098612
1.94591
0.6931472
1.098612
1.098612
1.609438
0
1.098612
1.791759
2.079442
2.70805
0
1.609438
0
1.609438
1.94591
4.442651
0.6931472
3.583519
3.218876
0
1.704748
3.135494
0
3.295837
1.098612
0.6931472
2.442347
1.609438
0.6931472
1.098612
3.091042
2.397895
1.94591
2.772589
1.386294
3.511545
0
3.091042
3.7612
3.367296
2.397895
0.6931472
0.6931472
0
4.26268
1.386294
3.367296
0
1.098612
4.290459
3.7612
0
1.609438
0
2.985682
3.688879
2.564949
0
1.098612
4.110874
3.091042
0
3.367296
2.397895
3.7612
1.791759
0.6931472
1.098612
3.713572
0.6931472
1.098612
1.94591
2.995732
4.26268
2.302585
0
0
3.7612
2.944439
1.098612
1.098612
1.098612
0
1.098612
0
0
0
4.158883
0
2.197225
3.583519
1.609438
1.098612
0
4.26268
2.70805
4.442651
3.091042
2.772589
2.197225
3.632309
2.587764
3.020425
1.981001
3.044522
4.844187
1.098612
0.9162907
2.772589
1.098612
0
3.7612
2.70805
0
2.564949
2.197225
3.7612
1.098612
1.609438
0
0
3.044522
3.921973
3.367296
1.252763
3.091042
4.32148
1.94591
1.098612
2.224624
3.912023
3.610918
2.251292
1.098612
0.6931472
1.609438
1.791759
2.079442
0
2.197225
1.098612
1.609438
0
0
4.356709
3.583519
1.386294
3.828641
0
5.129899
0
0
0.6931472
4.043051
4.043051
3.367296
3.367296
4.442651
1.94591
1.704748
0.6931472
2.70805
4.110874
0
1.098612
1.098612
2.397895
0
0
2.564949
2.772589
0
2.70805
3.218876
1.609438
2.772589
2.890372
3.091042
2.302585
2.70805
2.833213
2.079442
0
2.564949
2.197225
2.564949
0
3.427515
0
0
1.791759
1.609438
1.94591
2.197225
3.091042
2.70805
2.397895
0.6931472
0
1.386294
0
2.197225
2.564949
1.098612
0
3.091042
1.098612
2.995732
3.931826
0
1.609438
0
2.564949
3.912023
0
2.564949
0
3.091042
0.6931472
0.6931472
1.94591
2.602690
3.7612
3.610918
2.047693
1.94591
0
1.94591
2.70805
0
4.844187
0.6931472
1.098612
2.397895
0
3.650658
3.367296
3.89182
1.609438
1.386294
1.609438
2.70805
2.944439
1.098612
1.098612
1.791759
2.302585
2.197225
3.091042
3.367296
2.302585
3.713572
3.7612
0.6931472
0
1.981001
4.043051
0
2.821379
0
3.367296
2.197225
0
3.367296
0
2.079442
2.509599
0.9162907
1.098612
1.098612
1.386294
0
1.609438
0.6931472
0
2.442347
3.367296
4.007333
0
1.94591
2.564949
3.433987
1.94591
1.94591
3.433987
0.6931472
2.140066
2.70805
0.6931472
2.70805
0.9162907
3.091042
0.6931472
0.6931472
1.609438
3.367296
1.609438
0.6931472
2.397895
1.609438
1.791759
5.129899
2.70805
2.442347
1.098612
2.833213
4.007333
1.386294
0.6931472
3.367296
3.218876
0
1.704748
1.94591
0
1.098612
0
2.197225
3.713572
0
2.197225
3.583519
2.694627
3.610918
3.367296
3.7612
1.504077
0
4.110874
0
3.332205
2.197225
2.564949
2.944439
1.098612
0
0
2.442347
4.844187
0.6931472
3.367296
2.772589
1.609438
0.6931472
1.386294
2.70805
0
2.772589
3.7612
0
0
0
1.386294
1.609438
3.912023
1.386294
1.94591
2.197225
0
0
2.674149
4.043051
2.70805
0
0
3.7612
