1 1.8 6 11 3 3 1 3 0 0 0 0 0 0 3 0 0 0
0 7.7 3 18 3 1 1 2 0 0 0 1 1 1 3 0 0 0
0 1.2 6 11 1 4 1 3 0 0 0 0 0 0 3 0 0 0
0 1.41 3 15 1 3 1 1 0 0 0 1 1 1 3 0 0 0
1 0.738 3 11 1 3 3 2 0 0 1 0 1 0 1 0 0 0
1 2 2 12 1 1 1 2 0 0 0 1 0 0 3 0 0 0
1 1.21 3 12 3 1 1 2 0 0 0 1 1 1 3 0 0 0
1 0.525 4 16 3 3 1 4 0 0 0 1 1 1 2 1 1 0
1 3.04 5 18 3 1 3 4 1 0 0 1 1 1 3 0 0 0
0 2.17 4 16 3 1 1 3 1 0 0 1 1 1 3 0 0 0
1 0.593 2 15 1 4 2 3 0 0 0 0 1 1 2 0 0 0
1 1.2 2 15 1 3 1 3 0 0 0 1 1 1 3 0 0 0
0 0 6 12 3 3 2 3 0 0 0 0 1 0 3 0 0 0
0 0.7 3 14 3 3 2 1 0 0 0 0 1 1 2 0 0 0
0 1.2 2 16 3 3 3 3 0 0 0 0 1 1 1 0 0 0
1 0.386 2 9 1 4 3 2 0 1 0 0 1 1 2 0 0 1
0 1.12 3 14 3 1 1 1 0 0 0 1 1 1 3 0 0 0
0 2.86 4 12 3 1 3 3 1 0 1 1 1 1 2 1 1 0
1 1.39 4 12 3 1 3 1 1 0 0 1 1 1 3 0 0 0
0 0.48 4 12 3 1 3 2 1 0 0 0 1 1 3 0 0 0
0 0.572 4 7 3 2 3 2 1 1 0 0 1 1 3 0 1 0
1 3.6 5 18 3 2 3 4 1 0 0 1 1 1 3 0 0 0
0 5.05 1 18 3 1 1 3 0 0 0 1 0 0 3 0 0 0
0 2.11 4 12 3 4 3 1 1 0 0 1 1 1 2 0 1 1
0 2.7 1 16 3 4 1 2 0 0 0 1 1 1 3 0 0 0
0 3.23 3 12 3 1 1 4 0 0 0 1 1 1 3 0 0 0
0 4.25 1 18 3 1 1 1 0 0 0 1 1 1 2 0 0 0
1 0.8 6 10 3 1 1 4 0 0 0 0 0 0 3 0 0 0
0 1.88 6 18 3 4 1 3 0 0 0 1 1 0 3 0 0 0
1 0.577 5 0 3 1 3 4 1 1 0 0 1 1 1 1 1 1
1 3.04 4 12 3 2 1 1 0 0 0 1 1 0 3 0 0 0
0 0 3 9 3 1 1 2 0 0 0 0 0 0 3 0 0 0
1 1.8 3 16 3 3 1 3 0 0 0 1 1 1 3 0 0 0
0 1.76 5 15 3 1 3 2 1 0 0 1 1 1 3 0 0 0
0 2 2 12 3 1 1 2 0 0 0 1 1 1 3 0 1 0
0 1.73 4 12 3 3 3 2 1 0 0 1 1 1 3 0 1 0
0 2.31 6 16 3 1 1 4 0 0 0 1 1 1 3 0 0 0
0 0.84 3 6 3 1 3 3 0 0 0 0 1 1 1 0 0 0
0 2 6 11 3 1 1 4 0 0 0 1 0 0 3 0 0 0
1 0.272 5 8 3 3 3 3 1 0 0 0 0 0 3 0 0 0
0 2.63 3 18 3 1 1 4 0 0 0 1 1 1 3 0 0 0
0 0.752 6 14 3 4 1 3 0 0 0 1 0 0 3 0 0 0
0 1.03 2 12 3 3 3 2 0 0 1 0 0 0 3 0 0 0
0 0.803 4 17 3 3 1 1 0 0 1 0 1 0 2 0 1 0
0 4.4 3 18 3 1 1 1 0 0 0 1 1 1 3 0 0 0
0 2.42 2 14 3 1 1 4 0 0 0 1 1 0 3 0 0 0
0 1.03 2 12 3 1 1 1 0 0 0 1 1 1 3 0 0 0
1 0 2 8 1 1 2 1 1 0 0 0 1 0 1 0 1 1
0 0.173 2 12 3 2 3 2 0 1 0 0 1 1 2 0 0 0
0 1.9 5 18 3 1 3 2 1 0 0 1 1 1 3 0 0 0
0 2.57 2 12 3 1 1 3 0 0 0 1 1 1 3 0 0 0
1 0.4 2 8 3 3 1 3 0 0 0 1 1 1 3 0 0 0
0 5.45 5 16 3 1 1 1 1 0 0 1 1 1 3 0 0 0
0 3 6 16 3 1 1 2 0 0 0 1 0 0 3 0 0 0
0 0.428 3 8 3 3 3 3 0 0 0 0 0 0 1 0 0 0
0 5.5 4 16 3 4 3 2 0 0 0 1 1 1 2 0 0 0
1 3.05 1 12 3 1 1 1 0 0 0 1 1 1 3 0 0 0
0 0.01 1 17 3 1 3 1 0 0 0 1 1 0 3 0 0 0
0 0 3 14 3 3 3 4 0 0 0 0 1 1 3 0 0 0
0 0.988 6 12 3 1 1 1 0 0 0 0 1 1 3 0 0 0
0 2.1 3 16 3 3 1 2 0 0 0 1 1 1 3 0 0 0
1 1.9 6 12 3 3 1 4 0 0 0 1 0 0 2 0 1 1
0 4.25 3 12 3 1 1 1 0 0 0 1 1 1 3 0 0 0
0 5.73 5 16 3 1 3 2 1 0 0 1 1 1 3 0 1 0
0 0.4 6 13 3 3 1 2 0 0 0 1 0 0 3 0 0 0
1 2.29 2 9 3 1 1 3 0 0 0 1 1 1 3 0 0 0
0 0.4 2 4 1 4 3 3 1 0 0 0 1 1 1 0 0 1
1 1.06 3 9 3 1 2 1 0 0 0 1 0 0 3 0 0 0
0 0.806 3 8 3 4 1 2 0 0 0 1 1 1 3 0 0 0
0 1.33 5 8 3 1 3 1 1 0 0 1 1 1 3 0 0 0
0 9.65 5 16 3 1 3 3 1 0 0 1 1 1 3 0 0 0
0 2.4 4 11 3 3 1 2 1 0 0 1 0 0 3 0 0 0
0 2.54 1 17 3 1 1 2 0 0 0 1 1 1 3 0 0 0
0 0.8 3 12 3 1 1 4 0 0 0 1 1 1 3 0 0 0
0 1.2 2 10 3 3 1 2 0 0 0 1 1 1 3 0 0 0
1 0.87 3 7 3 1 1 3 0 0 0 1 1 1 3 0 0 0
0 1.3 6 9 3 1 1 1 0 0 0 0 0 0 3 0 0 0
0 1.3 1 17 3 3 1 3 0 0 0 1 1 1 3 0 0 0
1 0 1 10 1 4 2 2 0 0 0 0 0 0 3 0 0 0
0 1.3 4 18 3 1 1 3 1 0 0 1 0 0 2 0 0 0
0 1.93 3 14 3 1 1 2 0 0 1 0 1 1 3 0 1 0
0 4.31 2 16 3 3 1 1 0 0 0 1 0 0 3 0 0 0
0 2.6 1 18 3 1 1 3 0 0 0 1 0 0 3 0 0 0
0 3.27 6 16 3 4 1 1 0 0 0 1 0 0 3 0 0 0
0 2.73 5 18 3 1 3 4 1 0 0 1 1 1 3 0 0 0
1 2.42 1 14 3 1 1 2 0 0 0 1 0 0 3 0 0 0
0 0.595 5 8 3 2 3 1 1 0 0 1 1 1 3 0 0 0
0 0.9 1 13 3 1 1 3 0 0 0 1 1 1 3 0 0 0
0 5.08 1 14 2 1 1 4 0 0 0 1 1 1 3 0 0 0
1 5.04 2 18 1 3 1 1 0 0 0 1 1 1 3 0 0 0
0 1.5 2 12 3 1 1 4 0 0 0 1 1 1 3 0 0 0
0 1.93 4 12 3 1 1 2 1 0 0 1 1 1 3 0 1 0
0 7.08 3 16 3 1 1 2 0 0 0 1 1 0 2 0 0 0
0 3 6 13 1 1 1 3 0 0 0 1 0 0 3 0 0 0
0 3.73 2 15 3 3 1 3 0 0 0 1 1 1 3 0 0 0
0 0.154 6 10 3 1 3 2 0 1 0 0 1 1 3 0 1 0
0 1.4 2 12 1 3 1 3 0 0 0 0 0 0 3 0 0 0
0 1.95 3 12 3 1 1 2 0 0 0 1 1 1 3 0 0 0
1 5 3 18 3 1 1 2 0 0 1 1 0 0 3 0 0 0
0 0.9 4 12 3 1 3 2 0 0 0 1 1 1 3 0 0 0
1 1.02 4 12 3 1 1 2 1 0 0 0 1 1 3 0 0 0
0 17.3 2 18 3 1 1 2 0 0 0 1 0 0 3 0 0 0
0 1.54 6 12 3 4 1 2 0 0 0 1 1 1 3 0 0 0
1 0 2 12 1 3 3 2 0 1 0 0 1 1 1 0 1 0
0 0.795 5 7 3 1 1 2 1 0 0 0 1 1 3 0 0 0
0 1.78 3 12 3 1 3 4 0 0 0 1 1 1 1 0 0 0
0 5 2 12 3 3 1 1 0 0 0 0 1 1 3 0 0 0
0 0.878 5 16 3 1 3 2 1 0 0 1 1 1 3 0 0 0
0 3.6 3 12 3 1 1 2 0 0 0 1 1 0 3 0 0 0
0 8.07 2 18 3 3 1 2 0 0 0 1 1 1 3 0 0 0
1 1.9 4 12 3 1 3 2 0 0 0 1 1 1 3 0 1 0
1 2.05 6 16 3 1 1 2 0 0 0 1 1 1 3 0 0 0
0 0.85 6 12 3 4 1 2 0 0 0 0 0 0 3 0 0 0
1 1.34 3 16 3 3 1 1 0 0 0 1 1 1 1 0 0 0
0 1.72 5 8 3 1 3 2 1 0 0 1 1 1 3 0 0 0
1 0.825 5 12 3 1 3 4 1 0 0 1 1 1 3 0 1 0
1 0.953 2 8 3 1 3 1 1 0 0 1 1 1 1 0 0 0
0 10 3 16 3 1 1 1 0 0 0 1 1 1 3 0 0 0
0 0.298 3 12 1 3 2 4 0 1 0 0 1 1 1 1 0 0
0 2.38 4 18 3 1 3 4 0 0 0 1 1 1 3 0 0 0
0 1.61 1 14 3 3 1 4 0 0 0 1 1 1 3 0 0 0
1 4.03 3 12 1 1 1 1 0 0 0 1 0 0 3 0 0 0
0 4.75 3 12 3 1 1 1 0 0 0 1 1 0 3 0 1 0
1 1.05 4 12 3 1 3 1 0 0 0 1 1 1 1 0 1 0
0 2.23 2 18 2 1 1 4 0 0 0 1 1 1 3 0 0 0
1 0.931 3 10 1 3 3 3 0 0 0 1 1 1 3 0 0 0
0 1.07 5 12 3 1 3 1 1 0 0 1 1 1 3 0 1 1
0 0 6 12 3 4 3 2 0 0 0 0 0 0 3 0 0 0
0 0.462 4 5 3 1 3 3 1 0 0 0 1 1 3 0 0 0
0 1.01 5 8 3 1 3 1 1 0 0 1 1 1 3 0 0 0
0 6.72 3 13 3 1 1 4 0 0 0 1 1 1 3 0 1 0
0 0 2 8 3 1 2 2 0 0 0 1 1 0 3 0 0 0
1 1.5 6 16 3 4 1 2 0 0 0 1 1 1 3 0 0 0
0 0.652 4 11 3 3 3 4 1 0 0 0 1 1 3 0 0 0
0 3.15 2 18 3 1 1 3 0 0 0 1 1 1 3 0 0 0
0 2.81 5 12 3 1 3 2 1 0 0 1 1 1 3 0 0 0
1 3.75 4 18 3 1 1 3 0 0 0 1 1 1 2 0 0 0
0 4.3 3 14 3 1 1 3 0 0 1 1 1 1 2 1 1 0
0 1.6 3 11 1 3 1 1 0 0 0 1 1 1 3 0 0 0
0 1.71 3 12 3 1 1 2 0 0 0 1 1 1 3 0 0 0
0 2.54 2 16 3 1 1 3 0 0 0 1 1 0 3 0 0 0
0 0.587 3 16 3 4 3 1 0 1 0 0 1 1 1 0 1 0
0 0.65 2 12 3 1 1 2 0 0 0 1 1 1 3 0 0 0
0 2 1 12 1 4 1 3 0 0 0 1 0 0 3 0 0 0
0 2.02 2 16 1 4 1 2 0 0 0 1 1 1 3 0 0 0
0 6.35 4 15 3 3 3 4 1 0 0 1 1 1 3 0 0 0
0 1.93 6 16 3 4 1 3 0 0 0 1 1 0 3 0 0 0
0 80.2 3 16 3 4 1 1 0 0 0 1 1 1 3 0 0 0
0 0.91 5 8 3 1 3 2 1 0 0 1 1 1 3 0 0 0
0 3.63 4 14 3 1 3 1 0 0 0 1 1 1 3 0 0 0
1 0.39 1 12 1 1 1 3 0 0 0 1 1 1 3 0 0 0
0 0.206 2 16 3 1 3 4 0 1 0 0 1 1 3 0 0 0
1 1.7 5 7 3 2 3 2 1 0 0 1 0 0 3 0 1 0
1 1.4 1 12 3 1 1 2 0 0 0 1 0 0 2 0 0 0
0 0.57 4 14 3 1 3 2 1 0 0 1 1 1 3 0 0 0
1 0.748 1 12 3 1 2 1 0 0 0 1 1 1 2 0 0 0
0 1.63 4 16 3 1 3 3 1 0 0 1 1 1 3 0 0 0
1 1.2 3 12 3 3 3 3 0 0 1 0 1 1 1 1 1 0
1 2 1 12 3 3 1 3 0 0 0 1 1 1 3 0 0 0
0 3.16 2 18 3 1 1 3 0 0 0 1 1 1 3 0 0 0
0 3.44 2 17 3 4 1 2 0 0 0 1 1 1 3 0 0 0
0 0.608 4 12 3 1 1 2 1 0 1 1 1 1 3 0 0 0
0 5.1 3 18 3 1 1 1 0 0 0 0 1 1 3 0 0 0
0 1.7 3 2 3 1 1 4 0 0 0 1 1 1 3 0 0 0
0 0.34 6 7 3 1 3 3 0 0 0 0 0 0 3 0 1 0
0 8.02 1 16 3 1 1 4 0 0 0 1 1 1 3 0 0 0
0 4.82 2 13 3 1 1 1 0 0 0 1 0 0 3 0 0 0
0 0.215 6 16 3 1 3 1 0 0 0 0 1 1 3 0 0 0
0 3.41 4 12 3 1 1 3 0 0 0 1 1 1 3 0 0 0
1 3.46 5 18 3 1 3 3 1 0 0 1 1 1 3 0 0 0
0 0.564 4 7 3 1 3 2 1 0 0 1 1 1 2 0 0 0
0 5.26 4 16 3 2 3 4 1 0 0 1 1 1 3 0 0 0
0 4.85 4 17 3 1 3 3 1 0 0 1 1 1 3 0 0 0
0 0.986 5 8 3 3 3 2 1 0 0 1 1 1 3 0 0 0
0 3 3 12 3 1 1 4 0 0 0 1 1 1 3 0 0 0
1 1.5 1 16 3 4 1 4 0 0 0 1 1 1 3 0 0 0
0 1.03 3 12 2 3 1 4 0 0 0 0 0 0 3 0 1 0
1 2.88 5 12 3 1 3 2 1 0 0 1 1 1 3 0 1 0
0 3.4 1 11 3 1 1 2 0 0 0 1 1 1 3 0 0 0
0 0.81 5 8 3 2 3 2 1 0 0 1 1 1 3 0 0 0
0 1 2 9 3 3 1 3 0 0 0 1 1 1 3 0 0 0
0 0.88 4 12 3 3 3 2 1 0 0 1 1 1 3 0 0 0
0 0.541 5 12 3 1 3 2 1 0 0 1 1 1 3 0 0 0
1 0.8 6 8 3 1 1 3 0 0 0 1 0 0 3 0 0 0
0 4 2 16 3 1 1 4 0 0 0 1 1 1 3 0 0 0
1 1.53 2 9 3 1 1 1 0 0 0 1 1 1 3 0 0 0
0 0.8 6 15 1 1 1 3 0 0 0 1 1 1 3 0 0 0
0 1.03 5 9 3 2 3 1 1 0 0 1 0 0 2 0 0 0
0 5.25 1 16 3 1 1 1 0 0 0 1 1 1 3 0 0 0
0 1.3 6 11 3 1 1 3 0 0 0 0 0 0 3 0 0 0
1 0.2 6 12 3 3 1 3 0 0 0 0 1 0 3 0 0 0
0 1 1 14 3 3 1 1 0 1 0 0 1 0 3 0 0 0
0 1.02 5 16 3 1 3 4 1 0 0 0 1 1 2 0 0 0
0 0.319 5 12 3 1 3 4 1 0 0 1 1 0 3 0 0 0
0 2.8 1 16 3 1 1 2 0 0 0 1 0 0 3 0 0 0
0 3.35 6 15 3 3 1 2 0 0 0 1 1 0 3 0 0 0
0 1.95 5 15 3 1 3 3 1 0 0 1 1 1 3 0 0 0
0 3.42 2 16 3 1 1 3 0 0 0 1 1 1 3 0 0 0
1 1.5 3 12 3 1 1 4 0 0 0 0 1 1 3 0 0 0
0 2.05 2 13 3 1 1 3 0 0 0 1 1 1 3 0 0 0
1 0.423 5 6 3 4 3 1 1 0 0 1 0 0 3 0 0 0
0 2.15 2 13 3 1 1 2 0 0 0 1 1 1 3 0 0 0
0 8.38 3 16 3 1 1 3 0 0 0 1 1 1 3 0 0 0
1 2.18 3 12 3 1 1 3 0 0 0 1 1 1 3 0 0 0
0 2.53 2 16 3 1 1 3 0 0 1 1 1 0 2 0 0 0
0 7.25 2 18 3 1 1 1 0 0 0 1 1 0 3 0 0 0
0 1.86 3 12 3 1 1 2 0 0 1 1 1 1 2 0 1 0
1 2.36 1 16 3 3 1 4 0 0 0 0 1 0 1 0 0 1
0 4 2 14 3 1 1 2 0 0 0 1 1 1 2 0 0 0
0 0.5 3 8 3 4 1 1 0 0 0 0 1 1 3 0 0 0
0 0.1 3 10 1 3 1 3 0 0 0 0 1 0 2 0 0 0
1 1.2 6 12 1 4 1 3 0 0 0 1 1 1 3 0 0 0
0 0.4 6 12 3 4 1 4 0 0 0 0 0 0 3 0 1 0
1 1.92 3 12 3 1 1 1 0 0 0 1 1 1 3 0 0 0
0 2.3 5 14 3 1 3 2 1 0 0 1 1 1 3 0 0 0
0 1.4 3 12 3 1 1 3 0 0 0 1 1 1 3 0 0 1
1 2.5 3 12 3 1 1 4 0 0 0 1 1 1 3 1 0 0
0 3.4 2 14 3 4 1 3 0 0 0 1 1 1 2 0 0 0
1 4.02 1 12 3 1 1 4 0 0 0 1 1 1 3 0 0 0
0 1.51 4 18 3 4 1 2 0 0 0 1 1 1 1 0 0 0
0 3.14 2 14 3 3 1 3 0 0 1 1 1 1 3 0 0 0
0 2.23 5 15 3 1 3 2 1 0 0 1 1 1 3 0 0 0
1 2.5 1 12 3 1 1 2 0 0 0 1 1 1 3 0 0 0
0 3.36 3 13 3 1 1 2 0 0 1 1 1 1 3 0 0 0
0 0.21 6 16 3 4 1 2 0 0 0 1 0 0 3 0 0 0
0 1.61 4 11 3 1 3 3 0 0 0 1 1 1 3 0 0 0
0 0 1 14 3 4 2 1 0 0 0 0 1 1 3 0 0 0
1 0.045 6 16 1 1 2 3 0 0 0 1 1 0 3 0 0 0
0 5.1 2 17 1 1 1 3 0 0 0 1 1 1 3 0 0 0
1 1.32 4 12 3 1 3 2 1 1 0 1 1 1 3 0 0 0
1 1.2 6 16 3 4 1 1 0 0 0 1 1 1 3 0 0 0
1 4.6 3 16 3 2 3 2 0 0 0 1 1 1 3 0 0 0
0 1.63 5 17 3 1 3 2 1 0 0 1 1 1 3 0 1 1
0 10.2 5 17 3 1 3 1 1 0 0 1 1 1 3 0 0 0
0 1.6 3 12 3 1 1 2 0 0 0 1 1 1 3 0 0 0
0 3.12 1 14 3 3 1 3 0 0 0 1 0 0 3 0 0 0
1 1.6 1 12 1 1 1 4 0 0 0 0 1 1 3 0 0 0
1 0.72 1 12 3 1 1 1 0 0 0 1 0 0 3 0 0 0
0 3.06 2 12 3 1 1 2 0 0 0 1 1 1 3 0 0 0
0 1.52 6 14 1 4 1 2 0 0 0 1 1 1 3 0 0 0
1 0.7 4 8 1 3 3 3 1 0 0 0 1 1 1 1 0 0
0 1.42 1 16 3 4 1 2 0 0 0 1 0 0 3 0 0 0
0 0.575 3 18 3 1 1 4 0 0 0 1 1 1 3 0 0 0
0 11.2 2 18 3 2 1 3 0 0 0 1 1 1 3 0 0 0
0 4.15 3 18 3 1 1 4 0 0 0 1 1 1 3 0 0 0
0 1.12 4 12 3 1 3 2 1 0 0 1 1 1 2 0 1 0
0 1.33 5 17 3 1 3 4 1 0 0 1 1 1 2 0 0 0
0 2.2 1 12 3 1 1 4 0 0 0 1 0 0 3 0 0 0
0 4.47 4 16 3 1 1 2 0 0 0 1 1 1 3 0 0 0
0 1.93 4 8 3 3 3 2 1 0 0 1 1 1 1 0 0 0
0 1.5 3 13 1 3 3 1 0 0 0 1 1 1 1 0 0 0
0 2.29 6 14 3 1 1 3 0 0 0 1 0 0 3 0 0 0
0 0.601 5 5 3 1 3 4 1 0 0 1 1 1 3 0 0 0
0 0.894 1 10 1 1 1 3 0 0 0 1 1 1 3 1 0 0
0 2.62 1 14 3 3 1 3 0 0 0 0 0 0 3 0 0 0
1 2.8 2 12 3 3 1 4 0 0 0 1 1 1 3 0 0 0
0 0.446 6 9 3 1 3 3 0 1 0 0 1 1 1 0 1 0
1 2 2 14 1 1 1 4 0 0 0 1 1 1 3 0 0 0
0 5.65 2 18 3 4 1 4 0 0 0 1 1 1 3 0 0 0
0 0.546 4 12 3 4 3 2 1 0 0 1 1 1 3 0 0 0
1 3 2 12 3 1 1 4 0 0 0 1 1 1 3 0 0 0
1 0.627 1 15 2 1 1 4 0 1 0 0 1 1 1 0 0 0
0 3.5 3 12 1 3 1 3 0 0 0 1 1 1 3 0 0 0
0 1.9 5 14 3 1 1 3 1 0 0 1 1 1 3 1 0 0
1 2.3 3 12 3 3 1 3 0 0 0 1 1 1 3 0 0 0
0 5.33 4 16 3 1 1 3 1 0 0 1 1 1 3 0 0 0
0 2 2 11 1 1 1 3 0 0 0 1 1 1 3 0 0 0
0 2.7 6 12 3 1 1 1 0 0 0 1 0 0 3 0 0 0
0 9 3 14 3 1 1 3 0 0 0 1 1 1 3 0 0 0
0 3.53 2 14 3 3 1 3 0 0 0 1 1 1 3 0 0 0
0 1.43 4 18 3 1 1 2 0 0 0 1 0 0 3 0 0 0
1 1.3 2 12 3 1 1 2 0 0 0 1 0 0 3 0 0 0
0 3 6 13 3 1 1 1 0 0 0 1 1 0 3 0 0 0
0 1.92 5 8 3 1 3 2 1 0 0 1 1 1 3 1 0 0
0 1.39 3 13 3 1 3 4 0 0 1 1 1 1 3 0 0 0
0 4.25 3 16 3 3 1 4 0 0 0 1 1 1 3 0 1 0
0 3.64 4 12 3 1 1 2 1 0 0 1 1 1 3 0 0 0
1 1.5 4 7 3 1 1 1 1 0 0 1 1 1 3 0 0 0
0 1.9 5 9 3 3 1 4 1 0 0 1 1 1 3 0 0 0
0 4.52 1 17 3 4 1 4 0 0 0 1 0 0 3 0 0 0
0 1.5 3 13 3 4 1 4 0 0 0 1 1 1 3 0 0 0
0 1.12 4 10 3 1 3 2 1 0 0 1 1 1 1 0 1 0
0 4.8 5 18 3 3 1 1 1 0 0 1 0 0 3 0 0 0
0 2.44 5 17 3 2 2 2 1 0 0 1 1 1 3 0 0 0
1 1.95 3 14 3 1 1 3 0 0 0 1 1 1 3 0 1 0
0 1.02 5 10 3 1 3 1 1 0 0 1 1 1 3 0 0 0
0 1.9 1 13 3 3 1 3 0 0 0 1 1 1 3 0 0 0
0 3.7 4 16 3 1 3 3 0 0 0 1 1 1 3 0 0 0
1 3 4 16 3 1 1 1 0 0 0 1 1 1 3 0 0 0
0 2.23 2 16 1 3 1 4 0 0 0 1 1 1 3 0 0 0
1 0.142 1 10 1 3 3 1 0 1 0 0 1 1 3 0 0 0
0 0.825 5 7 3 2 3 3 1 0 0 1 1 1 3 0 0 0
0 3.7 6 12 1 1 1 2 0 0 0 1 1 1 3 0 0 0
0 2.2 6 17 3 1 1 1 0 0 0 1 1 1 3 0 0 0
0 1.8 6 12 3 1 1 2 0 0 0 1 1 1 3 0 0 0
1 1.71 4 14 3 1 1 4 1 0 0 1 1 1 3 0 1 1
0 4.46 2 16 3 1 1 1 0 0 0 1 1 1 2 0 0 0
0 2.28 5 15 3 1 3 3 1 0 1 1 1 1 3 0 1 1
0 1.6 3 10 1 3 1 3 0 0 0 1 1 1 3 0 1 0
1 1.85 4 13 1 1 1 1 0 0 0 1 1 1 3 0 0 0
0 1.81 1 12 3 3 1 1 0 0 0 1 1 1 3 0 0 0
1 0 1 14 1 1 2 3 0 0 0 1 1 1 3 0 0 0
0 4.54 1 16 3 1 1 1 0 0 0 1 1 1 3 0 0 0
0 3 2 14 1 3 1 2 0 0 0 1 1 0 3 0 0 0
0 1.34 1 13 3 4 2 4 0 0 0 0 0 0 1 0 0 0
0 2 3 11 3 1 1 4 0 0 0 0 1 1 3 0 0 0
0 0.688 5 12 3 1 3 2 1 0 0 1 0 0 3 0 0 0
0 0.566 5 8 3 1 3 3 1 0 0 1 1 1 3 0 0 0
0 1.8 2 9 3 1 1 3 0 0 0 1 1 1 3 0 0 0
0 1.62 1 12 3 1 1 1 0 0 0 1 0 0 3 0 0 0
0 0.559 1 14 3 3 3 3 1 0 0 0 1 1 1 0 0 0
0 2.34 1 18 3 3 1 2 0 0 0 0 0 0 3 0 0 0
0 0.1 1 17 3 3 1 3 0 0 0 1 1 0 3 0 0 0
1 1.4 2 12 1 3 1 3 0 0 0 1 1 0 3 0 0 0
0 0.588 5 14 3 1 3 4 1 0 0 1 1 1 3 0 0 0
0 0.5 6 14 3 4 1 1 0 0 0 1 1 1 3 0 0 0
1 1.85 3 16 3 1 1 1 0 0 1 1 1 1 2 0 1 0
0 1.36 5 11 3 2 1 2 1 0 0 1 0 0 3 0 0 0
0 0.615 4 10 3 1 3 2 1 0 0 0 1 1 1 0 1 0
1 0 2 16 3 3 3 4 0 0 0 0 1 0 3 0 0 0
0 3.51 2 14 3 1 1 2 0 0 0 1 1 1 3 0 0 0
1 4 2 13 3 3 1 4 0 0 1 1 1 1 3 0 0 0
0 6.95 2 18 3 1 1 2 0 0 0 1 0 0 3 0 0 0
0 0.605 5 7 3 1 3 4 1 0 0 1 1 1 3 0 0 0
1 1.01 3 12 3 4 3 3 0 0 0 1 1 1 1 0 0 0
0 2.81 2 12 3 4 1 1 0 0 0 1 1 1 3 0 0 0
0 4.63 1 12 3 3 1 4 0 0 0 1 1 1 3 0 0 0
1 2.1 4 12 3 1 3 1 1 0 0 1 1 1 3 1 0 0
0 2.27 1 12 3 1 1 4 0 0 0 1 0 0 3 0 0 0
0 1.74 2 16 3 3 1 3 0 0 0 1 0 0 3 0 0 0
1 0.5 2 9 3 3 1 3 0 0 0 0 1 1 3 0 0 0
0 2.6 3 16 3 1 1 2 0 0 0 1 1 1 3 0 0 0
0 0 6 13 3 4 1 2 0 0 0 0 1 0 3 0 0 0
1 0.449 2 12 1 4 3 3 1 0 0 0 1 0 1 0 0 0
1 1.55 5 12 3 2 3 4 1 0 1 1 1 0 3 0 0 0
0 3 4 12 3 1 1 2 0 0 0 1 1 1 3 0 0 0
0 3 2 18 3 3 1 4 0 0 0 1 0 0 3 0 0 0
0 2.8 1 14 3 1 1 2 0 0 0 1 1 1 3 0 0 0
0 3.51 1 16 3 1 1 2 0 0 0 1 1 1 3 0 0 0
0 4.66 6 16 3 4 1 4 0 0 0 1 0 0 3 0 0 0
1 5.09 2 17 3 1 1 2 0 0 0 1 1 1 3 0 0 0
0 4.33 4 17 3 1 1 3 1 0 0 1 1 1 3 0 0 0
1 2.51 1 16 3 1 1 2 0 0 0 1 0 0 3 0 0 0
0 1.5 6 14 3 4 1 4 0 0 0 1 1 1 3 0 0 0
0 3.84 5 12 3 1 3 4 1 0 0 1 1 1 3 0 0 0
0 2.64 4 16 3 1 1 1 1 0 0 1 1 1 3 0 0 0
0 1.6 4 10 3 1 1 1 0 0 0 1 1 1 3 0 0 0
0 0.012 2 12 3 1 1 3 0 0 0 1 1 0 3 0 0 0
0 2.23 3 12 3 1 1 3 0 0 0 1 1 1 3 0 0 0
0 4.05 2 16 3 1 1 1 0 0 0 1 0 0 3 0 0 0
1 0.8 2 13 3 3 1 4 0 0 0 0 0 0 3 0 0 0
0 5.18 1 13 3 4 1 2 0 0 0 1 1 1 3 0 1 0
0 1.1 1 12 3 1 1 1 0 0 0 1 1 1 3 0 0 0
0 1.53 5 12 3 1 3 4 0 0 0 1 0 0 3 0 0 0
0 7.02 2 18 3 1 1 1 0 0 0 1 1 1 3 0 0 0
0 2.4 1 14 3 1 1 4 0 0 0 1 0 0 3 0 0 0
0 7 2 18 3 1 1 3 0 0 0 1 1 1 3 1 1 0
0 3.02 2 13 3 1 1 4 0 0 0 1 1 1 3 0 0 0
0 1.2 6 16 3 4 1 4 0 0 0 0 1 1 3 0 0 0
0 9.75 1 12 3 4 1 2 0 0 0 1 1 0 3 0 0 0
0 0.525 4 14 3 3 3 4 1 0 1 0 1 0 1 0 1 0
1 2.81 6 14 3 4 1 1 0 0 0 1 0 0 3 0 0 0
0 2.91 1 12 3 1 1 2 0 0 0 1 1 1 3 0 0 0
0 3 1 12 3 1 1 3 0 0 0 1 1 1 3 0 0 0
1 1.19 4 7 3 2 3 1 0 0 0 1 0 0 3 0 0 0
1 0.85 2 14 1 1 1 3 0 0 0 0 0 0 3 0 0 0
0 2.4 6 14 3 1 1 2 0 0 0 1 1 1 3 1 0 0
1 2.51 4 18 3 1 3 4 0 0 1 1 1 1 3 0 0 0
0 0.625 4 8 3 2 3 1 0 0 0 1 1 1 3 0 0 0
1 0.75 6 12 3 3 1 2 0 0 0 0 0 0 3 0 0 0
0 1.2 1 9 3 1 1 3 0 0 0 1 1 1 3 0 0 0
0 2.87 4 8 3 1 3 2 0 0 0 1 1 1 3 0 0 0
1 1.74 1 12 3 1 1 1 0 0 0 1 1 1 3 0 0 0
0 1.5 2 12 3 3 1 1 0 0 0 1 1 1 3 0 0 0
0 0.953 1 12 3 3 3 1 0 0 0 0 1 1 1 0 0 0
0 0.4 4 12 3 1 1 2 0 0 0 1 1 1 3 0 0 0
0 1.72 5 8 3 2 3 1 1 0 0 1 1 1 3 0 0 0
0 4.69 4 12 3 3 1 3 1 0 0 1 1 1 3 1 0 1
0 0.85 2 13 3 1 1 4 0 0 0 1 1 1 2 0 0 0
0 2.21 5 18 3 1 3 2 1 0 0 1 1 1 3 0 1 0
0 4 2 16 1 3 1 3 0 0 0 1 1 1 3 0 0 0
1 0.4 5 8 1 1 3 1 1 0 0 0 1 1 3 0 0 0
0 2.96 4 12 3 4 1 2 0 0 0 1 1 1 3 0 0 0
1 0.9 3 12 3 1 3 3 0 0 0 0 1 1 3 1 0 0
0 2.58 2 16 3 1 1 1 0 0 0 1 1 1 3 0 0 0
0 6.63 1 18 3 1 1 1 0 0 0 1 1 0 2 0 0 0
0 1.12 3 10 3 1 1 3 0 0 0 1 1 1 3 0 0 0
1 4.2 2 17 3 1 1 2 0 0 0 1 1 1 3 0 0 0
1 1 1 3 3 1 1 4 0 0 0 0 0 0 3 0 0 0
0 2.15 3 12 3 1 3 2 0 0 0 1 1 1 1 0 1 0
1 2.01 2 12 3 1 1 2 0 0 0 1 1 1 3 0 0 0
0 1.87 2 12 3 1 1 4 0 0 0 1 1 1 3 0 0 0
1 4.05 1 18 2 3 1 1 0 0 0 1 0 0 3 0 0 0
0 2 6 12 3 1 1 3 0 0 0 1 0 0 3 0 0 0
0 1.19 5 11 3 4 3 1 1 0 0 1 1 0 3 0 0 0
0 1.03 4 12 3 2 3 3 1 0 0 1 0 0 3 0 0 0
0 0 6 11 3 4 3 3 0 0 0 0 0 0 3 0 0 0
1 4.75 3 14 3 1 1 3 0 0 0 1 1 1 3 0 0 0
0 5.4 4 18 3 1 1 2 0 0 0 1 1 0 3 0 0 0
0 2 2 16 3 1 1 3 0 0 0 1 1 1 3 0 0 0
0 3.52 3 12 3 1 1 2 0 0 0 1 1 1 3 1 0 0
0 3.05 4 12 3 3 1 4 0 0 0 1 1 0 3 0 0 0
0 5.53 2 12 3 1 1 1 0 0 0 1 1 1 3 0 0 0
0 2 1 16 3 4 1 2 0 0 0 1 1 1 3 0 0 0
0 3.22 1 16 3 1 1 2 0 0 0 1 1 1 3 0 0 0
0 4.5 1 14 3 1 1 1 0 0 0 1 0 0 3 0 0 0
0 1.51 2 12 3 1 3 3 0 0 0 1 1 1 1 0 0 0
1 0.758 4 10 3 4 3 2 1 0 1 0 1 0 3 0 0 0
1 6.65 5 16 3 1 1 1 1 0 0 1 0 0 3 0 0 0
0 2.5 6 16 3 4 1 1 0 0 0 1 1 1 3 0 0 0
0 2.42 2 12 3 3 1 1 0 0 0 1 1 1 3 0 0 0
0 1.78 4 12 3 1 3 1 1 0 0 1 1 1 3 0 1 0
0 0.351 6 15 3 4 1 3 0 0 0 1 1 0 3 0 0 0
0 2.5 1 13 3 1 1 2 0 0 0 1 1 1 3 0 0 0
1 2.9 2 16 1 1 1 3 0 0 0 1 1 1 3 0 0 0
1 0.612 5 6 3 1 3 1 1 0 1 0 1 0 3 0 0 1
1 0.438 5 12 1 2 1 2 1 0 0 0 1 1 3 0 0 0
0 3.98 6 16 3 4 1 4 0 0 0 1 0 0 3 0 0 0
0 1.25 6 12 3 4 1 3 0 0 0 1 1 1 3 0 0 0
0 1 3 12 3 1 1 4 0 0 0 1 1 1 3 0 0 0
1 3.81 2 12 3 4 1 2 0 0 0 0 1 1 2 0 0 0
0 1.31 3 12 3 1 3 3 0 0 0 1 1 1 3 0 0 0
1 1.2 2 16 3 1 1 3 0 0 0 0 1 1 3 0 0 0
1 1.35 5 14 1 4 1 2 0 0 1 1 0 0 3 0 0 0
0 0.464 3 10 1 3 3 1 1 1 0 0 1 1 1 1 0 0
1 2.38 1 14 3 1 1 3 0 0 0 1 1 1 3 0 0 0
1 1.85 4 12 3 1 1 3 1 0 0 1 1 1 3 0 0 1
0 2.4 3 12 1 3 1 2 0 0 0 1 1 1 3 0 1 0
0 3.58 6 16 3 4 1 4 0 0 0 1 0 0 3 0 0 0
1 2.25 4 11 1 3 1 1 0 0 0 1 1 1 3 0 0 0
0 10.2 3 12 3 1 1 2 0 0 0 1 1 1 3 0 0 0
0 2.85 6 12 3 1 1 4 0 0 0 1 0 0 3 0 0 0
0 1 3 8 3 1 1 2 0 0 0 1 1 1 3 0 0 0
0 3 1 12 3 1 1 4 0 0 0 0 1 0 3 0 0 0
1 0.556 4 12 3 1 3 2 0 0 0 1 1 1 3 0 0 0
1 0.8 4 12 3 1 3 4 1 0 0 0 1 1 1 0 1 0
0 0.4 6 11 3 4 1 1 0 0 0 0 1 1 3 0 0 0
0 2.39 4 12 3 1 3 3 1 0 0 1 1 1 3 0 1 0
1 1 4 8 3 1 3 2 1 0 0 1 1 1 3 0 0 0
1 4.01 4 12 3 2 1 4 0 0 1 0 1 0 2 0 0 0
0 0.81 2 12 1 4 1 3 0 0 0 1 1 0 3 0 0 0
1 2.4 2 12 2 1 1 4 0 0 0 1 1 1 3 0 0 0
1 1.63 5 16 3 2 1 3 1 0 0 1 1 1 3 0 0 0
0 3.6 3 12 3 1 1 1 0 0 0 1 1 1 3 0 0 0
0 0.711 4 12 3 1 3 3 1 0 0 1 1 1 3 0 0 0
1 2 2 14 3 1 1 1 0 0 0 1 1 1 3 0 0 0
1 2.52 1 17 3 3 1 1 0 0 0 1 1 1 3 0 0 0
0 3.96 4 12 3 1 1 2 1 0 0 1 1 1 3 0 0 0
0 1.85 6 11 3 1 1 1 0 0 0 0 1 1 3 0 0 0
0 4.25 2 14 3 3 1 3 0 0 0 1 1 1 3 0 1 0
0 4.25 3 18 3 3 1 4 0 0 0 1 0 0 3 0 0 1
0 5 3 18 3 1 1 2 0 0 0 1 1 1 3 0 0 0
0 4.57 3 13 3 1 1 3 0 0 0 1 0 0 3 0 0 0
0 2.82 5 16 3 1 3 4 1 0 0 1 1 1 3 0 0 0
0 1.35 5 10 3 2 3 1 1 0 0 1 1 1 2 0 1 0
1 1.83 3 12 3 1 1 2 0 0 0 1 1 1 3 0 0 0
1 0.428 5 8 3 1 3 3 1 0 0 1 1 1 3 0 1 0
0 2.03 6 15 3 4 1 2 0 0 0 1 0 0 3 0 0 0
0 2 2 12 3 1 1 3 0 0 0 1 0 0 3 0 0 0
0 1.2 1 13 3 1 1 3 0 0 0 1 0 0 2 0 0 0
0 1.8 2 14 3 1 1 2 0 0 0 0 0 0 3 0 0 0
0 1.22 4 18 3 3 3 1 1 0 0 1 1 1 3 0 0 0
0 4.7 3 14 3 3 1 4 0 0 0 1 1 1 3 0 0 0
0 2 1 13 3 1 1 2 0 0 0 1 1 1 3 0 0 0
0 1.96 4 16 3 1 1 2 1 0 0 1 1 1 3 0 0 0
0 1.55 1 12 3 1 1 3 0 0 0 1 1 1 3 0 0 0
1 3.05 3 12 3 1 1 1 0 0 1 1 1 1 2 0 0 0
0 101 3 16 3 1 1 1 0 0 0 1 1 1 3 0 0 0
1 1.9 3 4 3 1 1 2 0 0 0 1 1 1 3 0 1 0
0 1.52 6 13 3 4 1 4 0 0 0 1 1 1 3 0 0 0
0 4.01 3 16 3 1 1 4 0 0 0 1 0 0 3 0 0 0
0 7.6 4 16 3 1 1 3 0 0 0 1 1 1 3 1 0 0
0 2.72 1 12 3 1 1 2 0 0 0 1 1 1 3 0 0 0
0 3 6 12 3 4 1 1 0 0 0 1 0 0 3 0 0 0
0 0.8 2 8 3 1 1 2 0 0 0 1 1 1 3 1 1 0
1 0.152 1 12 3 1 1 3 0 0 0 1 1 1 3 0 0 0
0 2.81 4 12 3 1 1 4 0 0 0 1 1 1 3 0 0 0
0 1.96 3 12 3 1 1 2 0 0 0 1 1 1 3 0 0 0
0 2.5 6 16 3 1 1 4 0 0 0 1 1 0 3 0 0 0
0 0.709 4 9 3 3 3 3 1 0 0 1 0 0 3 0 0 0
0 0.435 5 11 3 2 3 2 1 0 0 0 1 1 3 0 0 0
1 0 1 13 2 1 3 4 0 0 0 0 0 0 2 0 0 0
0 0.902 4 13 3 1 3 2 1 0 0 1 1 1 3 1 0 0
0 1.83 5 16 3 1 3 3 1 0 0 1 1 1 3 0 0 0
1 0.995 4 12 3 1 3 2 1 0 0 1 1 1 2 1 1 0
0 1.11 4 13 3 1 3 4 1 0 0 1 1 1 3 0 1 0
0 1.75 4 12 3 1 3 1 1 0 0 1 1 1 3 0 0 0
0 3.5 6 16 3 1 1 2 0 0 0 1 1 1 3 0 0 0
0 3.21 6 16 3 4 1 3 0 0 0 1 0 0 3 0 0 0
0 0.604 5 8 1 1 3 3 1 0 0 1 1 1 3 0 0 0
1 1.42 4 9 3 1 3 1 1 0 0 1 1 1 3 0 0 0
0 4.97 2 12 3 3 1 2 0 0 0 1 1 1 3 0 0 0
0 1.87 3 18 3 1 1 3 0 0 0 1 1 1 3 0 1 0
0 1.81 4 14 3 1 1 2 1 0 0 1 1 1 3 0 0 0
1 2.21 2 14 3 1 1 1 0 0 0 1 1 1 3 0 0 1
0 6.08 1 18 3 4 1 4 0 0 0 1 0 0 3 0 1 0
1 1.05 4 11 3 1 1 2 1 0 0 1 1 1 1 0 0 0
0 1.44 5 16 3 1 3 4 1 0 0 1 0 0 3 0 0 0
0 0 1 10 3 1 2 2 0 0 0 0 0 0 3 0 0 0
0 4.43 3 18 3 1 1 3 0 0 0 1 1 1 3 0 0 0
1 0.937 4 8 2 1 3 4 0 0 0 0 1 1 3 0 0 0
0 0.911 4 12 3 1 3 2 0 0 0 1 1 1 3 0 0 0
0 0.999 4 16 3 1 3 2 1 0 0 1 1 1 3 0 0 0
0 1.83 5 12 3 1 3 2 1 0 0 1 1 1 3 1 0 0
0 0.5 6 12 1 1 1 3 0 0 1 0 0 0 3 0 0 0
0 2.5 2 18 3 3 1 2 0 0 0 1 0 0 3 0 0 0
1 1.2 1 14 3 1 1 1 0 0 0 0 0 0 3 0 0 0
0 1.43 5 5 3 2 3 3 1 0 0 1 1 1 1 0 0 1
1 1.5 1 12 1 4 1 3 0 0 0 1 1 1 3 0 0 0
0 1.25 4 14 3 1 3 3 0 0 0 1 1 1 3 0 0 0
0 3.42 4 16 3 1 1 1 0 0 0 1 1 1 3 0 0 0
0 3.62 1 16 3 1 1 3 0 0 0 1 0 0 3 0 0 0
1 0.7 3 4 3 1 1 3 0 0 0 0 1 1 3 0 0 0
0 2.5 3 16 3 1 1 2 0 0 0 1 1 1 3 0 1 0
0 5.75 1 17 3 4 1 3 0 0 0 1 0 0 3 0 0 0
1 3.67 4 18 3 1 1 1 0 0 0 1 1 1 2 1 1 0
0 0.812 3 12 3 3 2 1 0 0 0 1 0 0 3 0 0 0
0 5.9 4 18 3 1 3 4 0 0 1 1 1 1 3 0 0 0
0 2.81 4 16 3 1 3 2 0 0 0 1 1 1 3 0 0 0
0 1.3 4 12 3 3 3 2 1 1 1 1 1 1 1 0 0 0
1 2.24 5 12 3 3 3 2 1 0 0 0 1 0 3 0 0 0
0 8.55 1 12 3 1 1 2 0 0 0 1 1 1 3 0 0 0
0 0.258 1 12 3 4 1 4 0 0 0 1 1 1 3 0 0 0
0 1.7 2 18 3 1 1 1 0 0 0 1 1 1 3 0 0 0
0 6.55 3 16 3 1 1 1 0 0 0 1 1 1 3 0 1 0
0 0.832 2 9 1 3 1 3 0 0 0 1 1 1 3 0 0 0
1 1.92 4 18 3 1 1 3 1 0 0 1 1 1 1 1 1 0
0 2.77 1 13 3 1 1 3 0 0 0 0 1 1 3 0 0 0
1 1 2 18 3 1 1 1 0 0 0 1 1 1 3 0 0 0
0 0.825 3 12 3 1 1 2 0 0 0 1 1 1 3 0 0 0
0 2.4 2 16 3 3 1 3 0 0 0 1 1 0 3 0 0 0
1 2.9 5 12 3 4 3 1 1 0 0 1 1 1 3 0 0 0
0 3.3 5 13 3 4 3 2 1 0 0 0 1 1 3 0 1 0
0 1.73 4 9 3 3 3 2 1 0 0 1 1 1 2 1 1 0
0 1.88 4 9 3 3 3 2 0 0 0 1 1 1 3 0 0 0
1 1.2 4 12 2 1 1 3 0 0 1 0 1 1 2 0 0 0
0 1.18 4 12 1 1 1 3 1 0 0 1 1 1 3 0 0 0
0 1.01 5 6 3 1 3 2 1 0 0 1 1 1 1 0 0 0
0 7.7 2 18 3 1 1 4 0 0 0 1 1 1 3 0 0 0
0 6.45 4 18 3 1 3 3 1 0 0 1 1 0 3 0 0 0
0 2.3 2 16 3 1 1 4 0 0 0 1 1 1 3 0 0 0
0 1.7 3 17 2 1 3 3 0 0 1 0 1 0 1 0 0 0
1 1.72 4 12 3 3 3 1 1 0 0 1 1 1 3 0 0 0
0 2.05 6 18 2 4 1 3 0 0 0 1 0 0 3 0 0 0
0 4.7 4 12 3 3 1 4 0 0 1 1 1 1 3 0 0 0
0 2.95 4 12 3 1 3 3 1 0 0 1 1 1 2 0 1 0
0 1.31 4 10 3 1 3 4 1 0 0 1 1 1 3 0 0 0
0 6.2 3 12 3 1 1 2 0 0 0 0 1 1 3 0 0 0
0 1.4 1 12 1 4 1 3 0 0 0 1 1 1 3 1 0 0
0 1.52 2 18 3 3 1 4 0 0 0 1 1 1 3 0 0 0
0 2.45 1 15 3 1 1 1 0 0 0 1 1 1 3 0 0 0
0 4.7 1 12 3 3 1 2 0 0 0 1 1 1 3 0 0 0
0 0.1 5 12 3 4 3 2 1 0 0 1 1 1 3 0 1 0
0 1.61 1 14 3 1 1 2 0 0 0 1 1 1 3 0 0 0
0 1.76 4 18 3 4 3 3 1 0 0 0 1 1 2 0 1 0
0 0.751 5 12 3 2 3 2 1 0 0 1 1 1 3 1 0 0
0 0.001 2 11 1 1 1 3 0 0 0 0 0 0 2 0 0 0
1 3.9 3 12 3 1 1 2 0 0 0 1 0 0 2 0 1 0
1 0.002 2 11 3 1 3 2 0 0 0 1 1 1 3 0 0 0
0 0.585 4 15 3 1 3 3 1 0 0 1 1 1 3 0 1 0
0 1.1 4 12 3 1 3 1 1 0 0 1 1 1 3 0 0 0
0 1.3 4 0 3 1 1 3 1 0 0 1 1 1 2 0 0 0
0 0 6 13 3 4 3 4 0 0 0 0 0 0 3 0 0 0
0 1.61 1 16 1 4 1 1 0 0 0 1 1 1 3 0 0 0
1 2.42 2 12 3 1 1 1 0 0 0 1 0 0 3 0 0 0
1 3 2 13 3 4 1 3 0 0 0 1 1 1 3 0 0 0
0 1.2 6 12 3 4 1 4 0 0 0 1 1 0 3 0 0 0
0 3.6 2 12 3 1 1 2 0 0 0 1 1 1 3 0 0 0
1 4.17 1 16 3 1 1 3 0 0 0 1 1 1 3 0 0 0
0 10 1 18 3 1 1 1 0 0 0 1 1 1 2 0 0 0
0 1.5 4 12 3 1 3 2 1 0 0 1 1 1 1 0 0 0
1 0.545 4 3 3 2 3 1 1 0 1 0 1 0 3 0 1 0
1 2.07 3 15 3 3 1 4 0 0 0 1 1 1 3 1 0 0
0 0.75 4 6 3 1 3 1 1 0 0 0 1 1 3 0 1 0
0 1.5 1 5 3 1 1 1 0 0 0 0 0 0 3 0 0 0
0 1.85 5 12 3 1 3 2 1 0 0 1 1 1 3 0 1 0
0 1.3 4 9 3 1 3 2 1 1 0 0 1 1 3 0 0 0
0 1.1 6 16 3 1 1 4 0 0 0 1 0 0 3 0 0 0
0 1.72 4 14 3 1 1 4 0 0 1 1 1 1 3 0 0 0
0 2.7 3 16 3 4 1 1 0 0 0 1 1 1 3 0 0 0
1 0.001 4 8 3 1 1 2 0 0 0 1 1 1 3 0 0 0
1 2.51 2 18 3 1 1 2 0 0 0 1 1 1 3 0 0 0
1 1.16 5 12 3 2 1 2 1 0 0 1 1 1 3 0 0 0
1 1.8 1 4 3 1 1 3 0 0 0 1 1 0 3 0 0 0
0 0.88 2 6 3 1 1 1 0 0 0 0 0 0 3 0 0 0
1 1 6 12 3 1 1 3 0 0 0 1 0 0 3 0 0 0
0 4.71 1 16 3 1 1 1 0 0 0 1 1 1 3 0 0 0
0 0.534 5 15 3 4 3 4 1 0 1 0 1 1 3 0 1 0
0 7.5 4 15 3 3 1 2 0 0 0 1 1 1 3 0 0 0
0 3.94 5 18 3 1 3 4 1 0 0 1 1 1 3 0 0 0
0 4.4 3 16 3 1 1 2 0 0 0 1 0 0 3 0 0 0
0 1.07 5 7 1 2 3 2 1 0 0 1 1 1 3 0 1 0
0 3.2 2 12 3 1 1 2 0 0 0 1 1 1 3 0 0 0
0 4.64 2 18 3 1 1 3 0 0 0 1 1 1 3 0 0 0
0 0.801 4 11 1 2 3 2 1 0 0 1 1 1 2 0 0 0
0 0.96 2 11 3 1 1 1 0 0 0 1 1 1 3 0 0 0
0 0.864 4 10 3 1 3 1 1 0 0 1 1 1 1 0 1 0
0 0.9 5 16 1 1 3 3 1 0 1 1 1 1 3 0 0 0
1 6.71 3 16 3 1 1 4 0 0 0 1 1 1 3 0 1 1
0 2.2 4 12 3 2 1 1 0 0 0 1 1 0 3 1 1 0
0 0 2 15 2 1 3 3 0 0 0 1 1 1 3 0 0 0
0 2.42 1 14 3 3 1 2 0 0 0 1 1 1 3 0 0 0
1 5 3 14 1 3 1 4 0 0 1 1 1 1 3 0 0 0
0 1.5 4 12 1 1 1 1 0 0 0 1 1 1 3 1 0 0
1 0.03 4 12 3 1 3 4 1 0 0 1 1 1 3 0 0 0
1 0.86 5 16 3 1 3 4 1 0 1 0 1 1 3 0 1 0
0 0.174 2 14 1 3 3 3 0 0 1 0 1 0 1 0 0 0
0 0.558 2 14 3 1 2 4 0 0 0 0 1 0 1 1 0 0
0 1.71 4 12 3 1 1 1 1 0 0 1 1 1 2 0 0 0
0 2.88 2 14 3 3 1 2 0 0 0 1 1 1 2 0 0 0
0 0.608 6 11 3 3 1 4 0 0 0 1 0 0 3 0 0 0
0 0.887 4 10 1 1 3 3 0 0 1 0 1 0 3 0 0 0
0 3.3 3 12 3 3 1 2 0 0 0 1 1 1 3 0 0 0
1 1.24 4 6 3 1 3 2 1 0 0 1 1 1 3 1 0 1
0 4 2 16 2 1 1 2 0 0 0 1 1 1 3 0 0 0
1 3.01 1 17 3 1 1 1 0 0 0 1 1 1 3 0 0 0
0 2.7 1 13 2 1 1 2 0 0 0 1 0 0 2 0 0 0
0 2.55 3 12 3 1 1 2 0 0 0 1 1 1 3 0 0 0
0 3.65 3 12 3 1 1 4 0 0 0 1 1 1 3 0 0 0
0 2.1 1 12 3 1 1 4 0 0 1 1 0 0 3 0 0 0
0 4.5 3 16 3 3 1 1 0 0 0 1 0 0 3 0 0 0
0 3 2 18 3 1 1 4 0 0 0 1 1 1 3 0 0 0
1 2.95 1 12 3 4 1 2 0 0 0 1 1 1 2 0 0 0
1 1.31 4 12 3 1 3 4 1 0 0 1 1 1 3 0 0 0
0 1.54 1 16 3 1 1 2 0 0 0 1 1 1 3 0 0 0
1 6.1 1 16 3 1 1 4 0 0 0 1 1 1 3 0 0 0
0 0.255 5 8 1 1 3 2 1 0 0 0 1 1 3 1 0 0
0 0.935 6 16 3 4 1 2 0 0 0 1 1 1 2 0 0 0
0 4.25 3 13 3 1 2 4 0 0 0 1 1 1 3 0 1 0
0 3 6 12 1 4 1 2 0 0 0 1 1 1 3 0 0 0
0 3 1 15 3 3 1 3 0 0 0 1 1 1 3 0 0 0
0 1.81 4 11 3 1 3 1 1 0 0 1 1 1 3 0 0 0
0 1.41 4 8 3 1 3 2 1 0 0 1 1 1 3 0 1 0
0 1.57 5 12 3 4 3 2 1 0 0 1 1 1 3 0 0 0
1 2.2 4 10 3 1 1 3 1 0 0 1 1 1 3 0 0 0
0 1.63 2 13 3 4 1 1 0 0 0 1 1 1 3 0 0 0
0 1.05 2 11 3 1 2 1 0 0 0 0 0 0 3 0 0 0
0 2.49 3 17 3 1 1 2 0 0 0 1 1 1 3 0 0 0
1 1.1 1 12 3 4 3 2 1 0 0 0 1 1 2 0 0 0
0 0.433 3 10 1 3 1 3 0 0 0 0 1 1 1 0 0 0
0 0.645 4 12 1 1 3 2 0 0 1 0 1 1 3 0 0 0
0 3.6 3 16 3 1 1 2 0 0 0 1 1 1 3 0 0 0
0 0.978 5 6 3 1 3 2 1 0 0 1 1 0 3 1 0 0
0 1.9 3 13 3 3 3 3 0 0 1 1 1 1 3 0 0 0
0 0 6 9 3 1 3 2 0 1 0 0 1 1 1 0 0 0
1 2.64 6 16 3 1 1 1 0 0 0 1 0 0 3 0 0 0
0 2.4 1 16 3 3 1 4 0 0 0 1 1 1 3 0 0 0
1 2.65 3 12 3 4 1 4 0 0 0 1 1 1 3 0 0 0
0 1.96 3 12 3 1 3 3 0 0 0 1 0 0 3 0 0 0
0 1.05 3 12 1 2 1 3 0 0 0 1 1 1 3 0 0 0
0 3.45 1 18 3 1 1 2 0 0 0 1 1 1 3 0 0 0
1 3.21 1 12 3 1 1 1 0 0 0 1 1 1 3 0 0 0
0 0.7 3 18 3 1 3 4 0 0 0 1 1 1 3 0 1 1
1 1.65 4 13 3 1 3 3 1 0 0 1 1 1 3 0 0 0
0 6 1 16 3 1 1 1 0 0 0 1 0 0 3 0 0 0
1 3.2 1 12 3 1 1 1 0 0 0 1 0 0 3 0 0 0
0 3.7 1 18 3 4 1 2 0 0 0 1 1 1 3 0 0 0
0 1.23 4 9 3 1 1 2 1 0 0 1 1 1 3 0 1 0
0 0.905 1 18 3 4 1 3 0 0 0 1 0 0 3 0 0 0
0 0.4 6 8 3 1 1 3 0 0 0 0 0 0 3 0 0 0
0 2.5 3 10 1 1 1 1 0 0 0 1 0 0 3 0 0 0
0 2.15 6 16 3 1 1 3 0 0 0 1 1 0 3 0 0 0
0 1.51 6 9 3 1 1 3 0 0 0 1 1 1 2 0 0 0
0 5 6 12 3 3 1 4 0 0 0 0 0 0 3 0 1 0
1 2.53 5 14 3 1 3 1 1 0 0 1 1 1 3 0 0 0
0 1.5 1 13 3 1 1 4 0 0 0 1 0 0 3 0 0 0
0 4.03 2 12 3 3 1 2 0 0 0 1 0 0 3 0 0 0
0 1.8 6 12 3 1 1 4 0 0 0 1 0 0 3 0 0 0
1 0.8 3 4 3 1 2 3 0 0 0 1 1 1 3 0 0 0
0 2.85 6 12 3 1 3 4 0 0 0 1 0 0 3 0 0 0
1 0 3 14 3 1 3 1 0 0 0 1 1 1 3 0 0 0
0 3.13 1 15 3 3 1 4 0 0 0 1 1 1 3 0 0 0
0 3.13 5 14 3 2 3 1 1 0 0 1 1 1 3 0 1 1
1 6.5 3 18 3 1 1 3 0 0 0 1 1 1 3 0 0 0
0 1.52 3 14 3 4 1 4 0 0 0 1 1 1 2 0 0 0
0 0.763 4 12 3 1 3 3 1 0 0 1 1 1 1 0 0 0
1 4.01 2 12 3 1 1 1 0 0 0 1 1 1 3 0 0 0
0 2.23 5 12 3 1 1 3 1 0 0 1 1 1 3 0 0 0
1 1.2 4 12 3 1 1 4 1 0 0 1 1 1 3 0 0 0
0 7.05 2 16 3 3 1 3 0 0 0 1 1 1 3 0 0 0
1 0.888 4 16 3 1 3 2 1 0 0 1 0 0 3 0 0 0
0 0.739 5 9 3 1 3 1 1 0 0 1 1 1 3 0 0 0
0 2.95 2 13 3 1 1 3 0 0 0 1 1 1 3 0 0 0
1 1.81 4 6 1 3 1 3 0 0 0 1 1 1 3 0 0 0
0 3.58 2 14 3 1 1 3 0 0 1 1 1 0 2 0 0 0
0 4.06 3 11 3 1 1 3 0 0 0 0 1 1 3 0 0 0
1 0.774 4 13 3 2 3 1 0 0 0 1 1 1 3 1 0 0
0 0 6 10 3 4 1 1 0 0 0 1 1 1 3 0 0 0
0 1.1 4 12 3 1 3 3 1 0 0 1 1 1 1 0 0 0
1 2.92 3 12 3 1 1 3 0 0 0 1 1 1 3 0 0 0
1 3.02 2 18 3 1 1 1 0 0 0 1 1 0 3 0 0 0
0 3.25 1 16 3 1 1 3 0 0 0 1 1 1 3 0 0 0
1 1.73 1 12 3 1 1 2 0 0 0 1 1 1 3 0 0 0
0 8.95 3 18 3 1 1 1 0 0 0 1 1 1 3 0 0 0
0 1.6 2 11 3 1 1 4 0 0 0 1 1 1 3 0 0 0
0 0.88 1 12 3 4 3 1 0 0 0 0 0 0 3 0 0 0
0 4.65 3 13 3 4 1 1 0 0 0 1 1 1 3 0 0 0
0 0.925 4 12 3 1 3 2 1 0 0 1 1 1 3 0 0 0
1 4.3 4 16 3 2 3 4 1 0 0 1 1 1 3 0 0 0
0 2.36 4 13 1 1 1 2 1 0 0 1 1 1 1 1 1 0
1 0.2 2 8 3 1 1 2 0 0 0 1 1 0 3 0 0 0
0 1.4 6 12 3 1 1 2 0 0 0 1 0 0 3 0 0 0
0 6.55 4 18 3 1 1 4 1 0 0 1 1 1 3 0 0 0
0 0.835 5 14 3 1 3 1 1 0 0 1 1 1 3 0 0 0
0 4.55 2 12 3 1 1 3 0 0 0 1 1 1 3 0 0 0
0 2.48 2 12 1 1 1 3 0 0 1 0 1 0 3 0 0 0
0 0.6 6 11 3 1 1 4 0 1 0 0 0 0 2 0 0 0
0 1.2 1 12 3 1 1 3 0 0 0 1 1 1 3 0 0 0
1 1.84 4 12 3 1 3 4 1 0 0 1 1 1 3 0 0 0
0 4.55 1 15 3 1 1 3 0 0 0 1 0 0 3 0 0 0
1 1.2 6 12 3 1 1 3 0 0 0 1 1 1 3 0 1 0
1 1.23 5 7 3 1 1 3 1 0 0 1 1 1 3 0 0 0
1 1.38 2 12 3 1 1 3 0 0 1 0 1 0 3 0 0 0
1 5.1 3 14 3 1 1 3 0 0 0 1 1 1 3 0 0 0
0 23.8 5 12 3 2 3 4 1 0 0 1 1 1 3 0 0 0
1 13.6 3 18 3 1 1 4 0 0 0 1 0 0 3 0 0 0
1 1.25 3 12 3 1 1 3 0 0 0 0 0 0 3 0 1 0
0 0.78 4 8 3 1 3 3 1 0 0 1 1 1 1 1 1 1
1 3 1 18 3 4 1 2 0 0 0 1 1 0 3 0 0 0
0 7 3 14 1 1 1 4 0 0 1 0 1 0 3 0 0 1
0 2.55 5 16 3 4 3 4 1 0 0 1 1 1 3 0 0 0
0 0.74 5 8 3 4 3 2 1 0 0 1 1 1 3 0 0 0
0 2.08 1 16 3 4 1 4 0 0 0 1 1 1 3 0 0 0
0 4 1 16 3 1 1 4 0 0 0 1 1 1 3 0 0 0
1 1.85 5 12 3 1 3 1 1 0 0 1 1 1 3 0 0 0
0 0.875 1 12 3 4 1 2 0 0 0 1 0 0 3 0 0 0
0 1.2 5 12 3 1 3 3 1 0 0 1 1 1 3 0 0 0
0 1.6 6 14 3 4 1 2 0 0 0 1 0 0 3 0 0 0
0 6.12 1 17 3 1 1 4 0 0 0 1 1 1 3 0 0 0
0 2.09 1 15 3 1 1 3 0 0 0 1 0 0 3 0 0 0
0 0.7 3 6 3 1 1 3 0 0 0 0 1 1 3 0 0 1
0 4.3 6 12 3 4 1 1 0 0 0 1 1 1 3 0 0 0
0 3.01 1 16 3 1 1 3 0 0 0 1 1 1 3 0 0 0
0 1.94 1 14 3 1 1 2 0 0 0 1 0 0 3 0 0 0
0 3.17 2 12 3 1 1 4 0 0 1 0 1 0 3 0 0 0
0 4.56 4 12 3 1 1 2 1 0 0 1 1 1 3 0 0 0
0 0.51 6 12 3 4 1 3 0 0 0 0 1 0 3 0 0 0
0 3.84 2 18 3 1 1 4 0 0 0 1 1 1 3 0 0 0
1 1.5 6 12 3 1 1 1 0 0 0 1 1 0 3 0 0 0
1 1.55 5 8 3 1 3 4 1 0 0 1 1 0 3 1 1 1
0 0 6 10 1 4 2 2 0 0 0 0 0 0 3 0 0 0
0 1.5 1 13 3 4 1 2 0 0 0 1 1 1 3 0 0 0
0 0.41 5 8 1 1 3 3 1 1 0 0 0 0 3 0 0 1
0 0.936 4 12 3 3 3 3 0 0 0 1 1 1 1 0 0 0
0 0.662 6 12 3 3 3 2 1 1 0 0 1 1 1 0 1 0
1 0.545 2 8 3 1 1 2 0 0 0 1 1 1 3 0 0 0
0 2.1 1 14 3 1 1 2 0 0 0 1 1 1 3 0 0 0
0 0.417 4 5 1 3 3 3 0 0 0 1 1 1 1 0 0 0
0 1.4 4 12 3 1 3 2 1 0 0 1 1 1 3 0 0 0
0 2.54 3 13 2 1 1 4 0 0 1 0 1 0 3 0 0 0
0 1.2 6 12 3 1 1 3 0 0 0 1 1 0 3 0 0 0
0 4.3 3 16 3 1 1 1 0 0 0 1 1 1 3 0 0 0
0 0.615 4 8 3 3 3 2 1 0 0 1 1 1 2 1 1 0
1 1.8 1 12 1 3 1 3 0 0 0 1 1 1 3 0 0 0
0 2.34 4 17 3 1 3 4 1 0 1 1 1 1 3 0 0 0
1 0.47 2 10 3 1 3 4 1 0 0 0 1 1 1 1 1 0
0 2 2 11 3 1 1 2 0 0 0 1 1 0 3 0 0 0
0 3 3 12 3 1 1 3 0 0 0 1 1 1 3 0 0 0
1 4.01 1 16 3 1 1 2 0 0 0 1 0 0 2 0 0 0
0 2.15 5 18 3 4 3 1 1 0 0 1 1 1 3 0 0 0
0 3.2 3 18 3 1 1 2 0 0 0 1 1 1 3 0 0 0
0 7.34 4 17 3 1 3 3 0 0 1 1 1 1 2 0 0 0
0 2.02 2 16 3 1 1 3 0 0 0 1 1 1 3 0 0 0
0 2.15 5 18 3 1 3 2 1 0 0 1 1 1 3 0 0 0
0 3.02 1 16 3 1 1 2 0 0 0 1 0 0 3 0 0 0
0 2.7 2 14 3 1 1 4 0 0 0 1 1 1 2 0 0 0
0 2.92 1 13 3 3 1 2 0 0 0 1 0 0 3 0 0 0
1 0.724 5 8 3 1 3 2 1 0 0 1 1 1 3 1 1 0
1 2 3 12 3 1 1 3 0 0 0 1 1 1 3 0 0 0
1 1.97 4 11 3 1 3 3 1 0 0 1 1 1 2 1 0 1
0 2 6 13 3 4 1 3 0 0 0 1 1 1 3 0 0 0
0 1.34 3 18 3 3 1 3 0 0 0 1 0 0 3 0 0 0
0 1.56 1 12 3 1 1 1 0 0 0 1 1 1 3 0 0 0
1 3.63 1 18 3 1 1 1 0 0 0 1 1 1 3 1 0 0
0 28 3 18 3 4 1 1 0 0 0 1 1 1 3 0 0 0
0 1.52 3 16 3 1 1 2 0 0 0 1 1 1 3 0 0 0
0 4.4 4 14 3 1 1 4 0 0 0 1 1 1 3 0 0 0
0 0.65 6 12 3 4 1 2 0 0 0 0 0 0 3 0 0 0
0 3.22 3 16 3 1 1 2 0 0 0 1 0 0 3 0 0 0
0 2.6 2 12 3 3 1 2 0 0 0 1 0 0 3 0 0 0
1 2.06 2 12 3 1 1 1 0 0 0 1 1 0 3 0 0 0
0 0.494 4 7 3 4 3 3 1 0 0 1 1 1 1 0 0 0
0 5.01 2 16 3 4 1 1 0 0 0 1 0 0 1 0 0 0
0 2.45 5 12 3 1 3 2 1 0 0 1 1 1 3 0 0 0
0 2.67 5 12 3 1 3 4 1 0 0 1 1 1 3 1 1 0
0 1.4 3 16 3 3 1 4 0 0 0 0 1 1 3 0 0 0
0 3.5 4 14 3 1 1 1 0 0 0 1 1 1 3 0 0 0
0 0.9 4 10 1 1 1 3 0 0 0 1 1 1 3 0 0 0
0 1.49 5 14 3 2 3 3 1 0 0 1 1 1 3 0 1 0
1 1.34 2 11 3 1 1 2 0 0 0 1 1 1 1 0 1 0
0 0 6 12 3 4 3 1 0 0 0 0 1 0 3 0 0 0
0 2.45 4 12 3 1 3 3 1 0 0 1 0 0 3 0 0 0
0 3.81 3 12 3 1 1 4 0 0 0 1 1 0 3 0 0 0
1 4 3 12 3 1 1 2 0 0 0 1 1 1 3 0 0 0
0 4 2 18 3 1 1 4 0 0 0 1 1 0 3 0 0 0
0 0.001 3 10 3 1 1 3 0 0 0 1 1 1 1 0 1 0
0 5.4 3 17 3 1 1 4 0 0 0 1 1 1 3 1 0 0
1 0.53 4 6 1 3 3 1 1 0 1 0 1 1 1 0 0 1
0 1 2 13 3 1 1 4 0 0 0 1 0 0 3 0 0 0
0 2.6 1 13 1 3 1 3 0 0 0 1 0 0 3 0 0 0
1 1.17 4 12 3 3 3 1 1 0 0 0 1 1 1 0 1 0
0 2.5 2 16 3 1 1 4 0 0 0 1 0 0 3 0 0 0
0 0.9 3 12 3 1 1 3 0 0 1 0 1 1 2 0 1 0
0 1.5 6 13 3 3 1 3 0 0 0 1 1 1 3 0 0 0
1 5.01 1 14 3 1 1 4 0 0 0 1 1 0 3 0 0 0
1 0.327 3 12 3 4 3 1 0 0 0 1 1 1 3 0 0 0
0 1.56 5 16 3 4 3 1 1 0 0 1 1 1 2 0 1 0
1 1.1 6 16 3 4 1 3 0 0 0 0 1 1 3 0 0 0
1 3.53 3 12 1 1 1 4 0 0 0 1 1 1 3 0 0 0
0 1.3 4 8 3 1 3 2 0 0 0 1 1 1 3 0 0 0
1 0.999 4 9 2 2 3 2 1 0 0 1 1 1 3 0 1 1
0 0.891 5 8 3 1 3 3 1 0 0 1 0 0 3 0 0 0
1 0.409 2 12 3 1 3 1 0 1 0 0 1 1 1 0 0 0
0 0.85 1 12 3 1 1 4 0 0 0 1 1 1 3 0 0 0
1 1.7 1 9 3 3 1 1 0 0 0 0 0 0 3 0 0 0
1 1.21 5 15 3 1 3 4 1 0 0 1 1 1 3 0 0 0
1 0.457 4 4 1 1 3 2 0 0 0 1 1 1 2 1 0 0
0 0.8 2 12 3 3 1 3 0 0 0 0 0 0 2 0 0 0
1 3.05 3 16 3 3 1 2 0 0 0 1 1 1 3 1 0 0
0 1.71 4 18 3 4 1 1 1 0 0 1 1 1 3 1 0 0
0 6.15 2 13 3 1 1 2 0 0 0 1 1 1 3 0 0 0
0 3.76 6 16 1 1 1 3 0 0 0 1 0 0 3 0 0 0
0 0.84 2 9 3 1 1 2 0 0 0 1 0 0 3 0 0 0
1 0.387 3 5 1 2 3 3 1 1 0 0 1 1 1 1 0 0
1 1.24 3 12 3 1 3 3 1 0 0 0 1 1 1 0 1 0
0 2.6 2 12 3 1 1 3 0 0 0 1 1 1 3 0 0 0
0 3 3 12 3 1 1 3 1 0 0 1 1 1 3 0 0 0
0 3.3 4 16 3 3 3 3 1 0 0 1 1 1 3 0 0 1
0 0.327 6 12 3 1 1 4 0 0 0 1 0 0 3 0 0 0
0 1.21 5 14 3 1 3 3 1 0 0 1 1 1 3 0 0 0
1 6.25 3 16 3 3 1 3 0 0 0 1 1 1 3 0 0 0
0 3 3 16 1 1 1 4 0 0 0 1 1 1 3 0 0 0
0 0.4 6 15 1 1 1 3 0 0 0 0 0 0 3 0 0 0
0 1.6 1 12 3 1 1 3 0 0 0 1 1 0 3 0 0 0
1 0.65 4 12 3 1 1 2 0 0 0 1 1 1 3 0 1 0
0 0.475 6 12 1 4 1 2 0 0 0 1 1 1 3 0 0 0
1 0.7 1 12 3 4 1 3 0 0 0 1 1 0 3 0 0 0
0 2.8 5 16 3 1 3 1 1 0 0 1 1 1 3 0 1 0
0 1.4 1 12 3 3 1 4 0 0 0 1 0 0 3 0 0 0
0 2.7 1 12 3 3 1 4 0 0 0 1 1 0 3 0 0 0
1 4 1 14 2 3 1 3 0 0 0 1 0 0 1 0 0 0
0 1.7 2 14 3 1 1 2 0 0 0 1 1 1 3 0 0 0
0 1.57 3 7 3 1 1 3 0 0 0 1 1 1 2 0 1 0
0 4.7 1 16 3 1 1 1 0 0 0 1 1 0 3 0 0 0
1 1.4 2 12 1 4 1 3 0 0 0 1 1 1 3 0 0 0
0 2.28 3 12 3 1 1 1 0 0 1 1 1 1 3 0 0 1
1 3.92 6 12 3 4 1 4 0 0 0 1 1 1 3 0 0 0
1 1 4 12 3 2 3 4 1 0 0 0 1 1 3 0 1 0
0 0.275 2 16 3 1 1 2 0 0 0 1 1 1 3 0 1 0
0 8.45 2 14 3 1 1 4 0 0 0 1 1 1 3 0 0 0
1 4.7 2 16 3 3 1 3 0 0 0 1 1 1 3 0 0 0
0 2.02 2 12 3 1 1 2 0 0 0 1 1 0 3 0 0 0
0 0.856 5 14 3 1 3 2 1 0 0 1 1 1 3 0 0 0
1 1.19 5 14 3 1 3 2 1 0 0 1 1 1 3 0 0 0
0 1.4 6 12 3 1 1 3 0 0 0 0 1 1 3 0 0 0
0 1.4 6 12 3 1 1 3 0 0 0 1 1 1 3 0 0 0
0 1.05 2 18 3 4 1 4 0 0 0 1 1 1 1 0 0 0
0 0 6 12 1 4 1 3 0 0 0 0 0 0 3 0 0 0
1 3 3 15 3 1 1 1 0 0 0 1 1 1 3 0 0 0
0 3.52 1 17 3 1 1 1 0 0 0 1 0 0 3 0 0 0
0 4.42 4 16 3 1 1 1 1 0 0 1 1 1 3 0 0 0
0 0.76 3 12 3 1 1 3 0 0 0 1 1 1 2 0 0 0
0 10.9 5 18 3 2 1 1 1 0 0 1 1 1 3 0 0 0
0 0.48 4 12 3 1 1 1 0 0 0 1 1 1 2 0 0 0
0 3 4 10 3 3 1 1 0 0 0 0 1 1 3 0 0 0
1 2 4 9 3 2 3 2 0 0 0 1 1 0 3 0 0 0
0 4.62 2 14 3 1 1 4 0 0 0 1 1 1 3 0 1 0
0 2.5 2 14 3 1 1 2 0 0 0 1 1 1 3 0 0 0
0 0.316 5 4 3 1 3 2 1 0 0 1 1 1 3 0 0 0
0 2.1 3 18 3 1 3 4 0 0 0 1 1 0 3 0 0 0
1 1.71 6 17 3 1 1 4 0 0 0 0 0 0 3 0 0 0
1 100 2 18 3 3 1 4 0 0 0 1 1 1 3 0 0 0
0 2.4 1 12 1 1 1 3 0 0 0 1 1 1 2 0 0 0
0 1 6 12 3 1 1 4 0 0 0 0 0 0 3 0 0 0
0 0 3 12 3 1 1 4 0 0 0 1 1 1 3 0 0 0
0 3.45 2 16 3 1 1 1 0 0 0 1 1 1 3 0 0 0
1 0.095 5 6 1 3 3 3 1 0 0 0 1 1 3 0 0 0
0 3 4 12 3 1 1 2 0 0 0 0 1 1 3 0 0 0
0 0 6 10 3 4 3 1 0 0 0 0 0 0 3 0 0 0
1 1.94 4 18 3 1 2 1 0 0 0 1 1 1 3 0 1 0
1 2.8 1 13 3 1 1 1 0 0 0 0 0 0 3 0 0 0
0 0.301 1 12 3 4 1 1 0 0 0 1 1 1 3 1 0 0
0 1.08 3 7 1 3 1 3 0 0 0 1 0 0 3 0 0 0
1 0.5 3 10 1 1 3 3 0 0 0 1 1 1 1 0 1 0
0 3.5 5 18 3 2 3 4 1 0 0 1 1 1 3 0 0 0
1 0.61 3 11 1 1 3 3 1 1 0 0 1 1 1 0 0 0
0 4.58 2 16 3 1 1 3 0 0 0 1 0 0 3 0 0 0
1 0.16 2 12 2 1 3 1 0 1 0 0 1 1 1 0 1 0
0 0.84 5 10 3 2 3 2 1 0 0 1 0 0 3 0 0 0
1 6.05 3 16 1 1 1 3 0 0 0 1 1 1 3 1 0 0
0 0.686 5 10 3 1 3 2 1 0 0 1 1 1 3 0 1 0
0 2.54 4 18 3 2 1 3 1 0 1 1 1 1 3 0 0 0
0 1.43 6 12 1 4 1 1 0 1 0 0 1 1 3 0 0 0
0 0.8 6 11 3 4 1 3 0 0 0 0 1 1 3 0 0 0
0 4.8 4 8 3 1 1 3 0 0 0 1 1 1 3 0 0 0
1 2.8 3 12 3 1 3 1 0 0 0 0 1 1 3 1 1 1
1 3.2 3 17 3 1 1 4 0 0 0 1 1 1 3 0 0 0
0 0.698 3 12 3 2 3 3 1 0 0 0 1 1 1 0 1 0
0 3.3 4 14 3 1 1 4 0 0 0 1 1 1 3 0 0 0
1 0.9 6 10 3 3 1 3 0 0 0 0 1 1 3 0 0 0
0 0.37 1 12 1 4 2 2 0 1 0 0 0 0 3 0 0 0
0 1.2 4 14 1 3 1 1 0 0 0 1 0 0 1 0 1 0
1 0.8 1 12 1 3 1 3 0 0 1 0 1 0 3 0 0 0
0 1.5 4 14 3 1 3 3 1 0 0 1 1 1 1 0 1 1
0 0.8 2 16 3 1 3 3 0 0 0 1 0 0 3 0 0 0
0 3 6 16 3 1 1 3 0 0 0 1 1 1 3 0 0 0
0 2.8 3 16 3 1 1 4 0 0 0 1 1 1 3 0 0 0
0 2.7 4 5 1 1 1 3 1 0 0 0 1 1 3 0 0 0
0 0.47 4 14 3 1 1 4 1 0 0 1 1 1 3 0 1 0
0 2.54 1 12 3 1 1 2 0 0 0 1 1 1 3 0 0 0
0 3.25 1 14 3 1 1 1 0 0 0 1 1 1 3 0 0 0
1 2.3 4 18 3 1 3 4 1 0 0 1 1 1 3 0 0 0
1 1.65 4 18 3 1 3 4 0 0 0 1 1 1 3 0 0 0
0 2.98 6 12 3 1 1 4 0 0 0 1 0 0 3 0 0 0
0 0.7 2 13 3 1 1 4 0 0 0 0 1 1 3 0 0 0
0 1.05 5 11 3 4 3 3 1 0 0 1 1 1 3 0 0 0
0 1.32 4 12 3 1 1 3 1 0 0 1 1 1 3 0 0 0
0 1.33 6 12 3 1 1 1 0 0 0 0 1 0 3 0 0 0
1 0.4 2 0 3 1 2 3 0 0 0 0 1 0 3 0 0 0
0 2.81 4 10 3 1 1 1 0 0 0 1 1 1 3 0 0 0
0 1.8 1 16 1 1 1 3 0 0 0 1 1 1 3 0 0 0
0 1.05 3 11 1 1 1 3 0 0 0 1 1 1 3 0 0 0
0 1.6 2 12 3 1 1 2 0 0 0 1 1 1 3 0 0 0
0 2.13 4 8 3 1 3 1 0 0 0 1 1 1 3 0 0 0
0 1.2 3 18 3 1 1 2 0 0 0 1 1 1 3 0 0 0
0 4.2 1 16 3 3 1 2 0 0 0 1 1 1 3 0 0 0
0 2.22 1 16 3 1 1 2 0 0 0 1 1 1 3 0 0 0
0 0.386 4 10 3 3 3 3 1 1 0 0 1 1 1 0 0 0
0 0.3 6 12 3 4 1 3 0 0 0 0 0 0 3 0 1 0
0 3 2 16 3 1 1 3 0 0 0 1 1 1 3 0 0 0
0 1.68 1 11 2 1 1 4 0 0 0 1 1 1 2 0 0 0
1 0.572 4 6 1 2 3 3 1 0 0 0 1 0 3 0 0 0
0 2 2 14 1 1 1 4 0 0 0 1 1 0 3 0 0 0
1 8.15 2 16 3 1 1 4 0 0 0 1 1 1 3 0 0 0
0 2.08 5 13 3 1 3 4 1 0 1 1 1 1 3 0 1 0
0 1.01 6 14 3 4 1 4 0 0 0 0 1 1 3 0 0 0
0 1.8 3 16 3 1 3 3 0 0 0 0 1 1 3 0 1 0
1 1.7 6 10 3 1 1 3 0 0 0 1 1 1 3 1 0 0
0 0.875 4 12 3 4 1 2 1 0 0 1 1 1 3 0 1 0
0 4.6 3 12 3 1 1 1 0 0 0 1 1 1 3 0 0 0
0 3.15 3 12 3 3 1 3 0 0 0 1 1 1 2 1 1 0
0 3.13 1 18 3 1 1 2 0 0 0 1 0 0 3 0 0 0
0 4.2 2 12 3 1 1 4 0 0 0 1 0 0 3 0 0 0
0 2.4 1 16 1 1 1 2 0 0 0 1 1 1 3 0 0 0
0 3.5 1 16 3 1 1 3 0 0 0 1 1 1 3 0 0 0
0 1.01 3 10 3 1 1 2 0 0 0 0 1 1 3 0 0 0
0 0.815 2 13 3 1 1 1 0 0 0 1 1 1 3 0 0 0
0 0.302 6 12 3 4 1 2 0 0 0 1 1 0 3 0 0 0
0 4.75 1 12 3 1 1 1 0 0 0 1 1 1 3 0 1 0
0 0 2 12 3 1 3 1 0 0 0 0 1 1 1 0 0 0
0 1.36 5 12 3 1 3 4 1 0 0 1 1 1 3 0 0 0
0 1.65 4 11 3 1 3 1 1 0 0 1 1 1 3 0 0 0
0 5.15 4 15 3 1 1 1 0 0 0 1 1 1 3 0 0 0
0 0.79 5 9 3 2 3 2 1 0 0 0 1 1 3 0 0 0
1 1.98 2 18 3 4 1 2 0 0 0 1 1 1 3 0 0 0
0 2.5 5 13 3 1 3 1 1 0 0 1 1 1 3 0 1 0
0 0.708 2 16 3 1 1 3 0 0 0 1 1 1 3 0 0 0
0 1.14 3 7 1 3 3 1 1 0 0 0 1 1 1 1 0 0
0 2.2 4 12 3 1 3 1 1 0 0 1 1 1 3 0 0 0
0 2.21 6 13 3 4 1 1 0 0 0 1 0 0 3 0 0 0
1 1.61 5 9 3 2 3 2 1 0 0 1 1 1 3 0 0 0
0 1.25 4 16 3 1 3 2 1 0 0 1 1 1 3 0 1 0
0 0.015 6 14 3 4 3 3 0 0 0 1 0 0 3 0 0 0
0 0 3 12 3 1 2 4 0 0 0 1 1 1 1 1 1 0
0 1.6 1 12 1 1 1 4 0 0 0 1 1 0 3 0 0 0
0 2.37 2 15 2 1 1 4 0 0 0 1 1 1 3 0 0 0
1 0 2 12 3 1 2 2 0 1 0 0 1 0 2 0 0 0
0 3 6 9 3 4 1 4 0 0 0 0 0 0 3 0 0 0
0 1.72 5 12 3 2 3 2 1 0 0 1 1 1 3 0 0 0
1 3 2 12 3 1 1 1 0 0 0 1 1 1 3 0 0 0
1 0.148 2 14 3 3 3 2 0 0 1 0 1 1 2 0 0 0
0 6.72 3 16 3 1 1 3 0 0 1 1 1 1 3 0 1 0
0 0.65 2 13 3 1 2 4 0 0 0 0 0 0 3 0 0 0
0 1.4 6 10 1 4 1 3 0 0 0 1 1 1 3 0 0 0
0 2.85 1 18 3 4 1 1 0 0 0 1 1 1 3 0 0 0
1 0.663 4 6 3 2 3 4 1 1 0 0 1 1 1 0 1 1
0 0.946 6 12 3 4 1 3 0 0 0 1 1 0 3 0 0 0
0 0.863 5 12 3 3 3 4 1 0 0 0 1 1 3 0 1 0
0 0.2 6 12 3 4 1 3 0 0 0 0 0 0 3 0 0 0
0 50.5 4 15 3 1 1 4 0 0 0 1 1 1 3 0 1 0
0 1.32 5 11 3 1 3 2 1 0 0 1 0 0 3 0 0 0
1 2.9 2 15 3 1 1 3 0 0 1 1 1 1 3 0 1 0
0 1 2 16 1 1 1 4 0 0 0 0 1 1 3 1 0 0
1 0.24 3 12 3 1 1 1 0 0 0 1 1 1 3 0 0 0
1 1.05 4 6 3 3 1 2 1 0 0 1 1 1 3 1 0 0
1 2 6 11 3 1 1 3 0 0 0 1 1 1 3 0 0 0
0 1.26 3 7 1 1 1 3 0 0 0 1 1 1 3 0 0 0
0 2.34 1 12 3 1 1 2 0 0 0 1 1 1 3 0 0 0
0 3.2 1 16 3 1 1 1 0 0 0 1 1 1 3 0 0 0
0 5.56 3 18 3 4 1 3 0 0 0 0 1 1 3 0 0 0
0 1.5 6 12 3 1 1 4 0 0 0 1 1 1 3 0 0 0
0 2.06 3 14 3 1 1 4 0 0 0 1 1 1 3 0 0 0
0 4.72 1 14 2 1 1 4 0 0 0 1 1 1 3 0 0 0
1 2.5 3 8 3 1 1 2 0 0 0 1 0 0 3 0 0 0
0 2.9 4 14 3 1 3 3 1 0 0 1 1 1 3 0 0 0
0 2.86 2 12 3 1 1 3 0 0 0 1 1 0 3 0 0 0
0 2.1 6 16 2 1 1 1 0 0 0 1 0 0 3 0 0 0
0 1 5 16 3 1 3 2 1 0 0 1 1 1 3 0 1 0
0 0.75 3 2 1 3 1 3 0 0 0 0 0 0 3 0 0 0
0 1.2 3 13 3 1 3 3 0 0 0 1 1 1 3 0 0 0
0 2.02 2 14 3 1 1 2 0 0 0 1 1 1 3 0 0 0
0 2.52 3 14 3 1 1 1 0 0 0 1 1 1 3 0 0 0
0 3.2 3 13 1 3 1 1 0 0 0 1 1 1 3 0 1 0
0 1.7 5 10 3 1 3 1 1 0 0 1 1 1 3 0 0 0
1 4.86 4 18 3 1 1 3 0 0 0 1 1 1 3 0 1 0
0 7.22 2 14 3 1 1 4 0 0 0 1 1 1 2 0 0 0
0 2.25 3 12 3 1 3 1 0 0 0 1 1 1 1 1 1 0
0 2.02 6 12 3 1 1 4 0 0 0 1 1 1 3 0 0 0
1 1.22 5 12 3 1 3 2 1 0 0 1 1 1 2 0 0 0
1 3.02 1 18 3 1 1 4 0 0 0 1 0 0 3 0 0 0
0 0.64 5 6 3 2 3 3 1 0 0 1 1 1 3 0 0 0
0 2.54 3 12 3 1 1 3 0 0 0 1 1 1 3 0 0 0
0 1.54 1 14 3 3 1 2 0 0 0 1 1 1 3 0 0 0
0 1 2 12 3 1 1 2 0 0 0 1 0 0 3 0 0 0
1 0.648 2 8 3 1 3 4 1 0 0 0 1 1 1 0 0 0
0 3.3 3 18 3 1 1 2 0 0 0 1 1 1 3 0 0 0
0 7.33 3 16 3 1 1 3 0 0 0 1 1 1 3 0 1 0
0 1.8 1 14 3 3 1 3 0 0 0 1 0 0 3 0 0 0
0 2.24 2 12 3 3 1 3 0 0 0 1 0 0 3 0 0 0
1 0.265 6 15 3 4 1 4 0 0 0 1 1 0 3 0 0 0
1 2.2 1 12 3 1 1 3 0 0 0 1 1 1 3 0 0 0
0 0.736 4 9 3 2 2 2 1 0 1 1 0 0 3 0 1 0
0 3.18 4 16 3 1 3 2 1 0 0 1 1 1 3 0 0 0
0 4 3 18 3 4 1 1 0 0 0 1 1 1 3 0 0 0
0 15 2 12 3 1 1 1 0 0 0 1 1 1 3 0 0 0
0 1 2 14 3 1 1 2 0 0 0 1 0 0 3 0 0 0
0 0.95 6 16 3 4 1 2 0 0 0 1 1 1 3 0 0 0
0 5 1 15 3 1 1 1 0 0 0 1 0 0 3 0 0 0
1 2.5 6 12 3 1 1 2 0 0 0 1 1 0 3 0 0 0
0 0.311 5 8 3 2 3 1 1 0 0 1 1 1 3 0 0 0
0 2.43 3 13 3 1 1 3 0 0 1 1 1 1 3 0 0 0
0 1.64 1 12 3 4 1 3 0 0 0 1 1 1 3 0 0 0
0 2.25 5 13 3 2 3 4 1 0 0 1 1 1 3 0 0 1
0 0.007 1 12 3 1 2 2 0 0 0 1 1 1 3 0 0 0
0 2.1 2 12 3 1 1 3 0 0 0 1 1 1 3 0 0 0
0 2.4 3 12 3 3 1 2 0 0 0 1 1 1 3 0 0 0
0 3.2 4 8 3 1 1 3 0 0 0 1 1 1 3 0 0 0
0 5.01 2 16 3 1 2 2 0 0 0 1 1 1 3 0 0 0
0 6.76 1 16 1 1 1 4 0 0 0 1 1 1 1 0 0 0
0 0.403 3 14 3 1 1 4 0 0 0 1 1 1 3 0 0 0
0 1.7 2 12 3 1 1 3 0 0 1 1 1 0 3 0 0 0
1 3.54 4 13 3 1 1 3 0 0 0 1 1 1 3 0 0 0
0 2.42 3 12 3 1 1 4 0 0 0 1 1 1 3 0 0 0
1 0 1 13 1 1 3 2 0 0 0 1 1 1 2 0 0 0
0 4 2 18 3 4 1 3 0 0 0 1 1 1 3 0 0 0
1 1.3 4 16 3 2 3 3 1 0 0 1 1 1 2 0 1 0
0 1.47 4 12 3 1 3 2 1 0 0 1 1 1 3 0 1 0
0 0.785 4 12 3 1 3 1 1 0 0 1 1 1 3 0 0 0
0 0.606 4 8 3 3 1 3 1 0 0 1 0 0 3 0 0 0
1 1.6 2 12 1 1 1 3 0 0 0 0 1 1 3 0 0 0
0 8.16 1 16 3 4 1 1 0 0 0 1 1 0 3 0 0 0
0 2.3 4 12 3 1 1 2 0 0 0 1 1 1 3 0 0 0
1 6.45 4 14 3 1 1 1 0 0 1 1 1 1 3 1 0 0
0 1.99 2 12 3 1 1 1 0 0 1 1 0 0 3 1 1 0
0 2.69 4 18 3 1 3 4 0 0 0 1 1 1 1 1 1 0
1 1.35 5 14 3 2 3 2 1 0 0 1 0 0 3 0 0 0
0 1.76 5 16 3 1 3 1 1 0 0 1 1 1 3 0 0 0
0 1.91 5 18 3 3 3 4 1 0 0 1 1 1 3 0 0 0
0 0.555 4 12 3 1 3 1 1 0 0 1 0 0 3 0 0 0
1 0.5 2 11 3 3 1 1 0 0 0 0 1 1 3 0 0 0
0 1.8 3 18 3 1 1 2 0 0 0 1 0 0 3 0 0 0
1 0.552 5 5 3 3 3 3 1 0 0 1 0 0 3 0 0 0
0 0.971 6 14 3 4 1 3 0 0 0 1 1 1 3 0 0 0
1 2.06 5 15 3 1 3 1 1 0 0 1 1 0 3 0 0 0
1 1.33 4 12 3 1 1 1 1 0 0 1 1 1 3 0 0 0
0 2.6 2 12 3 3 1 4 0 0 0 1 1 1 3 0 0 0
1 2.08 4 2 1 1 1 1 0 0 1 1 1 1 2 0 0 0
1 1.78 4 16 3 1 3 3 1 0 0 1 1 1 3 1 0 0
0 1.55 5 14 3 3 3 4 1 0 0 1 1 1 1 0 1 0
0 2.75 2 17 1 3 1 3 0 0 0 1 1 1 3 0 0 0
1 0.86 3 12 3 1 3 2 0 0 0 1 1 1 3 0 0 0
1 1.36 3 7 3 3 3 3 1 0 0 1 0 0 1 0 1 0
0 2.2 6 12 3 1 1 3 0 0 0 1 1 1 3 0 0 0
0 3.03 1 12 3 1 1 2 0 0 0 1 0 0 3 0 0 0
1 3.52 2 16 3 4 1 4 0 0 0 1 1 0 3 0 0 0
0 2.6 3 12 3 1 1 2 0 0 0 1 1 1 3 0 0 0
0 1.19 5 15 3 1 3 3 1 0 0 1 1 1 3 0 0 1
0 6.35 6 18 3 4 1 4 0 0 0 1 1 1 3 0 0 0
0 5.25 4 12 3 1 1 1 1 0 0 1 1 1 3 0 0 0
0 1.4 2 5 3 1 1 4 0 0 0 1 1 1 3 0 0 0
0 1.07 5 8 3 1 3 2 1 0 0 1 1 1 3 0 1 0
0 4.35 4 18 3 2 3 3 1 1 1 1 1 0 3 0 0 0
1 1.8 1 11 3 1 1 3 0 0 0 1 1 1 3 0 0 0
0 1.2 1 12 1 1 1 3 0 0 0 1 1 1 3 1 0 0
1 0.695 5 6 2 3 3 4 0 1 0 0 1 1 3 0 0 0
0 1.5 6 12 3 1 1 1 0 0 0 1 1 1 3 0 0 0
0 1.34 3 10 3 3 1 4 0 0 0 0 1 1 2 0 0 0
0 12.6 3 16 3 1 1 1 0 0 0 1 0 0 3 0 0 0
1 0.793 5 9 3 1 3 1 1 0 0 1 1 1 3 0 1 0
1 0.53 1 12 3 1 2 3 0 0 0 0 0 0 3 0 0 0
1 1.43 4 12 3 1 3 2 1 0 0 1 1 1 3 0 0 0
1 3.02 1 16 3 3 1 2 0 0 0 1 1 1 3 0 0 0
0 1.11 1 16 3 1 1 2 0 0 0 1 0 0 3 0 0 0
0 0.7 2 12 3 3 1 3 0 0 0 0 0 0 3 0 0 0
0 2.93 6 16 3 1 1 3 0 0 0 1 1 1 3 0 0 0
1 3.11 6 16 3 1 1 4 0 0 0 1 1 1 3 0 0 0
0 4.02 2 16 3 1 1 4 0 0 0 1 1 1 3 0 0 0
1 3.6 1 14 3 3 1 3 0 0 0 1 1 1 3 0 0 0
1 0.58 2 12 3 4 1 1 0 0 0 0 1 1 3 0 1 0
0 0.403 5 5 1 1 3 3 1 0 0 0 1 1 2 0 1 0
0 0.62 4 10 3 1 3 3 0 0 0 1 1 1 3 0 0 0
1 0.3 1 10 1 3 1 2 0 0 0 0 0 0 2 0 0 0
0 2.9 1 17 3 1 1 4 0 0 0 1 1 1 3 0 0 0
0 4.01 1 12 3 1 1 2 0 0 0 1 1 0 3 0 0 0
0 1.83 1 12 3 4 1 1 0 0 0 1 1 1 3 0 0 0
0 1.22 2 12 3 1 1 3 0 0 0 1 1 1 3 0 0 0
0 1.22 6 18 3 4 1 3 0 0 0 1 0 0 3 0 0 0
0 8.02 4 17 3 1 1 3 0 0 1 1 1 1 3 0 1 0
0 0.8 4 18 1 4 3 1 1 1 0 1 1 1 1 1 1 0
0 0.218 5 12 3 1 3 2 1 0 0 1 1 1 3 0 0 0
0 2.61 6 16 3 4 1 2 0 0 0 1 0 0 3 0 0 0
0 1.41 2 13 3 1 1 1 0 0 0 1 1 1 3 0 0 0
1 0.603 3 12 3 1 1 1 0 0 0 0 1 1 3 0 0 0
0 4.03 3 18 3 1 1 1 0 0 0 1 1 1 3 0 0 0
0 3.43 3 5 1 1 1 3 0 0 0 1 1 1 3 0 0 0
0 0.55 4 10 3 1 3 2 1 0 0 1 1 1 2 0 0 0
0 3.5 2 18 3 1 1 2 0 0 0 1 1 1 3 0 0 0
1 4.76 4 16 1 1 3 2 0 0 0 1 1 1 3 0 0 0
0 2.11 6 12 3 1 1 4 0 0 0 1 0 0 3 0 0 0
1 0.5 4 16 3 1 3 3 0 0 0 1 1 1 3 0 1 0
0 1.5 1 12 3 3 1 2 0 0 0 1 1 1 3 0 0 0
0 0.686 3 16 3 4 3 1 1 0 0 0 0 0 1 0 0 0
0 2.6 1 13 1 1 1 2 0 0 0 1 1 1 3 0 0 0
1 0 1 7 3 4 2 4 0 0 0 0 0 0 3 0 0 0
0 1.68 6 11 3 1 1 2 0 0 0 1 1 1 3 0 0 0
0 5.75 1 12 3 1 1 4 0 0 0 1 1 1 3 0 0 0
0 1.8 3 16 1 3 1 4 0 0 0 1 1 1 3 0 1 0
0 2.85 5 18 3 1 3 4 1 0 0 1 1 1 3 0 0 0
0 0.537 5 12 3 1 3 2 1 0 0 1 1 1 1 1 1 0
0 0.96 5 8 3 1 3 2 1 0 0 0 1 1 3 0 0 0
1 2.35 5 12 3 2 3 2 1 0 0 1 1 1 3 1 1 0
0 0 2 14 3 3 2 3 0 0 0 1 0 0 3 0 0 0
1 14.4 5 18 3 1 1 4 1 0 0 1 1 1 3 0 1 0
1 2.01 2 12 3 1 1 2 0 0 0 1 1 1 3 0 0 0
0 3.6 1 12 3 1 1 1 0 0 0 1 1 1 3 0 0 0
0 2.99 1 12 3 3 1 1 0 0 0 1 0 0 3 0 0 0
1 2 3 12 3 3 1 2 0 0 0 1 1 1 3 0 0 0
0 0.989 3 13 3 1 3 4 0 0 1 0 1 0 3 0 0 0
0 5.9 3 14 3 1 1 4 0 0 0 1 0 0 3 0 0 1
1 0 2 12 1 1 2 3 0 0 1 0 1 1 2 1 0 0
0 3.5 4 12 3 3 3 3 0 0 0 1 1 1 3 0 1 0
0 1.08 4 14 1 1 3 4 0 0 1 1 1 0 3 0 0 0
0 4.33 5 18 3 1 3 3 1 0 0 1 1 1 3 0 0 0
1 3.21 2 13 3 1 1 3 0 0 0 1 1 1 2 0 0 0
0 1.49 4 13 3 1 3 4 0 0 0 1 1 1 3 0 0 0
0 1.39 4 16 3 1 1 1 1 0 0 1 1 1 3 0 0 0
0 1.75 4 11 3 1 3 1 0 0 0 1 1 1 1 1 1 0
1 2.77 3 17 3 1 3 3 0 0 1 0 0 0 3 0 0 0
1 0.3 1 10 1 3 3 3 0 0 0 0 1 0 1 0 0 0
0 2 6 12 3 1 1 1 0 0 0 1 0 0 3 0 0 0
0 2.5 1 14 3 1 1 1 0 0 0 1 1 1 3 0 0 0
0 1.5 1 12 3 1 1 3 0 0 0 0 1 1 3 0 0 0
0 1.01 1 12 3 1 1 3 0 0 0 1 0 0 3 0 0 0
0 3.9 3 15 3 1 1 4 0 0 0 1 1 1 3 0 0 0
0 3 2 14 1 3 1 4 0 0 0 1 1 1 3 0 0 0
0 1.5 4 12 3 1 1 2 0 0 0 1 1 1 3 0 0 0
0 1.78 4 10 3 1 3 4 0 0 0 1 0 0 3 0 0 0
0 3.9 2 16 3 4 3 3 0 0 0 1 1 1 3 0 0 0
1 0.88 2 13 2 1 2 2 0 0 0 0 1 1 3 0 0 0
1 0 4 13 3 1 3 1 0 0 0 1 1 1 3 0 0 0
0 0.929 3 12 3 1 3 3 1 0 0 1 1 0 1 0 1 0
0 2.39 3 12 3 1 1 2 0 0 0 1 1 1 3 0 0 0
1 0.754 2 12 3 1 3 1 1 0 0 0 1 1 1 0 0 0
0 2 3 14 3 1 1 2 0 0 0 1 0 0 3 0 0 0
1 6.7 3 16 3 1 1 4 0 0 0 1 1 1 3 0 0 1
0 4.02 1 15 3 4 1 2 0 0 0 1 0 0 3 0 0 0
0 0 6 12 2 1 3 4 0 0 0 1 0 0 3 0 0 0
1 1.05 4 12 3 3 1 3 0 0 0 1 1 1 1 0 1 0
1 1.32 2 12 1 3 1 3 0 0 0 1 1 1 3 0 0 0
0 1.45 4 18 3 1 3 4 0 0 0 1 1 1 3 0 1 0
0 0.8 4 8 3 1 3 3 1 0 0 1 1 1 1 0 1 0
1 2.62 5 12 3 2 1 1 1 0 0 1 1 1 3 0 0 1
0 2.53 1 12 3 1 1 2 0 0 0 1 1 1 3 0 0 0
0 0.565 4 12 3 3 3 1 1 0 0 0 1 1 3 0 1 0
0 1.51 2 12 3 1 1 4 0 0 0 1 1 1 3 0 0 0
0 4.3 4 16 3 3 1 3 0 0 0 1 1 1 3 1 1 0
0 3 3 12 3 1 1 1 0 0 0 1 1 1 3 0 0 0
0 8.39 3 16 3 1 1 4 0 0 0 1 1 0 3 0 1 0
1 2.58 2 17 3 3 1 3 0 0 0 1 1 1 2 0 0 0
0 0.229 5 13 3 1 3 4 1 0 0 1 1 1 2 0 1 0
1 1.43 4 12 3 1 3 3 1 0 0 1 1 1 3 0 0 0
0 2 4 18 3 1 1 2 0 0 0 1 1 1 3 0 0 0
0 3.2 2 16 3 3 1 2 0 0 0 1 0 0 3 0 0 0
1 0.69 5 8 3 3 3 2 1 0 0 0 1 1 3 0 0 0
0 2.1 5 16 3 1 3 3 1 0 1 1 1 1 3 0 0 0
1 0.13 2 12 1 3 3 2 0 1 0 0 1 1 1 0 0 0
0 3.81 2 14 3 3 1 1 0 0 0 1 1 1 3 0 0 0
1 3 4 12 3 1 1 4 0 0 0 1 1 1 3 0 0 0
0 1.01 4 12 3 1 3 1 0 0 0 1 0 0 3 0 0 0
0 3.38 3 14 3 1 1 4 0 0 0 1 1 1 3 0 0 1
0 4.5 2 18 3 3 1 4 0 0 0 1 1 1 2 0 0 0
0 3 1 18 1 4 1 4 0 0 0 1 1 1 3 0 0 0
0 3.21 1 18 2 1 1 3 0 0 0 1 1 0 2 0 1 0
0 1.25 5 7 3 1 3 1 1 0 0 0 0 0 3 0 0 0
0 3 1 13 3 3 1 4 0 0 0 1 1 0 3 0 0 0
1 1.6 2 13 1 1 1 2 0 0 0 1 1 0 3 0 0 0
1 2.27 1 12 3 1 1 1 0 0 0 1 0 0 3 0 0 0
0 1.21 4 13 3 4 3 1 1 0 0 1 1 1 3 0 0 0
0 2.09 4 8 3 1 3 2 1 0 0 1 1 1 3 0 0 0
0 1.15 1 13 3 1 1 4 0 0 0 1 1 0 2 0 0 0
0 2.17 5 16 3 1 3 2 1 0 0 1 1 1 3 0 0 0
0 3.04 2 16 3 1 1 2 0 0 0 1 1 1 3 0 0 0
0 2.72 2 16 3 3 1 4 0 0 0 1 1 1 3 0 0 0
0 0.563 3 10 1 2 3 1 0 0 1 0 1 1 2 0 0 0
1 4.15 2 13 3 1 2 3 0 0 0 1 0 0 2 1 0 0
0 3.56 1 14 3 1 1 4 0 0 0 1 1 1 3 0 0 0
1 1.35 4 12 3 1 3 4 1 0 0 1 1 1 3 0 0 0
0 0.855 1 12 3 1 1 3 1 0 0 0 1 1 1 0 0 0
0 4.2 5 14 3 1 3 3 1 0 0 1 1 1 3 0 0 0
0 3.55 2 17 3 3 1 1 0 0 0 1 0 0 3 0 0 0
0 0.412 1 11 3 1 3 3 1 0 0 1 1 1 1 0 0 0
0 3.4 5 17 3 1 1 3 1 0 0 1 1 1 3 0 0 0
0 0.004 3 12 3 1 1 4 0 0 0 1 1 1 3 0 1 0
0 0.644 5 10 3 1 3 1 1 0 0 1 1 1 3 0 0 0
1 3.01 4 12 3 1 1 3 0 0 0 1 1 1 3 0 0 0
1 0.55 4 10 3 4 3 1 0 1 0 0 1 1 1 0 1 0
0 0.9 4 13 3 3 3 3 1 0 0 1 1 0 2 0 0 1
0 1.52 4 7 3 1 1 3 0 0 0 1 1 1 3 0 0 0
0 1.3 6 14 1 1 1 3 0 0 0 1 0 0 3 0 0 0
0 1.2 6 12 1 3 1 4 0 0 0 1 0 0 3 0 0 0
0 1 2 14 1 1 1 2 0 0 0 1 1 1 3 0 0 0
0 1.81 1 14 3 4 1 3 0 0 0 1 0 0 3 0 0 0
0 2.03 3 18 3 1 1 4 0 0 1 1 0 0 3 0 0 0
0 4.3 2 15 3 3 1 4 0 0 1 1 1 0 3 1 0 0
0 9.65 3 18 3 1 1 4 0 0 0 1 1 1 3 0 0 0
0 1.32 5 7 3 1 1 1 1 0 0 1 1 1 3 0 0 0
1 4.5 3 13 3 1 1 3 0 0 0 1 1 1 3 0 0 0
0 3.44 4 16 3 1 1 3 1 0 0 1 1 1 2 0 1 0
0 0.6 6 12 3 1 1 2 0 0 0 0 0 0 3 0 0 0
1 10.5 1 18 3 1 1 4 0 0 0 1 0 0 3 0 0 0
0 2.92 3 16 1 1 1 1 0 0 1 1 1 1 3 0 0 0
1 1.43 6 11 1 4 1 2 0 0 0 1 1 0 3 0 0 0
0 2.44 4 12 3 1 3 2 0 0 0 1 1 1 2 0 1 1
0 0 2 15 3 1 3 3 0 0 0 0 1 1 1 0 0 0
0 8.03 3 14 3 1 1 1 0 0 0 1 1 1 3 0 0 0
0 2.26 4 14 3 1 3 3 1 0 0 1 1 1 1 0 1 0
0 1.2 2 12 3 4 1 3 0 0 0 1 0 0 3 0 0 0
0 1.61 3 12 1 1 1 3 0 0 0 1 1 1 3 0 0 0
0 1.42 1 12 3 1 1 1 0 0 0 1 1 1 3 0 0 0
0 1.2 6 14 3 4 1 3 0 0 0 0 0 0 3 0 0 0
0 0.544 5 12 3 1 3 3 1 0 0 0 0 0 3 0 0 0
0 5.25 1 16 3 1 1 1 0 0 0 1 1 1 3 0 0 0
0 3.83 2 16 1 1 1 3 0 0 0 1 1 1 3 0 0 0
0 3.75 2 12 3 1 1 3 0 0 1 1 1 1 3 0 0 0
0 0.8 1 16 3 4 1 4 0 0 0 1 1 1 3 0 0 0
0 4.15 2 18 3 4 1 3 0 0 0 1 1 1 3 0 0 0
1 5.5 2 18 3 1 1 4 0 0 1 1 0 0 3 0 0 0
0 1.81 4 18 3 1 1 3 1 0 0 1 1 1 3 0 0 0
0 0.4 6 8 3 4 1 4 0 0 0 0 0 0 3 0 0 0
0 1.18 4 12 3 1 3 4 1 0 0 1 0 0 1 0 0 0
0 0 6 9 1 4 3 3 0 0 0 0 1 1 3 0 0 0
1 1.26 4 11 1 4 3 2 0 0 1 0 1 1 3 0 0 0
1 0.975 1 12 1 1 1 3 0 0 0 1 1 0 2 0 0 0
0 2 1 12 3 1 1 4 0 0 0 1 1 1 3 0 0 0
1 3.1 5 18 3 1 3 3 1 0 1 1 1 1 2 0 0 0
0 2.15 2 12 3 1 1 2 0 0 0 1 1 1 3 0 0 0
1 2.18 1 16 3 1 1 4 0 0 0 1 1 1 3 0 0 0
0 1.6 6 12 3 3 1 3 0 0 0 1 1 1 3 0 0 0
1 3.8 1 12 3 1 1 3 0 0 0 1 1 1 3 0 0 0
0 0.9 3 12 1 3 1 3 0 0 0 0 1 0 3 0 0 0
1 0 3 8 3 1 3 3 1 0 1 0 1 1 1 0 0 0
0 1.78 5 16 3 1 3 4 1 0 0 1 1 1 3 0 0 0
0 1.5 4 15 3 1 3 4 1 0 0 1 0 0 3 0 0 0
0 2.45 6 12 3 4 1 1 0 0 0 1 0 0 3 0 0 0
0 2.51 1 12 3 1 1 2 0 0 0 1 0 0 3 0 0 0
0 10.7 4 16 3 1 3 4 1 0 0 1 1 1 3 1 0 0
1 3.52 6 16 1 1 1 1 0 0 0 1 1 1 3 0 0 0
0 2.7 1 12 3 1 1 4 0 0 0 1 1 1 3 0 0 0
0 0.655 5 14 3 1 3 4 1 0 0 1 1 1 3 0 0 0
0 1.05 1 12 3 1 1 4 0 0 0 1 1 1 3 0 0 0
1 2.4 2 12 1 3 1 3 0 0 0 1 1 0 3 0 0 0
1 5.1 2 12 3 1 1 2 0 0 0 1 1 1 3 0 0 0
0 2.32 3 8 1 1 1 4 0 0 0 1 1 1 3 0 0 0
1 0.65 1 10 3 1 3 3 1 0 0 0 1 1 1 0 0 0
0 1.2 2 9 1 1 1 3 0 0 0 1 0 0 3 0 0 0
1 0.678 5 9 1 3 3 3 1 0 1 0 1 1 3 0 0 0
1 2.02 1 13 3 1 1 2 0 0 1 1 1 1 3 0 0 0
0 1.3 2 14 3 1 1 4 0 0 0 1 1 1 3 0 0 0
0 2.8 4 6 3 1 1 1 0 0 0 1 0 0 3 0 0 0
0 0.95 5 15 3 1 3 1 1 0 0 1 1 1 3 0 1 0
0 9.5 3 18 3 1 1 1 0 0 0 1 1 1 3 0 0 0
1 0.85 3 10 3 4 1 4 0 0 0 0 1 1 2 0 1 0
0 1.14 4 12 3 1 3 2 1 0 0 1 1 1 3 0 1 0
1 0.002 3 7 3 3 2 3 0 0 0 0 1 1 3 0 0 0
1 4.1 3 12 3 3 1 2 0 0 0 1 1 1 3 0 0 0
0 5.71 3 18 3 1 1 4 0 0 0 1 1 1 3 0 0 0
0 1.3 1 16 3 1 1 2 0 0 0 1 1 0 3 0 0 0
0 0.7 1 14 3 4 3 4 0 0 0 0 1 1 1 0 1 0
0 4 1 12 3 3 1 4 0 0 0 1 1 0 3 0 0 0
0 3.01 2 16 3 1 1 3 0 0 0 1 1 1 3 0 0 0
1 0.76 4 11 3 1 3 1 1 0 0 0 1 1 3 0 1 0
1 0.194 2 9 3 3 2 1 0 1 0 0 1 0 3 0 0 0
0 0.512 1 12 3 4 1 3 0 0 0 1 1 1 3 0 0 0
1 0.9 5 14 3 2 3 4 1 0 0 0 1 1 3 1 0 0
0 0.409 4 0 1 3 3 2 1 0 0 0 1 1 3 0 0 0
1 1.43 3 12 3 1 3 1 0 0 0 1 1 1 1 1 1 0
1 0.563 3 12 3 3 3 3 0 0 1 1 1 0 1 0 1 0
1 0.23 1 16 3 4 3 1 0 1 0 0 1 1 1 0 0 0
1 0 1 12 3 3 3 4 0 0 0 0 0 0 2 0 0 0
0 0.5 4 12 3 1 1 2 0 0 0 1 1 1 3 0 0 0
0 1.32 4 16 3 1 3 1 1 0 0 1 1 1 3 0 0 0
0 2.5 6 14 3 1 1 2 0 0 0 1 0 0 3 0 0 0
0 0 6 8 1 4 3 3 0 0 0 0 1 1 3 0 0 0
1 4.6 4 18 3 2 1 4 0 0 0 1 1 1 3 0 0 0
0 1 1 16 3 4 1 2 0 0 0 0 1 1 3 0 0 0
1 0 6 13 1 4 1 2 0 0 0 0 1 1 2 0 0 0
0 0.432 3 12 3 3 3 2 1 0 0 0 1 1 1 0 1 1
0 1.34 4 12 3 1 3 4 1 0 0 1 1 1 3 0 0 0
1 1 1 12 3 1 1 2 0 0 0 1 1 1 3 0 0 0
0 0.6 4 12 3 1 1 3 0 0 1 1 1 1 1 0 1 0
0 0.137 1 11 1 1 2 2 0 1 0 0 0 0 3 0 0 0
0 3.78 4 14 3 1 3 4 1 0 0 1 1 1 3 0 0 0
0 1.98 4 12 3 1 3 3 0 0 0 1 1 1 3 0 0 0
0 0.045 6 13 3 1 1 2 0 0 0 1 1 1 3 0 0 0
0 6.42 1 16 3 1 1 1 0 0 0 1 1 1 3 0 0 0
0 5.13 3 16 3 1 1 1 0 0 0 1 1 1 3 0 0 0
0 0.002 6 15 1 4 3 4 0 0 0 0 1 0 3 0 0 0
0 2.8 2 16 3 3 1 3 0 0 0 1 1 1 3 0 0 0
0 0.657 4 12 3 4 3 3 1 0 0 1 1 1 3 0 0 0
1 0.595 6 16 3 4 1 1 0 0 0 1 1 1 3 0 0 0
0 2.85 3 14 3 1 1 1 0 0 0 1 1 1 3 0 0 0
1 1.48 3 14 3 1 1 1 0 0 0 1 1 1 3 0 0 0
0 1.68 5 12 3 1 3 2 1 0 0 1 1 1 3 0 0 0
1 1.4 1 12 3 1 1 3 0 0 0 1 1 1 3 0 0 0
1 2.52 3 14 3 3 3 2 0 0 0 1 1 1 3 0 0 0
0 6.05 3 16 3 1 1 4 0 0 0 1 0 0 3 0 1 0
1 1.8 2 12 1 1 1 1 0 0 0 1 1 1 1 1 0 0
0 1.64 5 10 3 1 3 3 1 1 1 1 1 0 3 0 0 0
0 3.77 4 12 3 4 1 4 1 0 0 0 1 1 3 0 0 0
0 2.8 6 12 3 4 1 2 0 0 0 1 0 0 3 0 0 0
1 0.385 5 12 3 2 3 2 1 1 0 1 1 1 3 0 0 0
0 0.79 3 12 3 1 1 2 0 0 0 1 1 1 2 0 1 0
0 3.06 3 13 3 1 1 2 0 0 0 1 1 1 3 0 0 0
0 0.816 4 9 3 3 3 1 0 0 0 1 0 0 3 0 0 0
0 3.3 1 13 3 4 1 2 0 0 0 1 1 0 3 0 0 1
0 2.75 1 16 3 1 1 1 0 0 0 1 1 1 3 0 0 0
1 3.25 4 17 3 1 1 2 0 0 0 1 1 1 2 0 0 0
0 13.7 3 17 3 1 1 3 0 0 0 1 1 1 3 0 0 0
1 1.17 5 13 3 1 3 2 1 0 0 1 0 0 3 0 1 0
1 0.438 4 10 1 1 3 3 1 0 0 0 1 0 1 0 0 0
0 3.6 4 18 3 1 3 2 1 0 0 1 1 1 3 0 0 0
0 0.3 6 12 3 4 1 4 0 0 0 1 1 1 3 0 0 0
0 1.4 1 14 3 1 1 3 0 0 0 0 1 1 3 0 0 0
0 3 2 12 3 1 1 3 0 0 0 1 1 1 3 0 0 0
1 1.2 6 13 3 4 1 2 0 0 0 1 1 0 3 0 0 1
1 1.33 5 14 3 2 3 2 1 0 0 1 1 1 3 0 0 0
0 3.01 4 12 3 1 1 1 0 0 0 1 1 1 3 0 0 0
0 4.52 5 12 3 1 3 4 1 0 0 1 1 1 3 0 0 0
0 1.2 6 12 1 1 1 3 0 0 0 1 0 0 3 0 0 0
0 1.45 6 16 3 1 1 4 0 0 0 1 1 1 3 0 0 0
0 0.7 6 12 3 4 1 3 0 0 0 0 0 0 3 0 0 0
1 1.75 4 16 3 1 1 3 0 0 0 1 1 1 3 0 1 0
1 1.75 5 11 3 1 3 1 1 0 0 1 1 1 3 0 0 0
0 2.02 4 14 3 2 3 4 1 1 0 0 1 1 1 0 1 1
1 0.939 4 12 3 1 1 2 1 0 0 1 1 1 3 0 0 0
1 4.06 2 12 3 1 1 1 0 0 0 1 1 1 3 0 0 0
0 1.7 3 9 3 1 1 4 0 0 0 1 1 1 3 0 0 0
1 7.16 3 12 3 1 1 4 0 0 0 1 1 1 3 0 0 0
0 2.3 2 5 1 3 1 4 0 0 0 1 1 1 3 0 0 0
0 0.845 4 5 3 1 3 3 0 0 0 1 1 1 2 0 0 0
0 5.25 3 16 3 1 1 1 0 0 0 1 1 1 3 0 1 0
0 3.8 2 12 3 3 1 2 0 0 0 1 1 1 3 0 0 0
1 1.14 4 11 3 1 3 2 1 0 0 0 1 1 1 0 1 0
0 3.48 1 12 3 3 1 1 0 0 0 1 1 1 3 0 0 0
1 1.22 5 13 3 1 3 4 1 0 0 1 1 1 3 0 1 0
0 0.001 3 14 3 1 1 3 0 0 0 0 1 1 3 1 0 1
0 1.3 2 14 3 4 2 2 0 0 0 0 0 0 3 0 0 0
0 4 3 13 3 1 1 1 0 0 0 1 1 1 3 0 0 0
0 1.33 2 16 2 3 1 2 0 0 0 1 1 0 3 0 0 0
0 0.8 3 14 1 3 1 3 0 0 0 0 1 1 3 0 0 0
0 4.2 2 18 3 1 1 3 0 0 0 1 1 1 3 0 0 0
1 0 3 8 3 1 3 3 0 0 0 0 1 1 1 1 0 0
1 0.381 4 9 3 3 3 4 0 1 0 0 1 1 2 0 0 0
1 0.9 1 12 3 1 1 3 0 0 0 0 0 0 3 0 0 0
0 2 1 12 3 3 1 4 0 0 0 1 1 1 3 0 0 0
0 2.8 1 12 3 1 1 1 0 0 0 1 0 0 3 0 0 0
0 0.29 6 12 1 4 2 3 0 0 0 0 0 0 3 0 0 0
1 2.25 4 10 3 3 1 3 0 0 1 1 1 0 3 0 0 0
1 2.17 3 12 3 3 1 3 0 0 0 1 1 1 3 0 0 0
0 3.06 3 12 3 1 1 2 0 0 0 1 0 0 3 0 0 0
0 6.58 3 13 3 1 1 1 0 0 0 1 1 1 3 0 0 0
0 13.6 3 18 3 3 1 1 0 0 0 1 1 1 3 0 0 1
0 1.5 1 12 3 4 3 3 0 0 0 1 1 1 1 0 0 0
0 0.3 6 13 3 4 1 4 0 0 0 0 0 0 3 0 0 0
1 1.61 6 12 3 3 1 2 0 0 0 0 0 0 3 0 0 0
0 5.2 1 14 3 4 1 2 0 0 0 1 1 1 3 0 0 0
0 1.26 1 15 3 4 1 1 0 0 0 1 1 1 3 0 0 0
0 0.551 2 15 3 1 3 2 1 0 0 1 1 1 1 1 0 1
0 0.659 5 8 3 1 3 1 1 0 0 0 0 0 3 0 0 0
1 1.1 1 12 1 4 1 3 0 0 0 1 1 1 3 0 0 0
0 3 2 12 3 4 1 2 0 0 0 1 1 1 3 1 0 0
0 1.88 4 17 3 1 1 3 1 0 0 1 0 0 3 0 0 0
0 1.92 6 14 3 1 1 3 0 0 0 1 0 0 3 0 0 0
0 3.81 1 13 3 1 1 3 0 0 0 1 1 0 3 0 0 0
0 0 2 11 1 1 3 3 0 0 0 0 1 0 1 0 0 0
1 1 2 8 3 1 1 3 0 0 0 1 1 1 3 0 0 0
0 2.57 4 14 3 3 1 3 0 0 1 1 1 1 3 0 1 0
0 2.41 4 14 3 1 2 4 0 0 0 1 0 0 3 0 0 0
0 1.65 2 16 3 1 1 2 0 0 0 1 1 1 3 0 1 0
1 0.475 2 12 1 1 1 1 0 0 0 1 0 0 3 0 0 0
0 3.98 2 18 3 1 1 3 0 0 0 1 1 1 3 0 0 0
0 1.2 4 8 3 1 3 3 1 0 0 1 1 1 3 0 0 0
1 2.4 2 12 3 1 1 3 0 0 0 1 1 1 3 0 0 0
0 0.4 6 16 3 4 1 1 0 0 0 1 1 0 2 0 0 0
1 3.46 3 18 3 1 1 3 0 0 0 1 1 1 3 0 0 0
1 2.12 1 16 3 3 1 2 0 0 0 1 1 1 3 0 0 0
0 2.04 2 12 3 1 1 2 0 0 0 1 1 1 2 0 0 0
1 0.852 5 12 3 2 3 4 1 0 0 1 1 1 3 0 0 0
1 7.4 5 9 3 2 3 1 1 0 0 1 1 1 3 0 0 0
1 0.8 3 12 3 1 1 3 0 0 0 0 0 0 3 0 0 0
0 2.01 1 16 3 1 1 4 0 0 0 1 1 1 3 0 0 0
0 4.9 4 17 3 1 3 2 1 0 0 1 1 1 3 0 0 0
0 8.05 2 18 3 1 1 4 0 0 0 1 1 1 3 0 0 0
0 1.14 2 13 3 1 1 1 0 0 1 0 1 1 3 0 0 0
0 0.2 3 11 3 1 1 3 0 0 0 1 0 0 3 0 0 0
1 5.5 1 16 3 4 1 3 0 0 0 1 1 1 3 0 0 0
0 0.001 3 9 3 3 1 1 0 0 1 0 1 0 2 0 0 0
0 1.4 6 10 3 4 1 2 0 0 0 1 1 0 3 0 0 0
0 1.1 6 16 1 4 1 3 0 0 0 1 1 1 3 0 0 0
1 0 6 12 3 4 1 4 0 0 0 0 0 0 3 0 0 0
1 1.34 4 13 3 1 3 3 1 0 0 1 1 1 3 0 0 0
0 4.7 2 16 2 1 1 1 0 0 0 1 1 1 3 0 0 0
1 1.2 6 12 3 1 1 2 0 0 0 1 1 1 3 0 0 0
1 3.21 1 12 3 1 1 2 0 0 0 1 1 1 3 0 0 0
0 1.72 6 12 3 1 1 2 0 0 0 1 0 0 3 0 0 0
1 6.04 3 18 3 1 1 2 0 0 0 1 1 1 3 0 0 0
1 0 1 12 1 1 3 2 0 0 0 1 1 0 3 0 0 0
1 6.55 2 18 3 4 1 1 0 0 0 1 1 1 3 0 0 0
0 0.65 4 12 3 1 3 3 1 0 0 1 1 1 3 0 0 0
0 0.35 2 5 3 3 1 3 0 0 0 1 1 1 3 0 0 0
0 0.634 5 8 3 1 3 2 1 0 0 0 0 0 3 0 0 0
0 1.7 2 14 3 4 1 2 0 0 0 1 1 1 3 0 0 0
0 3.39 4 16 3 1 3 3 0 0 0 1 1 1 2 0 1 0
0 2.5 3 12 3 1 1 1 0 0 1 1 1 1 3 0 0 0
0 2.25 3 14 3 4 1 4 0 0 0 1 1 0 3 0 0 0
0 0.205 4 10 3 1 3 1 0 1 0 0 1 1 1 0 0 0
0 3.7 4 16 3 1 1 1 0 0 0 1 1 1 3 0 0 0
1 0.198 3 16 3 3 3 1 0 0 0 1 1 1 3 0 0 0
0 0.787 4 18 3 1 3 2 1 0 0 1 1 1 1 0 1 0
1 1.34 5 8 3 1 3 2 1 0 0 1 1 1 3 0 1 0
0 1.51 4 15 3 1 1 3 0 0 0 1 1 1 2 0 1 1
0 0.18 3 14 1 3 1 3 0 0 0 0 1 1 3 0 0 0
1 2.11 5 8 3 1 3 4 1 0 0 1 1 1 3 0 0 0
0 8.76 2 16 3 4 1 2 0 0 0 1 1 1 3 0 0 0
0 4 1 16 3 4 1 1 0 0 0 1 1 1 3 0 1 0
0 0.6 4 12 3 1 3 2 0 0 0 1 1 1 1 0 0 0
0 0.975 4 12 3 1 3 4 1 1 1 0 1 1 1 1 1 1
0 0.884 4 10 3 1 3 3 1 0 0 1 1 1 3 0 0 1
1 2.8 4 9 3 1 1 1 0 0 0 1 1 1 3 0 0 0
0 1.95 1 15 3 4 1 3 0 0 0 1 1 1 3 0 1 0
0 1.61 1 12 3 4 1 3 0 0 0 1 1 1 3 0 0 0
0 0.645 5 12 3 1 3 3 1 0 0 1 1 1 3 0 0 0
1 4 3 12 3 1 1 1 0 0 0 1 1 1 3 0 0 0
0 2.3 2 16 3 3 1 1 0 0 0 1 1 1 3 0 0 0
0 7 2 16 3 1 1 3 0 0 0 1 1 1 3 0 0 0
0 0 6 12 3 1 3 2 0 0 0 0 0 0 2 0 0 0
0 1.7 1 12 1 3 1 4 0 0 0 1 1 0 3 0 1 0
0 4.01 2 16 3 1 1 2 0 0 0 1 1 1 3 0 0 0
0 3 1 14 3 3 1 3 0 0 0 1 0 0 3 0 0 0
0 3.35 5 12 3 4 1 3 1 0 0 0 0 0 3 0 0 0
0 5.5 3 18 3 1 1 1 0 0 0 1 1 1 3 0 0 0
1 0.7 1 15 3 3 1 2 0 0 0 0 1 0 3 0 0 0
1 0.945 4 12 3 3 3 3 1 0 0 1 1 1 2 0 0 0
0 1.7 4 18 3 1 1 2 0 0 0 1 0 0 3 0 0 0
0 2.23 1 11 3 1 1 2 0 0 0 1 1 0 3 0 0 0
0 0.3 1 12 1 3 3 2 0 0 1 0 1 1 3 0 0 0
0 2.1 3 12 3 1 1 1 0 0 0 1 1 1 2 1 1 0
1 3 3 14 3 3 1 2 0 0 0 1 0 0 3 0 0 0
0 8.2 2 18 3 3 1 3 0 0 0 1 1 1 3 0 0 0
0 3.25 4 17 3 1 3 2 0 0 0 1 1 1 3 0 1 0
1 1.79 4 11 3 1 3 2 1 0 0 1 1 1 3 0 1 0
0 0.838 2 12 3 1 1 1 0 0 0 1 0 0 3 0 0 0
0 2.47 2 12 3 3 1 3 0 0 0 1 0 0 3 0 0 0
0 6.43 2 18 3 1 1 3 0 0 0 1 1 1 3 0 0 0
0 2.72 3 14 1 1 1 3 0 0 0 1 1 1 3 0 1 0
0 2.7 2 13 3 1 1 3 0 0 0 1 0 0 3 0 0 0
1 1.17 3 15 3 1 1 4 0 0 0 1 1 1 3 0 1 0
0 1.07 4 15 1 1 3 3 1 0 1 1 1 1 3 0 0 0
0 0.989 5 18 3 1 3 3 1 0 0 1 1 1 3 0 1 1
0 4 2 12 1 1 1 3 0 0 0 1 1 0 3 0 0 0
1 0.832 3 16 1 1 3 3 0 0 1 0 0 0 3 0 0 0
0 3.15 3 18 3 1 1 1 0 0 0 1 1 1 3 0 0 0
0 10.6 4 18 3 1 1 4 1 0 0 1 1 1 3 0 0 0
0 2.47 3 16 3 4 1 1 0 0 0 1 1 1 3 0 0 0
1 1.67 4 12 3 1 3 3 0 0 0 1 1 1 3 0 0 0
0 2.18 4 14 3 3 3 1 1 0 0 1 1 1 3 0 0 0
0 2.71 6 16 1 4 1 3 0 0 0 1 1 1 3 0 0 0
1 2.1 3 10 3 1 3 2 0 0 0 1 0 0 3 0 0 0
0 2.75 4 12 3 1 3 2 0 0 0 1 1 1 3 0 0 0
0 1.18 4 9 1 2 1 3 0 0 0 1 1 1 3 1 0 0
1 4.35 2 14 3 3 1 3 0 0 0 1 0 0 3 0 0 0
0 4.38 2 16 3 1 1 4 0 0 1 1 1 1 3 0 0 0
0 10.3 2 18 3 1 1 3 0 0 0 1 1 1 3 0 0 0
0 1.45 3 12 1 4 1 3 0 0 0 1 1 1 3 0 0 0
1 1.23 5 16 3 1 3 4 1 0 0 1 1 1 3 0 0 0
0 0.04 1 13 3 1 3 1 0 0 0 1 1 1 3 0 0 0
1 1.5 2 12 2 1 1 4 0 0 0 1 1 1 3 0 0 0
1 2.86 2 18 1 4 1 1 0 0 0 1 1 1 3 0 0 0
0 1 1 12 3 1 1 2 0 0 0 1 1 0 3 0 0 0
0 1.6 1 14 3 3 1 3 0 0 0 0 0 0 3 0 0 0
1 1.3 3 5 1 1 3 3 0 0 0 1 1 0 3 0 0 0
0 2.27 2 12 3 1 1 1 0 0 0 1 0 0 3 0 0 0
0 1.4 6 12 3 4 1 4 0 0 0 1 0 0 3 0 0 0
0 1.94 4 15 3 4 2 1 0 0 0 1 0 0 3 0 0 0
1 3 3 12 3 1 1 1 0 0 0 1 1 1 3 0 0 0
0 0.492 2 9 1 4 3 1 0 1 0 0 0 0 1 1 0 0
1 1.01 4 10 3 1 3 1 0 0 0 1 1 1 1 1 1 0
1 1.55 4 12 3 1 3 1 1 0 0 1 1 1 2 0 0 0
0 1.9 1 12 3 1 1 1 0 0 0 1 1 1 3 0 0 0
0 0.901 1 16 3 1 1 4 0 0 0 1 0 0 3 0 0 0
1 4 1 10 3 3 1 2 0 0 0 1 0 0 3 0 0 0
0 1.2 4 12 3 1 3 4 1 0 1 1 1 1 1 1 0 0
1 2.8 1 12 3 1 1 4 0 0 0 1 1 1 3 0 0 0
0 2 1 13 3 3 1 3 0 0 0 1 1 1 3 0 0 0
1 1.13 1 11 3 1 1 3 0 0 0 1 1 1 3 0 0 0
0 2 2 12 3 1 1 2 0 0 0 1 0 0 3 0 0 0
0 0.4 5 12 3 2 3 2 1 0 0 1 1 1 3 0 0 0
0 2 1 14 3 1 1 1 0 0 0 1 1 1 3 1 0 0
0 2 2 12 3 1 1 4 0 0 0 1 1 1 3 0 0 0
0 1.57 6 16 1 4 1 3 0 0 0 1 1 1 3 0 0 0
1 7.46 4 18 3 1 1 1 1 0 0 1 0 0 3 0 1 0
0 2.48 2 18 3 1 1 4 0 0 0 1 1 1 3 0 1 0
0 5.02 2 14 3 4 1 1 0 0 0 0 1 1 3 0 0 0
0 0.789 4 12 3 1 3 2 1 0 0 1 1 1 2 0 0 1
0 2.06 2 12 3 1 1 2 0 0 0 1 0 0 3 0 0 0
0 2.31 4 18 3 1 3 4 1 0 0 1 1 1 2 0 0 0
0 1.6 6 12 3 1 1 1 0 0 0 1 1 1 3 0 0 0
0 9.02 2 14 3 3 1 1 0 0 0 1 1 1 3 0 0 0
0 0 3 11 1 4 3 2 0 0 0 0 0 0 3 0 0 0
0 5.45 3 16 3 3 1 4 0 0 0 1 1 0 3 0 0 0
1 1.8 1 15 3 4 1 3 0 0 0 1 1 1 3 0 0 0
0 1.26 5 12 3 2 3 3 1 0 0 1 1 1 3 0 0 0
1 1.2 2 8 1 1 1 3 0 0 0 1 0 0 2 0 0 0
1 0.7 3 16 3 3 1 2 0 0 0 0 0 0 3 0 0 0
1 4.52 1 15 3 1 1 3 0 0 0 1 1 1 3 0 0 0
1 0.45 6 12 3 4 1 3 0 0 0 0 1 1 3 0 0 0
0 0.801 5 3 1 1 3 3 1 0 0 1 1 1 3 0 0 0
0 1.21 4 12 3 1 3 3 1 0 0 1 1 1 3 0 0 0
1 3.59 1 13 3 1 1 4 0 0 0 1 1 1 3 0 1 0
0 1.2 6 14 3 4 1 2 0 0 0 1 0 0 3 0 0 0
0 1.92 4 8 3 1 1 2 0 0 0 1 1 1 3 1 0 0
1 1 6 12 3 3 1 2 0 0 0 0 0 0 3 0 0 0
0 5.42 3 16 3 1 1 3 0 0 0 1 1 1 3 0 0 0
1 0.096 2 6 3 1 3 2 0 1 0 0 1 1 2 0 0 0
0 0.87 4 12 3 1 3 4 1 0 0 1 1 0 1 0 0 0
0 2.52 1 12 1 3 1 2 0 0 0 1 1 1 3 0 0 0
1 2.6 5 17 1 1 3 2 1 0 1 1 1 0 3 0 1 0
1 1.09 4 11 1 3 3 3 0 0 0 1 1 1 3 0 0 0
0 2 6 13 3 1 1 1 0 0 0 1 1 1 3 0 0 0
0 0.6 1 11 3 3 1 2 0 0 0 1 0 0 3 0 0 0
0 0.342 6 13 2 4 1 3 0 0 0 0 0 0 3 0 0 0
0 4.9 2 18 3 1 1 2 0 0 0 1 1 1 3 0 0 0
0 3.5 3 12 3 1 1 3 0 0 0 1 1 1 2 0 0 0
0 0 2 10 3 1 3 2 0 0 0 0 1 0 1 0 1 1
0 0.561 5 11 3 1 3 3 1 0 1 1 1 1 2 0 0 0
0 0.506 4 12 3 1 3 3 1 0 0 1 1 1 1 0 0 0
1 1.78 6 12 3 1 1 4 0 0 0 1 1 1 3 0 0 0
0 1.02 3 15 3 4 1 4 0 0 0 1 0 0 3 0 0 0
1 0.137 2 11 1 1 3 2 0 1 0 0 1 1 3 0 0 0
0 6.65 5 13 3 1 1 4 1 0 0 1 1 1 3 0 0 0
1 0.941 4 10 3 2 1 4 1 0 0 0 1 1 2 0 1 0
0 1.52 5 13 3 1 3 4 1 0 0 1 1 1 3 0 0 0
0 4.1 4 12 3 1 3 1 1 0 0 1 1 1 3 0 0 0
0 2.01 3 12 3 1 1 2 0 0 0 1 1 1 3 0 0 0
0 1.01 5 11 3 2 3 1 1 0 0 1 1 1 3 0 1 0
1 0.576 2 11 3 1 3 3 1 0 0 0 1 0 1 1 1 0
0 1.8 3 12 3 1 1 2 0 0 0 1 1 1 3 0 0 0
1 3.92 2 14 3 1 1 3 0 0 0 1 1 1 3 0 0 0
0 1 2 12 3 3 3 4 0 0 0 1 1 0 1 0 1 0
0 1.07 6 17 3 1 1 2 0 0 0 0 0 0 3 0 0 0
0 0.593 4 8 3 2 3 1 1 0 0 0 1 1 1 0 1 0
0 1.58 2 12 3 1 1 2 0 0 0 1 0 0 3 0 0 0
0 3.2 5 16 3 1 3 1 1 0 0 1 1 1 3 0 1 0
0 0.4 5 8 3 1 3 2 1 0 0 1 1 1 3 0 0 0
0 4.15 3 16 3 1 1 2 0 0 0 1 1 1 3 0 0 0
0 3.2 1 14 3 1 1 2 0 0 0 1 1 1 3 0 0 0
1 0 6 10 1 1 2 3 0 0 0 1 1 1 3 0 0 0
1 3.61 2 14 3 1 1 4 0 0 0 1 1 0 3 0 0 0
1 0.712 4 8 3 4 3 2 1 0 0 0 1 1 1 0 0 0
0 1.36 1 6 3 1 1 2 0 0 0 1 1 1 3 0 0 0
0 2.4 1 16 3 4 1 3 0 0 0 1 1 1 3 0 0 0
1 4.54 4 17 3 1 3 2 1 0 0 1 1 0 3 0 0 0
0 40.2 2 16 3 3 1 4 0 0 0 1 1 0 3 0 0 0
0 17 3 18 3 1 3 2 0 0 0 1 1 1 3 0 0 0
0 5.34 6 13 3 4 1 3 0 0 0 1 1 1 3 0 0 0
0 0.2 2 12 1 1 3 1 0 0 0 1 1 1 3 0 0 0
1 1.69 4 12 3 1 3 3 1 0 0 1 0 0 1 0 0 0
0 0.8 2 15 3 1 1 3 0 0 0 1 1 1 3 0 0 0
0 2.24 1 12 3 1 1 1 0 0 0 1 1 1 3 0 0 0
0 0.71 4 10 3 1 3 1 1 0 0 1 1 1 1 1 1 1
0 0.801 1 12 3 4 1 2 0 0 0 1 0 0 3 0 0 0
1 3.48 4 12 3 3 3 2 1 1 1 1 1 1 1 0 0 0
0 3.8 2 12 3 1 1 2 0 0 0 1 0 0 3 0 0 0
0 2.4 1 12 3 1 1 1 0 0 0 1 1 1 3 0 0 0
0 2.21 2 12 3 1 1 2 0 0 0 1 1 1 3 0 0 0
0 1.48 2 12 3 1 1 2 0 0 0 1 1 1 3 0 0 0
0 0.8 4 12 3 1 3 4 1 0 0 1 1 1 3 0 0 0
0 1.15 4 8 3 1 3 1 0 0 0 1 1 1 3 1 1 0
0 1.7 2 12 3 1 1 2 0 0 0 1 1 1 3 0 0 0
0 1.42 4 12 3 1 3 3 1 0 0 1 1 1 3 0 0 0
0 2 3 12 3 1 1 3 0 0 1 1 1 1 3 0 0 0
0 0.8 1 12 3 3 1 4 0 0 0 0 0 0 3 0 0 0
0 2.64 6 13 3 1 1 3 0 0 0 1 1 1 3 0 0 0
0 0.5 3 8 3 1 1 2 0 0 0 1 0 0 2 0 0 0
0 1.33 3 13 3 1 1 2 0 0 0 1 0 0 3 0 0 0
0 1.11 5 12 3 1 3 4 1 0 0 1 1 1 3 0 0 0
1 2.43 2 14 3 1 1 4 0 0 0 1 1 1 3 0 0 0
0 2.4 1 16 1 1 1 1 0 0 0 1 1 1 3 0 0 0
0 0 2 13 3 4 3 3 0 0 0 0 1 0 2 0 1 0
0 1.25 1 12 3 4 1 2 0 0 0 1 1 0 3 0 0 0
0 3.64 4 12 3 1 1 2 0 0 0 1 1 1 3 1 0 0
1 3.31 3 12 3 1 1 2 0 0 0 1 1 1 3 0 0 0
0 0.425 3 8 3 1 1 2 0 0 0 1 1 1 2 0 0 0
0 1.6 1 12 3 4 1 1 0 0 0 1 1 1 3 0 0 0
0 1.41 4 12 3 1 3 4 1 0 0 1 1 1 1 0 0 1
1 3.5 1 12 1 1 1 2 0 0 0 1 1 1 3 0 0 0
0 2.15 4 12 3 1 3 2 0 0 0 1 1 1 3 0 0 0
1 1.55 1 12 3 1 1 4 0 0 1 0 0 0 3 0 0 0
0 1.1 3 12 3 1 1 2 0 0 0 1 1 1 3 0 0 0
0 5.03 6 16 3 4 1 2 0 0 0 1 1 1 3 0 0 0
0 4.55 2 15 3 4 1 2 0 0 0 1 0 0 3 0 0 0
0 0 3 18 3 3 3 3 0 0 0 1 1 1 1 0 0 0
0 0.45 2 5 1 3 1 3 0 0 0 0 0 0 3 0 0 0
1 1.37 5 12 3 4 3 3 1 1 0 1 1 1 3 0 0 0
0 4.3 1 16 3 4 1 1 0 0 0 1 0 0 3 0 0 0
0 6.4 3 12 3 1 1 3 0 0 0 1 1 1 3 0 0 0
1 4.01 2 12 3 3 1 1 0 0 0 1 1 1 3 0 0 0
0 1.27 5 12 1 1 3 2 1 0 0 1 1 1 3 0 0 0
0 3.7 3 18 3 1 3 2 0 0 0 1 1 1 3 0 0 0
0 0.485 1 12 3 1 3 2 1 0 0 1 1 0 1 0 0 0
0 1.5 4 16 3 1 1 3 0 0 0 1 1 1 3 0 0 0
0 1.8 4 8 3 1 3 1 1 0 0 1 1 1 1 1 1 0
0 0.868 3 11 3 1 3 3 0 0 1 0 1 0 1 1 1 0
0 3.51 2 12 1 3 1 1 0 0 0 1 1 1 3 0 0 0
1 0 6 12 3 4 3 2 0 0 0 0 0 0 3 0 0 0
1 3.94 1 12 3 1 1 1 0 0 0 1 1 1 3 0 1 0
0 6.48 5 18 3 1 3 3 1 0 0 1 1 1 3 1 0 0
1 1.2 2 12 3 1 1 2 0 0 0 1 1 1 2 0 0 0
0 0.2 1 12 3 1 2 4 0 0 0 1 1 1 3 0 0 0
0 1.53 5 10 3 1 3 4 1 0 0 1 1 1 3 0 0 0
1 7.91 3 16 3 3 1 3 0 0 0 1 1 1 3 1 0 0
1 4 2 18 3 1 1 3 0 0 0 1 1 1 3 0 0 0
0 4.21 3 14 1 3 1 4 0 0 0 1 1 1 3 0 0 0
0 3.21 3 12 3 1 1 2 0 0 0 1 1 1 3 0 0 0
0 6.8 4 18 3 1 1 4 0 0 0 1 1 1 3 0 0 0
1 3.01 3 12 3 1 1 1 0 0 0 1 1 1 3 0 0 0
0 1.6 6 14 3 4 1 3 0 0 0 1 1 1 3 0 0 0
0 2.3 6 13 3 1 1 4 0 0 0 1 1 1 3 0 0 0
0 3.52 1 18 3 1 1 2 0 0 0 1 1 1 3 0 1 0
0 0.211 2 9 3 1 3 1 0 0 0 1 1 1 3 0 0 0
1 0.836 2 10 3 3 2 1 0 0 0 0 0 0 3 0 0 0
0 1.23 4 18 3 1 1 4 1 0 1 1 1 1 3 0 0 1
0 1.6 1 12 3 3 1 4 0 0 0 0 1 0 3 0 0 0
1 2.8 2 14 3 1 1 2 0 0 0 1 1 1 3 0 0 0
1 1.9 2 10 3 1 1 1 0 0 0 1 1 1 3 0 0 0
0 100 1 13 3 1 1 3 0 0 0 1 1 1 3 0 1 0
0 2.29 1 12 3 1 1 1 0 0 0 1 1 1 3 0 0 0
1 0.797 4 12 3 1 1 1 0 0 0 1 1 1 3 0 0 0
1 2.23 5 12 3 2 1 1 1 0 0 1 1 1 3 0 0 0
0 1 3 16 3 1 1 2 0 0 0 1 1 0 3 0 0 0
0 5.16 4 12 3 1 1 2 0 0 0 1 1 1 3 0 0 0
0 5.44 2 13 3 1 1 3 0 0 0 1 1 1 3 0 0 0
0 0.704 4 11 3 1 3 3 0 0 1 0 0 0 1 0 0 0
0 0.68 2 12 3 3 3 2 0 0 0 0 0 0 1 0 1 0
0 2.29 4 16 3 3 3 4 1 0 0 1 1 1 3 0 0 0
0 2.5 4 16 3 1 3 1 1 0 0 1 1 1 3 0 0 0
0 4.15 2 15 3 3 1 4 0 0 0 1 1 1 2 0 0 0
0 2.48 2 13 3 1 1 3 0 0 0 1 1 1 3 0 0 0
1 1.13 3 10 3 1 3 1 1 0 0 1 1 1 1 0 1 0
0 1.8 2 18 3 1 1 3 0 0 0 1 0 0 3 0 0 0
0 3.52 4 14 3 1 3 1 0 0 0 1 1 1 3 0 0 0
0 0.777 5 12 3 1 3 2 1 0 0 1 1 1 3 0 1 0
1 3.52 3 12 3 4 1 3 0 0 0 1 1 1 3 0 0 0
0 3.5 6 12 3 4 1 4 0 0 0 1 1 1 2 0 1 0
0 0.6 1 12 1 3 1 3 0 0 0 0 0 0 3 0 0 0
0 0.818 5 9 3 2 3 1 1 0 0 1 1 1 3 0 0 0
0 3.04 3 12 3 3 1 2 0 0 0 1 0 0 3 0 0 0
0 0.65 4 12 3 3 3 4 1 1 0 0 1 1 3 0 0 0
0 0.656 4 13 3 1 2 4 1 0 0 1 1 1 3 0 0 0
1 20.4 3 12 3 1 1 1 0 0 0 0 1 1 2 1 1 0
0 2.45 2 13 1 1 1 4 0 0 1 1 1 1 2 0 1 0
0 1.01 2 12 3 1 1 2 0 0 0 1 1 1 3 0 0 0
0 0.308 1 12 3 1 3 3 0 0 0 0 0 0 1 1 0 0
0 5.25 1 17 3 1 1 3 0 0 0 1 1 0 3 0 0 0
0 3 2 16 3 1 1 2 0 0 0 1 1 0 3 0 0 0
0 6 2 14 3 3 1 3 0 0 0 1 1 1 3 0 0 0
0 4.21 1 17 3 1 1 1 0 0 0 1 1 1 3 1 0 0
0 0.257 1 12 1 3 1 2 0 1 0 0 1 1 3 0 0 1
0 9.37 1 18 3 4 1 4 0 0 0 1 0 0 3 0 0 0
0 2.65 1 13 3 1 1 4 0 0 0 1 1 1 3 0 0 0
0 5 2 12 3 1 1 4 0 0 0 1 0 0 3 0 0 0
0 0.5 1 15 3 3 1 3 0 0 0 0 1 1 3 0 0 0
0 1.55 3 12 1 3 1 4 0 0 0 1 1 0 3 0 0 0
0 1 4 10 3 1 3 2 0 0 0 1 1 1 2 0 0 0
0 0.913 6 9 3 1 1 2 0 0 0 0 1 1 3 0 0 0
0 5 4 3 1 1 1 3 0 0 0 0 0 0 3 0 0 0
0 2.24 2 16 3 1 1 2 0 0 0 1 1 0 3 0 0 0
0 1.95 1 12 3 1 1 1 0 0 0 1 1 1 3 0 1 0
1 0.738 4 10 1 3 3 3 0 0 0 0 1 0 1 0 0 0
0 0 6 12 2 1 3 4 0 0 0 0 1 1 3 0 0 0
0 1.1 3 8 3 1 1 1 0 0 0 1 1 1 3 0 0 0
1 3.74 1 10 1 1 1 2 0 0 0 0 0 0 3 0 0 0
0 1.5 3 8 3 1 1 1 0 0 0 1 1 1 3 0 0 0
1 0.379 4 8 3 4 3 1 0 1 0 0 1 1 1 1 1 0
0 1.4 4 12 3 3 1 2 0 0 0 1 1 1 3 0 0 0
1 2.6 1 18 1 1 1 3 0 0 0 1 1 1 3 0 0 0
0 1.83 1 16 1 1 1 3 0 0 0 1 1 1 3 0 0 0
0 1.2 1 12 3 3 1 3 0 0 0 0 0 0 3 0 0 0
1 1.05 5 8 3 3 3 1 1 0 0 1 1 1 3 0 1 1
0 4.8 2 16 3 3 1 4 0 0 0 1 1 1 2 0 0 0
0 2.9 2 16 3 1 1 3 0 0 0 1 1 1 3 0 0 0
0 0.15 6 13 3 4 1 3 0 0 0 0 0 0 3 0 0 0
0 1.85 4 9 3 1 3 4 0 0 0 1 1 1 3 0 0 0
0 6.4 1 12 3 3 1 2 0 0 0 0 0 0 3 0 0 0
0 0.599 4 11 1 2 3 1 1 0 0 0 1 0 3 0 0 0
0 6.42 4 18 3 1 1 2 0 0 0 1 1 1 3 0 0 0
0 1.33 3 9 1 1 3 1 0 0 0 1 1 1 3 0 0 0
0 0.915 5 12 3 2 3 3 1 0 0 1 1 1 3 0 0 0
0 3.33 2 12 3 1 1 2 0 0 0 1 1 1 3 0 0 0
0 2.58 2 12 3 1 1 3 0 0 0 1 1 1 3 0 0 0
1 1.82 1 10 1 3 1 3 0 0 0 0 1 1 3 0 0 0
0 5.3 3 14 3 1 1 2 0 0 0 1 1 1 3 0 0 0
0 15.1 1 18 3 1 1 3 0 0 0 1 1 1 3 0 0 0
1 0.966 5 6 3 2 3 4 1 0 0 1 1 1 3 0 0 0
0 0.6 2 12 1 1 1 3 0 0 0 0 1 1 3 0 0 0
0 0.6 3 13 3 3 1 4 0 0 0 1 1 1 3 0 0 0
0 12.1 1 16 3 3 1 1 0 0 0 1 1 0 3 0 0 0
0 5.1 3 18 3 1 1 1 0 0 0 1 1 1 3 0 0 0
0 1 6 14 3 3 1 4 0 0 0 0 1 0 3 0 0 0
1 2.23 4 12 3 2 3 2 1 0 0 1 1 1 3 0 1 0
1 0.385 2 5 1 4 3 3 0 1 0 0 1 0 1 0 0 0
0 2.1 2 11 3 1 1 2 0 0 0 1 1 1 3 0 0 0
1 0.763 4 5 1 1 3 3 0 0 0 1 1 1 1 0 0 0
1 1.27 4 16 3 1 1 3 1 0 0 1 1 1 1 0 1 0
0 0 6 13 3 4 2 1 0 0 0 1 0 0 3 0 0 0
0 3.07 4 16 3 1 3 3 1 0 1 1 1 1 3 0 0 0
0 18.3 6 13 3 4 1 4 0 0 0 1 1 1 3 0 0 0
1 1.08 2 12 1 1 1 3 0 0 0 1 1 1 3 0 0 0
0 1.09 5 8 3 4 3 1 1 1 0 0 1 1 3 0 0 0
0 1.7 4 12 3 1 1 1 0 0 0 1 1 1 3 0 0 0
0 2.83 2 18 3 1 1 4 0 0 0 1 1 1 2 0 0 0
0 0.733 4 17 3 1 3 2 1 0 0 1 1 1 3 0 0 0
1 2.9 6 12 3 1 1 3 0 0 0 1 1 1 3 0 1 0
0 2.23 1 16 3 3 1 4 0 0 0 1 0 0 3 0 0 0
0 15.5 3 18 3 1 1 4 0 0 0 1 1 1 3 0 0 0
0 13 3 18 3 2 1 3 0 0 1 1 0 0 3 0 0 0
0 1.03 2 18 3 4 1 2 0 0 0 1 1 1 3 0 0 0
0 0.929 6 13 3 4 2 1 0 0 0 0 1 1 3 0 0 0
0 3.65 3 11 3 1 1 3 0 0 1 1 1 1 3 0 1 0
0 5.9 2 12 3 1 1 2 0 0 0 1 1 1 3 0 0 0
0 1.8 6 16 3 4 1 4 0 0 0 1 0 0 3 0 0 0
0 5.02 2 18 3 1 1 4 0 0 0 1 1 1 3 0 0 0
1 2.17 4 11 3 1 1 1 0 0 0 1 1 1 1 0 1 0
0 1.41 1 10 3 1 1 2 0 0 0 1 1 1 3 0 0 0
0 1.25 1 12 3 1 1 1 0 0 0 0 1 1 3 0 0 0
1 0.811 5 8 3 3 3 3 1 0 0 1 1 1 3 0 0 0
0 1 6 12 3 1 1 2 0 0 0 1 1 1 3 0 0 0
1 1.6 6 10 3 1 1 3 0 0 0 1 0 0 3 0 0 0
0 1.26 4 12 3 3 1 4 0 0 0 1 1 1 2 1 0 0
0 6.51 1 18 3 3 1 3 0 0 0 1 0 0 3 0 0 0
0 1.32 6 14 3 4 1 2 0 0 0 0 1 1 3 0 1 0
1 1.73 1 13 1 1 1 2 0 0 0 1 1 0 3 0 0 0
1 6.71 3 15 3 1 1 4 0 0 0 1 1 1 2 0 1 0
0 2.2 3 18 3 1 1 3 0 0 0 1 1 1 3 0 0 0
0 2.6 2 12 3 1 1 2 0 0 0 1 1 1 3 0 0 0
0 2.2 1 12 3 1 1 4 0 0 0 1 0 0 3 0 0 0
0 1.53 3 7 3 1 3 3 0 0 0 1 1 1 3 0 1 0
1 2.2 1 12 1 1 1 2 0 0 0 1 1 0 3 0 0 0
1 0.613 4 11 3 1 3 4 1 0 0 1 1 1 3 0 0 0
0 5.2 2 16 1 3 1 1 0 0 0 1 1 1 3 0 0 0
1 1.12 6 13 1 4 1 2 0 0 0 1 1 0 3 0 0 0
0 3.66 5 18 3 1 3 4 1 0 0 1 1 1 3 0 0 0
0 0.008 6 12 3 4 2 1 0 0 0 0 0 0 3 0 0 0
0 1.84 1 12 3 3 1 3 0 0 1 0 1 0 3 0 0 0
0 2.46 1 13 3 1 1 4 0 0 0 1 1 1 3 0 0 0
0 0.367 4 10 3 2 3 3 1 0 0 1 1 1 3 0 0 0
1 2.22 4 12 3 1 1 2 1 0 0 1 1 1 3 0 0 0
0 1.8 1 12 3 1 1 3 0 0 0 1 1 1 2 0 0 0
0 8 2 16 3 1 1 4 0 0 0 1 1 1 3 0 0 0
1 1 2 12 3 1 1 2 0 0 0 1 1 1 3 0 0 0
0 0.382 4 18 3 1 3 4 1 0 0 1 1 1 2 0 1 0
0 5.03 1 16 2 1 1 3 0 0 0 1 1 1 3 0 0 0
0 1.87 4 14 1 1 2 3 0 0 0 1 1 1 3 0 0 0
0 3.52 2 12 3 1 1 3 0 0 0 1 1 1 3 0 0 0
0 0.002 1 17 3 4 2 2 0 0 0 1 1 0 3 0 0 0
0 1.4 1 18 3 1 1 4 0 0 0 1 1 1 3 0 0 0
0 1.01 4 13 3 1 3 3 1 0 0 1 1 1 1 0 1 0
0 1.2 3 3 1 1 1 3 0 0 0 0 1 1 3 0 0 0
0 1.5 6 16 3 4 1 4 0 0 0 1 1 0 3 0 0 0
0 0 3 8 3 1 1 3 0 0 0 0 1 1 1 0 1 0
1 1.8 4 10 1 1 1 1 0 0 0 0 1 0 3 0 0 0
0 3.32 1 16 3 1 1 1 0 0 0 1 1 1 3 0 0 0
0 0.32 3 12 3 1 1 3 0 0 0 1 1 1 2 1 1 0
0 3.52 1 16 3 4 1 1 0 0 0 0 0 0 3 0 0 0
1 1.1 5 11 3 1 3 3 1 0 0 1 1 1 3 0 0 0
0 1.24 5 7 1 2 3 4 1 0 0 1 1 1 3 0 0 0
0 0.535 1 18 3 1 1 4 0 0 0 0 1 0 3 0 0 0
0 1.28 4 12 3 1 1 2 1 0 0 1 1 1 3 0 0 0
0 2.8 2 12 3 1 1 1 0 0 0 1 1 1 3 0 0 0
0 1.2 1 7 3 1 1 3 0 0 0 0 0 0 3 0 0 0
0 5.05 1 12 3 3 1 3 0 0 0 1 1 1 3 0 0 0
0 0.12 6 12 3 1 1 4 0 0 0 0 1 1 1 0 1 0
1 2.7 1 14 3 4 1 1 0 0 0 1 1 1 3 0 0 0
0 0.602 5 7 3 1 3 4 1 0 0 1 1 1 3 0 0 0
0 1.5 4 12 3 4 3 1 0 0 0 1 1 1 3 1 0 1
0 1.89 4 13 3 1 3 3 1 0 0 0 1 1 3 0 0 0
1 5.53 2 16 3 1 1 3 0 0 0 1 1 1 3 0 0 0
0 2.28 5 12 3 1 3 4 1 0 0 1 1 1 3 0 1 0
1 1.2 1 12 3 1 1 3 0 0 0 1 1 1 3 0 0 0
0 2.13 1 9 3 1 1 3 0 0 0 0 1 1 3 0 0 0
1 0.909 5 12 3 1 3 4 1 0 0 1 1 1 3 0 0 0
0 1.23 6 9 3 1 1 2 0 0 0 1 1 1 3 0 0 0
0 2.65 3 12 3 1 1 1 0 0 0 1 1 1 3 0 1 0
0 6.2 4 18 3 1 1 1 0 0 0 1 0 0 3 1 1 0
0 5 3 12 3 1 1 3 0 0 0 1 1 1 3 0 0 0
0 1.82 6 14 3 1 1 2 0 0 0 1 1 1 3 0 0 0
0 1 2 12 1 1 1 3 0 0 0 1 1 1 3 0 0 0
0 2.85 5 9 3 1 3 1 1 0 0 1 1 1 3 0 0 0
1 1.33 5 10 3 1 1 1 1 0 0 1 1 1 3 0 0 0
1 1.66 5 12 1 1 1 1 0 0 0 1 1 1 3 0 0 0
0 1.18 4 15 1 1 1 3 1 0 0 1 1 1 3 0 0 0
1 0 3 12 3 1 3 2 0 0 0 1 1 1 1 0 1 0
0 4.19 2 8 3 1 1 4 0 0 0 1 1 1 3 0 0 0
1 0.126 3 13 3 1 3 3 0 0 1 1 1 1 3 0 0 0
1 1.12 4 12 3 1 3 3 0 0 1 0 1 1 1 1 1 1
0 0.828 5 8 3 2 3 1 1 0 0 1 1 1 3 1 1 0
1 6.38 1 18 3 1 1 3 0 0 0 1 1 1 3 0 0 0
0 1.3 1 18 3 1 1 2 0 0 0 1 1 1 3 0 0 0
0 2.55 3 18 3 2 1 1 0 0 0 1 1 0 3 0 0 0
1 5 3 16 1 1 1 4 0 0 0 1 1 1 3 0 0 0
1 0.501 4 13 3 1 1 3 1 0 0 1 1 1 3 1 0 0
1 0.789 1 14 1 3 3 2 1 0 1 1 1 1 1 0 0 0
0 0.962 4 12 1 4 3 2 0 0 0 1 0 0 3 0 0 0
1 8.18 5 16 3 1 1 1 1 0 0 1 1 1 3 0 1 0
0 2.57 3 17 3 1 1 3 0 0 0 1 1 1 3 1 0 0
0 2.2 3 14 3 1 1 4 0 0 0 1 1 0 3 0 0 0
0 3 3 18 3 1 1 3 0 0 0 1 0 0 3 0 0 0
1 0.4 6 11 2 4 1 4 0 0 1 0 1 0 3 0 0 0
1 0.276 2 13 3 1 1 1 0 0 0 1 1 0 3 0 0 0
0 1.2 4 10 3 1 3 3 1 0 0 1 1 1 1 1 1 1
0 5.42 2 17 3 1 1 1 0 0 0 1 1 1 3 0 0 0
1 2.44 1 15 3 4 1 1 0 0 0 1 1 1 1 0 1 0
0 1.26 5 12 3 1 3 2 1 0 0 1 1 1 3 0 0 0
1 0.591 4 12 1 4 3 2 1 0 0 0 1 1 3 0 0 0
0 4.6 2 16 3 3 1 4 0 0 0 1 1 1 3 0 1 0
1 1 4 7 3 3 1 3 0 0 0 0 1 1 3 1 0 1
0 1.5 6 12 3 1 1 4 0 0 0 1 1 0 3 0 0 0
1 3.6 4 12 3 1 1 2 0 0 0 1 1 1 3 0 0 0
0 0.953 4 12 3 1 3 3 1 0 0 1 1 1 1 0 1 0
0 2.9 5 12 3 1 3 2 1 0 0 1 1 1 3 0 0 0
0 1.4 4 13 3 1 3 2 0 0 0 1 1 1 3 1 0 0
1 2.38 2 14 3 1 1 1 0 0 0 1 1 1 3 0 0 0
0 0.561 1 15 3 4 3 4 0 1 0 0 1 1 1 0 0 0
0 3.8 1 14 1 1 1 4 0 0 0 1 1 0 3 0 0 0
0 5 2 15 3 1 1 4 0 0 0 1 1 1 3 0 0 0
0 6.01 6 12 3 1 1 3 0 0 0 1 1 1 3 0 0 0
1 3 1 13 3 1 1 4 0 0 0 1 1 0 3 0 0 0
0 4.15 2 18 3 1 1 1 0 0 0 1 1 1 3 0 0 0
0 1.65 2 14 3 3 1 3 0 0 0 1 1 1 3 0 0 0
0 0.7 3 3 3 1 3 3 1 0 0 0 0 0 1 0 1 1
1 4.42 2 16 3 3 1 3 0 0 0 1 1 0 3 0 0 0
0 0.9 6 15 3 4 1 3 0 0 0 1 1 1 3 0 0 0
1 1.75 1 15 3 1 1 4 0 0 0 1 1 1 3 0 0 0
0 4.5 2 15 3 1 1 2 0 0 0 1 0 0 3 0 1 0
0 0.025 5 15 2 1 3 3 0 0 0 1 1 1 3 0 0 0
0 2.42 4 11 3 1 3 2 1 0 0 1 1 1 2 1 0 0
0 1.7 4 17 3 1 1 4 1 0 0 1 1 0 3 0 1 0
1 1.94 4 12 1 1 3 3 1 1 0 1 1 1 3 0 1 0
0 2 2 12 3 1 1 4 0 0 0 1 1 0 3 0 1 0
0 0.95 2 12 3 3 1 2 0 0 0 1 1 0 3 0 0 0
1 1.39 4 16 3 1 3 2 1 0 0 1 1 1 3 0 0 0
0 0.78 6 13 3 4 3 4 1 1 0 0 1 0 1 0 0 0
0 0.31 4 10 3 1 3 2 1 0 0 1 1 1 1 0 0 0
0 1.5 2 12 3 3 1 1 0 0 0 1 1 1 3 0 0 0
0 2.4 6 12 3 1 1 4 0 0 0 1 1 0 2 0 0 0
1 3.17 2 14 3 1 1 3 0 0 0 1 1 1 3 0 1 0
0 1.01 5 13 3 2 3 2 1 0 0 1 1 1 3 0 0 0
0 0.26 6 15 3 4 1 2 0 0 0 1 0 0 3 0 0 0
0 2.7 1 14 3 1 1 3 0 0 0 1 1 0 3 0 0 0
0 2.28 4 14 3 3 3 1 1 0 0 1 1 1 2 0 1 0
1 2.4 1 10 3 1 1 1 0 0 0 1 1 1 3 0 1 0
0 2.45 2 12 3 1 1 4 0 0 0 1 1 1 3 0 0 0
1 1.72 5 12 3 1 3 2 1 0 1 1 1 1 3 0 0 0
1 2.25 6 16 3 4 1 2 0 0 0 1 1 1 3 0 0 0
1 2.25 5 12 3 2 3 4 1 0 1 0 1 0 3 0 0 0
0 0.976 5 8 3 1 3 2 1 0 0 1 1 1 2 1 0 0
0 1.01 4 16 3 3 3 3 0 0 0 0 0 0 1 0 1 0
0 0.795 2 8 3 1 1 1 0 0 0 1 1 1 3 0 0 0
0 2.8 6 14 3 1 1 2 0 0 0 1 1 1 3 0 0 0
0 1.56 4 12 3 1 1 4 1 0 0 1 1 1 3 0 0 0
1 4.65 2 14 1 3 1 4 0 0 0 1 1 1 3 0 0 0
1 1.01 1 12 3 1 1 2 0 0 0 1 0 0 3 0 0 0
1 2.4 1 12 1 1 1 3 0 0 0 1 1 1 3 0 0 0
0 0.69 6 15 3 4 1 2 0 0 0 1 1 1 3 0 0 0
0 4 2 12 3 1 1 3 0 0 0 1 1 1 3 1 0 0
1 3.93 4 12 1 1 1 4 1 0 1 1 1 1 3 0 0 0
0 1.6 2 13 1 3 1 3 0 0 0 1 1 1 3 0 0 0
1 1.3 1 12 1 3 1 3 0 0 0 1 0 0 3 0 0 0
0 3.75 3 16 3 3 2 1 0 0 0 1 1 1 3 0 0 0
0 0.15 3 18 3 1 2 2 0 0 0 1 1 1 3 0 0 0
1 4.05 4 18 3 3 1 1 1 0 0 1 1 1 1 0 1 0
0 0.448 3 16 1 1 3 3 1 0 0 0 1 1 1 0 0 0
0 6.5 3 18 3 4 1 3 0 0 0 1 1 0 3 0 0 0
0 1.4 1 12 3 3 1 3 0 0 0 1 1 1 3 0 0 0
0 0.527 4 9 1 2 3 2 0 0 0 0 1 1 1 1 1 1
1 2.28 4 12 3 1 3 3 0 0 1 0 1 1 1 0 1 0
1 1.15 3 12 1 1 3 2 0 0 0 1 1 1 1 0 0 0
0 1.58 1 14 3 1 1 2 0 0 0 1 1 1 3 0 0 0
1 4.2 3 16 3 1 1 4 0 0 0 1 1 1 3 0 0 0
0 2.43 5 16 3 1 1 4 1 0 0 1 1 1 3 0 0 0
0 1.44 4 12 3 2 3 3 1 0 0 1 1 0 3 0 0 0
0 4.71 1 16 3 1 1 4 0 0 0 1 1 1 2 0 0 0
0 2.86 4 8 3 2 1 2 0 0 0 1 1 1 3 0 0 0
0 3 1 12 3 4 1 2 0 0 0 1 0 0 3 0 0 0
1 1 1 10 3 1 1 3 0 0 0 0 1 1 3 0 0 0
0 2.7 2 12 3 3 1 3 0 0 0 1 0 0 3 0 0 0
1 0.96 1 14 3 1 1 3 0 0 0 1 1 1 2 0 0 0
0 25.4 3 16 3 1 1 1 0 0 0 1 1 0 3 0 0 0
0 3.9 1 18 3 4 2 1 0 0 0 0 1 1 2 0 1 0
0 5.44 1 13 3 1 1 2 0 0 0 1 1 1 3 0 0 0
0 0.753 4 15 3 1 3 3 0 0 0 1 1 1 3 0 0 0
0 3.5 1 18 3 3 1 4 0 0 0 1 0 0 3 0 0 0
0 2.08 5 13 3 1 3 4 0 0 1 1 1 1 3 0 0 0
0 1.21 2 12 3 1 1 2 0 0 0 1 1 1 2 0 0 0
0 1.6 6 12 3 4 1 1 0 0 1 0 1 0 3 0 1 0
0 1.3 4 10 3 1 3 2 1 0 0 0 1 1 1 0 1 0
1 10.3 3 16 3 1 1 3 0 0 0 1 1 1 3 0 0 0
0 0.702 6 17 3 4 1 4 0 0 0 0 1 0 2 0 0 0
0 0.234 1 13 3 4 3 4 0 1 0 0 1 1 1 0 0 0
0 4.21 4 18 3 1 1 3 1 0 0 1 1 1 3 0 1 0
0 1.4 3 8 1 1 1 1 0 0 0 1 1 0 3 0 0 0
0 0 6 11 3 4 2 2 0 0 0 1 1 1 1 0 0 0
0 2 3 12 3 1 1 2 0 0 0 1 1 1 3 0 0 0
0 3.01 2 15 3 1 1 2 0 0 0 1 1 1 3 0 0 0
1 1.18 5 10 3 1 3 4 1 0 0 1 1 1 3 0 1 0
1 4.1 2 14 3 1 1 2 0 0 0 1 1 1 3 0 0 0
0 7.1 3 17 3 1 1 2 0 0 0 1 1 1 3 0 0 0
0 4.01 2 17 3 3 1 2 0 0 0 1 1 1 3 0 0 0
0 2.05 6 16 3 1 1 3 0 0 0 1 0 0 3 0 0 0
0 1.63 6 16 3 1 1 1 0 0 0 1 1 1 3 0 0 0
0 0.679 5 0 1 2 3 3 1 0 0 1 1 0 3 0 0 0
0 1.5 1 12 3 3 1 1 0 0 0 1 1 1 3 0 0 0
0 1.15 5 12 3 1 3 1 1 0 0 1 1 1 3 0 1 0
0 0.482 4 8 3 1 3 1 1 0 0 0 1 1 3 0 0 0
0 1 2 9 2 3 1 3 0 0 1 0 1 0 3 0 0 0
1 0.234 3 5 1 4 3 3 0 1 0 0 1 1 1 0 0 0
0 3.22 3 18 3 1 1 2 0 0 0 1 1 1 3 0 0 0
0 1.14 3 8 3 1 3 4 0 0 0 1 1 1 1 0 0 0
1 0.343 2 14 3 3 3 1 0 1 0 0 1 1 1 0 0 0
1 0.612 4 1 1 2 3 3 0 0 0 0 1 1 1 0 0 0
0 0.8 5 9 3 2 3 3 1 0 0 1 1 1 2 0 1 0
1 1.6 3 12 1 1 1 3 0 0 0 1 1 1 2 0 1 0
0 1 3 10 3 1 1 4 0 0 0 0 0 0 3 0 0 0
0 0.984 4 16 3 1 3 4 1 0 0 1 1 1 3 0 1 0
0 1.65 4 12 3 2 1 2 0 0 0 1 1 1 2 0 0 0
0 6.58 3 18 3 1 1 1 0 0 0 1 0 0 3 0 0 0
0 0.685 5 12 3 1 3 4 1 0 0 1 1 1 3 0 0 0
0 0.324 3 0 1 4 3 3 0 1 0 0 1 1 1 0 1 0
0 0.62 3 9 1 1 1 3 0 0 0 1 0 0 3 0 0 0
1 0.204 6 12 3 3 2 2 0 1 0 0 1 1 3 0 1 0
0 1.4 2 12 3 1 1 4 0 0 0 1 1 1 3 0 0 0
1 1.5 1 11 3 1 1 3 0 0 0 1 1 1 3 0 0 0
0 10.8 3 12 3 1 1 2 0 0 0 1 1 1 3 0 0 0
0 3.55 3 14 3 1 1 1 0 0 0 1 1 1 3 0 0 0
1 3 1 12 3 4 1 2 0 0 0 1 0 0 3 0 0 0
1 2.01 1 16 3 1 1 1 0 0 0 1 0 0 3 0 1 0
0 1.12 3 15 1 1 1 4 0 0 0 1 1 1 3 0 0 0
1 0.082 3 11 1 1 2 3 0 0 0 1 0 0 3 0 0 0
0 1.5 1 16 3 1 1 3 0 0 0 1 1 0 3 0 0 0
0 1.2 3 12 3 1 1 1 0 0 0 1 1 1 3 1 1 0
1 12 2 15 3 3 1 3 0 0 0 1 1 1 3 0 0 0
0 2.4 3 12 3 1 1 2 0 0 0 1 1 1 3 0 0 0
0 0.883 4 12 3 1 3 4 1 0 0 1 1 1 3 0 0 0
1 3.75 3 12 3 1 1 1 0 0 0 1 1 1 3 1 0 0
0 3.5 4 18 3 4 1 3 0 0 0 1 1 1 3 0 0 0
0 9.3 1 16 3 1 1 4 0 0 0 1 1 1 3 0 0 0
0 2.02 1 13 3 1 1 2 0 0 0 0 1 1 3 0 0 0
0 7.2 2 18 3 1 1 4 0 0 0 1 1 1 3 0 0 0
0 2.5 2 18 3 1 1 2 0 0 0 1 1 1 3 0 0 0
0 1.29 5 12 3 1 3 2 1 0 0 1 1 1 3 0 1 0
0 1.15 3 13 3 1 1 1 0 0 0 1 1 1 3 0 0 0
0 0.7 2 13 3 1 1 4 0 0 0 0 0 0 3 0 0 0
0 2.11 3 13 3 1 1 4 0 0 0 1 1 1 3 0 0 0
1 0.11 2 14 3 1 3 1 0 0 0 0 1 1 1 0 0 0
0 0.72 3 14 3 1 2 2 0 0 0 1 1 0 3 0 0 0
0 2 3 12 1 1 1 2 0 0 0 1 1 1 3 0 0 0
0 0.15 2 12 1 3 1 2 0 0 0 1 1 1 3 0 1 0
1 1.67 5 13 3 1 3 4 1 0 0 1 1 1 3 1 0 0
0 6.8 1 17 3 4 1 1 0 0 0 1 0 0 3 0 0 0
0 0.32 3 12 3 1 1 2 0 0 0 1 1 1 3 0 1 0
0 2 1 13 3 4 1 1 0 0 0 1 0 0 3 0 0 0
0 0.18 6 11 3 1 1 4 0 1 0 0 0 0 3 0 0 0
1 0.28 1 14 1 3 3 4 0 1 0 0 1 1 3 0 0 0
0 0.228 1 12 3 1 1 2 0 0 0 1 1 1 3 0 0 0
0 0.685 5 11 3 1 1 4 1 0 0 1 1 1 3 0 0 0
1 0.3 2 9 1 3 3 1 0 1 0 0 0 0 1 0 1 0
0 0.565 1 10 3 3 3 3 1 0 0 0 1 1 1 0 1 0
1 5.13 3 12 3 1 1 4 0 0 0 1 1 0 2 0 0 0
0 8.6 3 16 3 1 1 1 0 0 0 1 0 0 3 0 0 0
0 1.4 4 8 1 1 1 3 0 0 1 1 1 1 3 0 0 0
1 0.639 3 10 1 1 3 2 0 0 0 1 1 1 3 0 0 0
0 1.76 4 15 3 1 3 3 1 0 0 1 1 1 3 0 0 0
0 7.74 5 12 2 1 3 4 1 0 0 1 1 1 3 0 0 1
0 9.03 3 18 3 3 1 4 0 0 0 1 1 1 3 0 0 0
0 1 6 12 3 4 1 2 0 0 0 1 1 0 3 0 0 0
1 1.11 4 12 3 1 3 3 1 0 0 1 1 1 3 0 1 0
0 7.8 1 14 3 4 1 1 0 0 0 1 0 0 3 0 0 0
0 1.08 4 12 3 1 3 2 1 0 0 1 1 1 3 0 0 0
0 1.75 4 12 3 1 3 4 1 0 0 1 1 1 2 0 1 0
0 3.25 4 16 3 1 1 1 1 0 0 1 1 1 2 0 0 0
0 0.175 2 16 3 1 1 3 0 0 0 1 0 0 3 0 0 0
0 3 2 16 3 3 3 4 0 0 0 1 1 1 3 0 0 0
0 2.8 1 12 3 1 1 4 0 0 0 1 1 1 3 0 0 0
0 1.35 5 13 3 1 3 2 1 0 0 1 1 1 3 0 1 0
0 5.05 4 18 3 1 3 3 1 0 0 1 1 1 3 1 0 0
1 1 6 12 3 1 1 3 0 0 0 0 1 1 3 0 1 1
0 0.075 6 13 1 4 1 4 0 0 0 0 0 0 3 0 0 0
0 0.85 2 3 3 1 1 1 0 0 0 1 1 1 2 0 0 0
0 3.52 1 13 3 1 1 1 0 0 0 1 1 1 3 0 0 0
0 2.8 2 16 3 3 1 4 0 0 0 1 0 0 3 0 0 0
0 2.8 6 12 3 1 1 3 0 0 0 1 0 0 3 0 0 0
0 1.1 6 13 3 4 1 3 0 0 0 1 1 1 3 0 0 0
1 0.386 1 11 1 2 3 2 0 1 0 0 1 0 1 0 0 0
0 2.02 2 12 1 4 1 3 0 0 0 1 1 1 3 0 0 0
0 0.408 1 9 3 4 1 2 0 0 0 0 1 1 3 0 0 0
1 0.625 3 14 1 1 3 3 0 0 1 0 1 0 1 1 1 0
0 5.52 6 16 3 4 1 2 0 0 0 1 1 1 3 0 0 0
0 0.4 6 10 3 4 2 1 0 0 0 0 1 0 3 0 0 0
1 1.45 2 12 3 1 1 2 0 0 0 1 1 1 3 0 0 0
1 0.977 3 12 3 1 3 2 0 0 0 1 1 1 3 0 0 0
0 3.2 6 12 3 4 2 3 0 0 0 0 0 0 3 0 0 0
0 3 1 13 1 1 1 4 0 0 0 1 0 0 3 0 0 0
0 2.53 1 12 3 4 1 1 0 0 0 1 0 0 3 0 0 0
1 1.09 3 12 3 1 3 4 0 0 1 1 1 0 3 0 0 0
0 6.88 4 18 3 2 3 3 1 0 0 1 1 1 2 1 1 0
1 0.423 6 13 3 1 1 2 0 0 0 1 0 0 3 0 0 0
0 2.9 6 14 3 1 1 2 0 0 0 1 1 1 3 0 0 0
0 1.2 6 14 3 1 1 4 0 0 0 1 1 1 3 0 0 0
0 3.02 2 12 1 3 1 1 0 0 0 0 0 0 3 0 0 0
0 7.86 6 12 3 1 1 2 0 0 0 1 1 1 3 0 0 0
1 6.3 1 12 3 1 1 2 0 0 1 1 1 1 3 0 0 0
0 0.59 5 9 3 1 1 4 1 0 0 1 1 1 3 0 1 0
1 1.88 2 16 3 1 1 1 0 0 0 1 1 1 3 0 0 0
1 3.47 2 12 3 1 3 1 1 0 0 1 1 1 1 0 0 0
0 0.63 3 7 1 1 3 3 1 0 0 0 1 1 1 0 1 1
1 0.73 2 12 3 3 3 3 0 0 0 0 1 0 1 0 0 0
1 4.42 3 15 3 1 1 4 0 0 0 1 0 0 3 0 0 0
1 0.585 5 7 3 3 3 4 1 1 0 0 1 1 3 0 0 0
0 0.9 4 11 1 3 1 3 0 0 0 1 1 0 3 0 0 0
0 1.06 4 12 3 1 3 4 1 0 1 0 1 1 1 1 0 0
0 0.764 5 8 3 1 3 2 1 0 0 1 1 1 3 0 0 0
1 3 3 9 2 1 1 4 0 0 0 1 0 0 3 0 0 0
0 1.4 6 14 3 1 1 2 0 0 0 1 1 1 3 0 0 0
0 0 2 14 1 3 3 3 0 0 0 0 1 0 3 0 0 0
1 0 6 11 3 4 3 4 0 0 0 0 0 0 3 0 0 0
0 1.19 5 8 3 1 3 4 1 0 0 1 1 1 3 0 0 0
0 4.95 4 16 3 1 1 1 0 0 0 1 1 1 3 0 0 0
0 3 1 12 1 1 1 1 0 0 0 1 1 1 3 0 0 0
0 1.03 4 12 3 1 1 1 1 0 0 1 0 0 3 0 0 0
0 3.5 2 18 3 1 1 2 0 0 1 1 1 1 3 0 0 0
1 3.21 2 12 1 1 1 2 0 0 0 0 1 1 3 0 0 0
0 1.7 2 12 3 1 1 3 0 0 0 1 1 1 3 0 0 0
1 0.4 2 14 3 1 1 2 0 0 0 0 1 1 2 0 0 0
0 1.98 4 12 3 2 3 1 1 0 0 0 1 1 3 1 1 0
0 0.44 6 16 3 4 1 2 1 1 0 0 0 0 3 0 0 0
0 0.4 6 14 3 4 1 1 0 0 0 0 1 1 3 0 0 0
1 0.96 2 11 1 1 1 3 0 0 0 1 1 0 3 0 0 0
0 6.55 2 17 2 1 1 4 0 0 0 1 1 1 3 0 0 0
0 4.95 2 13 3 3 1 4 0 0 0 1 1 1 3 0 0 0
0 1.12 5 8 1 2 3 4 1 0 0 1 1 1 3 0 0 0
0 0.892 6 12 3 4 1 2 0 0 0 1 1 1 3 0 0 0
1 1.4 1 12 3 1 1 1 0 0 0 1 1 0 3 0 0 0
0 2.56 2 15 3 3 3 1 0 0 1 1 1 0 1 0 0 0
0 4.3 3 12 3 1 1 3 0 0 1 1 1 1 2 0 0 0
0 3.5 3 15 3 3 1 1 0 0 0 1 1 1 3 0 0 0
1 3.56 4 14 3 4 1 3 0 0 1 1 1 1 3 1 0 1
0 2.2 3 13 3 1 1 2 0 0 0 1 1 1 3 0 0 0
0 0.62 4 10 1 2 3 2 1 0 0 1 1 1 3 0 0 0
1 1.7 4 12 3 1 3 4 0 0 0 1 1 1 3 0 0 0
1 3.03 4 10 3 4 3 4 0 0 0 1 1 1 3 0 0 0
1 1.97 5 18 3 2 1 3 1 0 0 1 1 1 3 0 1 0
1 1.46 5 10 3 2 3 1 1 0 0 1 1 0 3 0 0 0
1 1.8 2 16 1 3 1 4 0 0 0 1 1 1 2 0 0 0
0 3.43 1 18 3 4 1 1 0 0 0 1 1 1 3 0 0 0
0 1.52 6 18 3 4 1 2 0 0 0 1 1 1 3 0 0 0
0 6 1 16 3 1 1 2 0 0 0 1 1 0 3 0 0 0
1 3.1 1 12 1 1 1 3 0 0 0 1 1 1 3 0 0 0
0 2 2 12 3 3 1 3 0 0 0 1 0 0 3 0 0 0
0 1 5 15 3 2 3 3 1 0 0 1 1 1 3 0 0 0
0 5.1 1 14 3 1 1 1 0 0 0 1 1 1 3 1 0 0
0 0.8 2 12 3 1 1 4 0 0 0 1 1 1 3 0 0 0
1 1.52 1 14 1 4 1 2 0 0 0 1 1 1 1 0 0 0
0 2.53 1 16 1 4 1 3 0 0 0 0 0 0 3 0 0 0
1 0.065 4 11 3 1 3 1 0 0 0 1 1 1 3 0 0 0
1 0.8 3 14 3 3 1 3 0 0 0 0 1 0 3 0 0 0
0 2.35 2 10 2 1 1 2 0 0 0 1 1 1 3 0 0 0
0 7.72 2 18 3 1 1 2 0 0 0 1 1 1 3 0 0 0
0 3.51 1 15 3 1 1 1 0 0 0 1 1 1 3 0 0 0
1 0.544 4 12 3 1 3 1 1 0 0 0 1 1 3 1 1 1
0 0 2 12 1 1 3 2 0 0 0 0 0 0 3 0 0 0
0 2.05 4 14 3 1 1 4 0 0 0 1 1 1 3 0 0 0
1 4.31 3 16 3 3 2 3 0 0 0 1 1 1 2 0 0 0
0 1.17 4 12 3 1 3 4 1 0 0 1 1 1 3 1 0 0
0 3 6 12 3 1 1 3 0 0 0 1 1 1 3 0 0 0
0 2.56 5 8 3 2 3 2 1 0 0 1 1 1 3 0 0 0
1 0 4 12 3 1 3 1 1 0 0 1 1 1 3 0 0 0
0 1.33 2 12 3 3 1 1 1 0 0 1 1 1 1 0 0 0
1 3.05 4 12 3 1 1 3 1 0 0 1 0 0 3 0 0 0
0 2.31 5 18 3 1 3 3 1 0 0 1 1 1 3 1 1 0
0 1.1 6 12 1 1 1 3 0 0 0 1 1 1 3 0 0 0
1 0.939 4 12 1 2 3 3 1 0 0 0 1 1 3 0 0 0
0 1.96 4 12 3 1 1 2 0 0 0 1 1 1 3 0 0 0
1 0.983 4 14 3 4 3 4 0 0 0 0 1 1 3 0 0 0
0 6.32 3 16 3 1 1 2 0 0 1 1 1 1 3 0 0 0
1 1.21 1 12 3 1 1 2 0 0 0 1 1 1 3 0 0 0
0 0.615 4 12 3 1 3 3 1 0 0 1 1 1 3 0 0 0
0 0.522 1 12 3 1 1 2 0 0 0 1 1 1 1 0 0 0
1 2.02 2 10 1 4 1 1 0 0 0 1 1 1 3 0 0 0
0 0 1 12 1 4 3 3 0 1 0 0 1 1 1 0 0 0
1 4.59 3 14 3 1 1 1 0 0 1 1 1 1 3 0 1 0
0 2.45 3 11 3 1 1 3 0 0 0 1 1 1 3 0 0 0
0 1.62 6 14 3 4 1 4 0 0 0 1 1 1 3 0 0 0
1 4.33 1 16 3 1 1 3 0 0 0 1 1 1 3 0 1 0
0 0.791 4 12 3 1 3 3 1 0 0 1 1 1 1 1 1 1
0 0.015 2 16 3 1 2 3 0 0 0 1 1 1 3 0 0 0
0 1.28 3 12 1 1 1 3 0 0 0 1 1 1 3 0 0 0
1 1 1 12 3 1 1 4 0 0 0 1 1 1 3 0 0 0
0 3.84 3 12 1 1 1 2 0 0 0 1 1 1 3 0 1 0
0 1.2 5 9 3 2 3 1 1 0 0 1 1 1 3 0 1 0
1 0.45 1 12 3 1 1 4 0 0 0 0 1 0 3 0 1 0
0 3.2 3 16 3 1 1 3 0 0 0 1 1 1 3 0 1 0
1 0.15 3 12 3 4 1 3 0 0 0 1 1 1 3 0 1 0
0 2.2 2 12 1 1 1 3 0 0 0 1 1 1 3 0 0 0
0 1.25 5 12 3 1 3 2 1 0 0 1 1 1 3 0 0 0
0 1.2 2 9 1 1 1 3 0 0 0 1 0 0 3 0 0 0
1 1.1 5 12 1 2 3 1 1 0 0 1 1 1 3 0 0 0
1 0.574 3 16 3 1 3 4 0 0 0 1 1 1 1 0 0 0
1 1.38 4 12 3 1 1 1 0 0 0 1 1 1 3 0 0 0
1 0.979 5 15 3 1 3 2 1 0 0 1 0 0 3 0 1 0
0 0.695 4 12 3 1 1 2 1 0 0 1 1 1 3 0 0 0
0 1.69 4 8 3 4 3 1 1 0 0 1 1 1 1 0 1 0
0 2.05 5 8 3 2 3 3 1 0 0 1 1 1 3 0 0 0
0 2.81 2 9 3 1 1 3 0 0 0 1 1 1 3 0 0 0
1 0.307 5 4 3 1 3 3 1 0 1 0 0 0 3 0 0 0
0 1.05 5 8 3 1 1 2 1 0 0 1 1 1 1 0 0 0
1 3.6 3 17 3 1 1 4 0 0 0 0 1 1 3 0 0 0
1 2.81 1 12 3 1 1 1 0 0 0 1 1 1 3 0 0 0
0 1.7 6 15 3 4 1 4 0 0 0 1 1 0 3 0 0 0
0 5.81 2 16 3 1 1 2 0 0 0 1 1 1 3 0 0 0
1 0.568 5 12 3 1 3 2 1 0 0 1 1 1 3 0 0 0
0 10.2 2 12 3 1 1 3 0 0 0 1 1 1 3 0 0 0
0 4.25 3 16 3 1 1 2 0 0 0 1 1 1 3 0 0 0
1 0.606 4 12 3 4 1 1 1 0 0 1 1 1 3 0 0 0
0 0.827 5 8 3 1 3 1 1 1 1 1 1 1 3 0 0 0
0 5.95 4 16 3 1 1 1 0 0 0 1 1 1 3 0 0 0
0 0.7 6 15 3 4 3 2 0 0 0 1 1 1 3 0 0 0
0 4.65 2 11 3 1 1 1 0 0 0 1 1 1 3 0 0 0
0 1.47 5 8 2 1 1 4 0 0 0 0 0 0 3 0 0 0
0 1.9 2 17 3 4 1 1 0 0 0 1 1 1 3 0 0 0
1 0.6 6 10 3 4 1 1 0 0 0 1 1 1 3 0 0 0
1 100 3 12 3 3 1 3 0 0 0 1 0 0 3 0 1 0
0 1.6 6 15 1 1 1 4 0 0 0 0 1 0 2 0 0 0
1 4 3 13 1 1 1 1 0 0 0 1 1 1 3 1 0 0
1 0.008 2 16 3 1 1 2 0 0 0 1 1 1 3 0 0 0
0 7.7 1 12 3 4 1 1 0 0 0 1 1 1 3 0 0 0
0 5.5 5 12 3 1 1 2 1 0 0 1 1 1 3 0 0 0
1 0.8 4 8 1 3 3 3 1 0 0 1 1 1 3 0 0 0
0 30 1 14 3 1 1 1 0 0 0 1 1 1 3 0 0 0
0 2 2 12 1 1 1 3 0 0 1 1 1 1 3 1 0 0
0 0.347 4 12 3 1 3 2 1 0 0 0 1 1 2 0 0 0
1 11.5 1 18 3 3 1 4 0 0 0 1 1 1 3 0 0 0
0 0.14 3 12 3 1 3 3 0 0 0 1 1 1 1 0 0 0
0 0.46 3 0 1 4 3 3 1 0 0 0 1 1 1 0 0 0
1 1 6 8 3 1 1 4 0 0 0 1 1 1 2 0 0 0
1 2.2 6 12 3 3 1 2 0 0 0 1 1 1 3 0 0 0
0 2.4 4 12 3 3 3 1 1 0 0 1 1 1 3 0 0 0
0 1 6 11 3 4 1 3 0 0 0 1 1 1 3 0 0 0
0 1 3 5 3 1 1 3 0 0 0 1 1 1 3 0 0 0
0 1.31 2 13 3 3 1 2 0 0 0 1 1 1 1 0 0 0
1 1.16 5 14 3 1 3 1 1 0 0 1 1 1 3 0 1 0
0 1.5 2 16 3 3 1 4 0 0 0 1 1 1 3 0 0 0
0 2.48 1 14 3 1 1 4 0 0 0 1 1 0 3 0 0 0
0 6.67 4 12 3 1 1 2 0 0 0 1 1 1 3 0 0 0
0 1.26 3 7 3 1 1 3 0 0 0 1 1 1 3 0 0 0
0 2.21 2 12 3 1 1 4 0 0 0 1 1 1 3 0 0 0
0 3.21 6 12 3 1 1 2 0 0 0 1 1 1 3 0 0 0
0 1 4 12 3 1 3 2 1 0 0 1 0 0 1 0 1 0
0 1.34 3 6 3 3 1 4 0 0 0 1 1 1 2 0 1 0
0 0.801 6 13 3 4 1 1 0 0 0 1 1 1 3 0 0 0
0 4.06 1 12 3 3 1 1 0 0 0 1 1 1 2 0 0 0
1 0.59 5 10 3 1 3 4 1 0 0 1 0 0 3 0 0 1
0 2.97 3 12 3 1 1 4 0 0 0 1 1 1 3 1 0 0
0 3.94 2 12 3 1 1 4 0 0 0 1 1 1 3 0 0 0
0 1.07 5 11 3 3 3 3 1 0 1 1 1 1 2 0 0 0
0 1.84 6 16 3 1 1 3 0 0 0 1 0 0 2 0 0 0
1 2.5 1 12 1 3 1 4 0 0 0 1 1 1 3 0 0 0
1 0.566 3 12 3 3 3 2 0 0 1 0 1 0 3 0 0 0
0 1.6 2 12 3 1 1 3 0 0 0 1 1 1 3 0 0 0
0 10.9 1 16 3 1 1 3 0 0 0 1 1 1 3 0 0 0
0 1.2 1 12 3 1 1 3 0 0 0 1 1 1 3 0 0 0
0 4.2 1 14 3 1 1 1 0 0 0 1 1 1 3 0 0 0
0 1.03 4 12 3 2 3 2 0 0 0 1 1 1 3 0 1 0
0 2.2 3 14 3 3 1 2 0 0 0 1 1 1 3 0 0 0
0 2 1 11 1 1 1 3 0 0 0 1 1 0 3 0 0 0
0 2.08 3 12 3 1 1 2 0 0 0 1 1 1 3 0 0 0
0 0.903 5 12 3 1 1 1 1 0 0 1 1 1 3 0 0 0
0 16.2 3 14 3 1 1 1 0 0 0 1 1 1 3 0 0 0
1 2 2 12 3 1 1 2 0 0 0 1 1 1 3 0 0 0
0 1.5 6 16 3 4 1 4 0 0 0 0 0 0 3 0 0 0
0 4.4 3 16 3 1 1 3 0 0 0 1 1 1 3 0 0 0
0 1 6 12 3 1 1 3 0 0 0 1 0 0 3 0 0 0
1 0.42 4 11 1 1 3 2 1 0 0 0 1 1 1 1 0 0
0 5.11 2 16 3 1 1 1 0 0 0 1 1 1 3 0 0 0
0 2.1 2 12 1 1 1 1 0 0 0 1 1 0 3 0 1 0
0 2.59 1 17 3 1 1 1 0 0 0 1 1 1 3 0 0 0
0 4.2 3 14 3 1 1 4 0 0 1 0 1 0 3 0 0 0
0 0.62 4 16 3 1 3 1 1 0 0 1 1 1 3 0 1 0
0 2.5 4 12 3 1 1 1 0 0 0 1 1 1 3 1 0 0
0 1.65 1 15 1 4 1 4 0 0 0 1 1 0 3 0 0 0
1 2.42 3 12 3 1 1 1 0 0 0 1 1 1 3 1 1 1
0 0.5 6 12 3 3 2 3 0 0 0 1 1 0 3 0 0 0
1 2.3 4 10 3 1 3 3 1 0 0 1 1 1 1 0 0 1
1 2 2 8 1 3 1 3 0 0 0 0 1 1 2 0 0 0
0 0.8 2 13 3 4 1 2 0 0 0 1 1 0 3 0 0 0
1 0.85 6 12 3 1 1 1 0 0 0 1 1 0 3 0 1 0
0 0.534 4 12 3 1 3 3 1 0 0 1 1 1 2 0 0 0
0 1.4 3 8 3 1 1 1 0 0 0 1 1 1 3 0 0 0
0 0.026 6 13 3 4 1 2 0 0 0 1 1 1 3 0 0 0
0 2 3 8 3 1 1 4 0 0 0 1 0 0 3 0 0 0
0 3.8 2 18 3 4 1 1 0 0 0 1 0 0 3 0 0 0
1 0.93 4 10 3 1 3 2 1 0 0 1 1 1 3 0 0 0
1 1 3 18 3 3 1 4 0 0 0 1 1 1 3 0 0 0
0 2.9 5 14 3 1 3 2 1 0 0 1 1 1 3 0 0 0
1 1.01 4 12 3 1 3 2 0 0 0 1 1 1 2 1 1 1
0 1.02 6 13 3 4 1 4 0 0 0 0 0 0 3 0 0 0
0 1.5 2 12 3 1 1 1 0 0 0 1 1 1 3 0 0 0
0 0 4 4 3 1 3 3 0 0 0 0 1 0 1 0 0 0
0 0.981 4 12 3 1 3 1 1 0 0 1 1 1 3 0 0 0
0 1.83 4 12 1 1 3 2 0 0 0 1 1 1 3 0 0 0
1 0 2 11 3 1 1 4 0 0 0 0 1 1 2 0 0 1
1 0.615 5 12 3 1 3 1 1 0 0 1 1 1 3 0 0 0
1 2.62 5 16 3 2 3 4 1 0 0 1 1 1 1 0 1 0
1 3.03 2 16 1 1 1 1 0 0 0 1 1 1 3 0 0 0
0 2.92 4 12 3 1 3 1 1 0 0 1 1 1 3 0 1 0
1 1.2 3 12 1 1 1 2 0 0 0 1 1 1 3 0 0 0
1 0.342 1 12 3 3 2 1 0 0 0 0 1 0 3 0 0 0
0 3.6 3 12 3 1 1 2 0 0 0 1 1 1 3 0 0 0
0 1.2 1 12 3 1 1 1 0 0 0 1 1 0 3 0 0 0
0 1.14 5 18 3 3 3 2 1 0 0 1 0 0 3 0 0 0
1 0.95 2 12 1 1 1 3 0 0 0 1 1 1 3 0 0 0
0 0.853 3 9 3 2 3 2 1 0 0 1 1 1 1 0 1 0
0 0.425 4 12 1 2 3 2 0 1 0 0 1 1 3 0 0 0
0 0 1 12 1 3 2 3 0 0 0 0 1 0 3 0 0 0
1 4.62 1 17 3 3 1 4 0 0 0 1 1 1 3 0 0 0
1 1 2 13 1 4 1 3 0 0 0 0 1 0 3 0 0 0
0 2.55 6 12 3 1 1 3 0 0 0 1 1 1 3 0 0 0
0 1.8 1 12 3 1 1 3 0 0 0 1 1 1 3 0 0 0
0 4.8 2 18 3 4 1 1 0 0 0 1 1 1 3 0 0 0
0 2.6 2 15 3 1 1 3 0 0 1 0 1 0 3 0 0 0
0 3.87 2 13 3 1 1 3 0 0 1 1 1 1 2 0 0 0
0 2.52 2 14 1 1 1 1 0 0 0 1 1 1 2 0 0 0
0 1.42 2 8 3 1 1 3 0 0 0 1 0 0 2 0 1 0
0 1.12 4 16 3 1 3 2 1 1 0 1 1 1 3 0 0 0
0 10.8 4 18 3 1 1 3 1 0 0 1 1 1 3 0 0 0
0 0.6 5 12 3 1 3 4 1 0 0 1 1 1 3 0 0 0
0 2.6 1 14 3 1 1 3 0 0 0 1 0 0 3 0 0 0
1 1.1 4 12 3 1 3 4 1 0 0 1 1 1 3 0 0 0
1 0.988 1 10 3 3 3 3 1 0 0 0 1 1 3 0 1 0
0 1.45 3 13 3 1 1 2 0 0 0 1 1 1 3 0 0 0
0 2.55 1 18 3 3 1 1 0 0 0 1 1 0 3 0 0 0
1 1.4 4 14 3 2 1 1 0 0 0 1 1 1 2 0 1 1
1 2.4 2 12 3 3 1 3 0 0 0 1 0 0 3 0 0 0
1 0.849 6 14 1 4 1 1 0 0 0 1 1 1 3 0 0 0
1 2.96 4 16 3 1 3 1 1 0 0 1 1 1 3 0 0 0
0 3.95 2 18 3 1 1 3 0 0 0 1 1 1 2 0 0 0
0 0.1 4 12 3 1 3 1 0 0 0 1 1 0 3 0 0 0
0 0.472 5 4 3 2 3 1 1 1 0 0 1 1 2 0 0 0
1 0.755 5 11 3 1 3 1 1 0 0 1 1 1 3 0 0 0
0 3.5 1 15 3 4 1 2 0 0 0 0 0 0 3 0 0 0
0 2.5 1 14 3 1 1 3 0 0 0 1 0 0 3 0 0 0
1 1.22 4 14 3 1 1 3 0 0 0 1 1 1 3 1 1 0
0 5.86 4 14 3 1 1 3 1 0 0 1 1 1 3 0 0 0
0 0.9 2 12 1 3 1 2 0 0 0 1 1 1 3 0 0 0
0 4 2 13 2 3 1 4 0 0 0 1 0 0 3 0 0 0
0 1.12 5 9 3 1 3 4 1 0 0 1 1 1 3 0 0 0
0 3 6 17 3 2 1 4 0 0 0 1 1 1 3 0 0 0
0 1 1 14 3 1 1 1 0 0 0 0 0 0 3 0 0 0
1 3.6 6 16 3 1 1 1 0 0 0 1 1 0 3 0 0 0
0 2 1 12 3 1 1 1 0 0 0 1 1 1 3 0 0 0
0 4.56 6 14 3 1 1 1 0 0 0 1 1 1 3 0 0 0
0 0.66 4 12 3 1 3 2 1 0 0 1 1 1 1 0 1 0
0 3.6 3 12 3 1 1 2 0 0 0 1 1 1 3 0 0 0
0 0 6 13 1 4 2 2 0 0 0 0 1 1 3 0 0 0
0 0.965 5 12 3 1 3 2 1 0 0 1 1 1 3 0 1 0
0 2.84 4 12 3 2 1 2 0 0 0 1 1 1 3 1 0 0
0 3.45 5 18 3 1 1 3 1 0 0 1 1 1 3 0 0 0
0 1.1 4 12 1 1 1 1 1 0 0 0 0 0 3 0 0 0
0 1.08 5 11 3 1 3 2 1 0 0 0 1 1 3 0 0 0
0 1.56 4 14 3 1 3 3 1 0 0 1 1 1 3 0 0 0
0 4.2 2 18 3 1 1 1 0 0 0 1 1 1 3 0 0 0
0 5.2 2 18 3 3 1 3 0 0 0 1 0 0 3 1 0 0
1 1 1 14 3 3 1 2 0 0 0 1 0 0 3 0 0 0
0 2.28 4 12 3 1 1 4 1 0 0 1 1 1 3 1 0 0
1 1.2 2 9 3 1 1 1 0 0 0 1 1 1 3 0 0 0
1 2.6 3 16 3 3 1 2 0 0 0 1 0 0 3 0 0 0
0 2.11 5 12 3 1 3 3 1 0 0 1 1 1 2 0 0 0
0 2.7 1 15 3 3 1 4 0 0 0 0 0 0 3 0 0 0
0 0.897 5 9 3 2 3 1 1 0 0 1 1 1 2 1 0 0
1 2.21 6 14 3 4 1 4 0 0 0 1 1 1 3 0 0 0
0 1.03 4 11 3 1 1 1 1 0 0 1 1 0 3 0 0 0
0 1.7 1 11 3 1 1 3 0 0 0 0 1 1 2 1 1 1
0 0.966 5 12 3 2 3 2 1 0 0 1 1 1 3 0 0 0
0 2.72 3 8 3 1 1 2 0 0 0 1 1 0 3 0 0 0
1 1.5 1 12 3 3 1 4 0 0 0 1 0 0 3 0 0 0
1 0 4 9 1 3 3 3 0 1 0 0 1 1 1 0 1 0
0 3.3 6 12 3 1 1 2 0 0 0 1 0 0 3 0 0 0
0 3.15 1 18 3 1 1 4 0 0 0 1 1 1 3 0 0 0
0 1.55 1 12 3 4 1 3 0 0 0 1 1 1 3 0 0 0
0 3.47 3 14 3 3 1 2 0 0 0 1 1 1 3 0 0 0
0 3.89 4 12 3 1 1 2 1 0 0 1 1 1 3 0 1 0
0 0.81 5 5 3 2 3 1 1 0 0 1 1 1 3 0 0 1
1 0.607 6 12 3 4 1 2 0 0 0 0 0 0 2 0 1 0
0 0.997 3 12 3 3 3 1 0 0 0 0 1 1 1 0 1 1
0 2.78 1 14 3 1 1 4 0 0 0 1 1 1 3 0 0 0
1 2.16 4 14 3 1 3 4 1 0 0 1 1 0 3 0 0 0
0 0.386 3 5 1 1 3 1 0 0 0 0 1 1 1 0 0 0
1 0.089 2 8 3 3 3 3 1 0 0 0 1 1 1 0 0 0
1 1 2 11 1 3 1 2 0 0 0 1 0 0 3 0 0 0
0 1.72 6 12 1 1 1 3 0 0 0 0 0 0 3 0 0 0
0 7.4 3 18 3 4 1 3 0 0 0 1 1 1 3 0 0 0
1 1.01 6 12 3 1 1 2 0 0 0 1 0 0 3 0 0 0
0 6.26 1 15 3 3 1 2 0 0 0 1 1 1 3 0 0 0
0 1.2 1 12 1 1 1 1 0 0 0 1 1 1 3 0 0 0
0 1.2 6 12 3 1 1 1 0 0 0 1 1 1 3 0 0 0
1 1.5 2 14 3 3 1 4 0 0 1 1 1 0 3 0 0 0
0 4.15 3 13 3 1 1 4 0 0 0 1 1 1 3 0 1 0
0 0.654 3 8 1 3 3 3 0 0 0 0 0 0 1 0 0 0
0 2.65 3 12 3 1 1 1 0 0 0 1 1 1 3 0 0 0
0 1.67 3 12 3 1 1 4 0 0 0 1 1 1 3 0 0 0
0 2 1 14 3 1 1 3 0 0 0 1 1 1 3 0 0 0
0 2.5 1 16 3 4 1 2 0 0 0 1 1 1 3 0 0 0
1 1.45 6 13 3 4 1 2 0 0 0 1 1 1 3 0 0 0
0 1.2 1 12 3 1 1 4 0 0 0 1 1 0 3 1 0 0
1 1.28 5 8 3 3 3 2 1 0 0 1 1 0 3 0 1 0
1 1.27 5 12 3 1 3 4 1 0 0 1 1 1 3 0 0 0
0 3.75 3 18 3 1 1 1 0 0 0 1 1 1 3 0 0 0
1 1.36 4 12 3 2 3 2 0 0 0 1 1 1 2 1 1 0
0 2.6 1 15 3 1 1 4 0 0 0 1 0 0 3 0 0 0
1 3.38 4 12 3 1 1 1 1 0 0 1 1 1 3 0 1 0
0 4.53 1 16 3 1 1 4 0 0 0 1 0 0 3 0 0 0
0 1.6 4 12 3 1 1 3 0 0 0 1 0 0 3 0 0 0
0 1.7 2 14 3 3 1 2 0 0 0 1 1 1 3 0 0 0
1 0.766 4 12 3 2 3 1 0 0 0 1 1 1 3 0 1 1
0 5.08 2 18 3 1 1 3 0 0 0 0 1 1 3 0 0 0
1 1 6 10 3 4 1 2 0 0 0 0 1 1 3 0 0 0
0 1.7 6 12 3 4 1 2 0 0 0 1 0 0 3 0 0 0
0 3.85 3 17 3 1 1 4 0 0 0 1 1 1 3 0 0 0
0 2.3 2 18 3 1 1 3 0 0 0 1 1 1 3 0 0 0
0 0.52 4 12 3 4 3 1 1 1 0 0 1 0 1 0 1 0
0 0.7 2 7 3 1 3 3 0 0 0 1 1 1 2 0 0 0
1 0.36 2 12 3 3 2 1 0 0 0 0 1 1 2 0 0 0
1 3.5 3 8 3 1 1 1 0 0 1 1 0 0 3 0 0 0
0 2.1 2 12 3 1 1 2 0 0 0 1 1 1 3 0 0 0
0 1.52 6 12 3 1 1 2 0 0 0 1 1 1 3 0 1 0
0 8.1 3 18 3 4 1 3 0 0 0 1 1 1 2 0 1 0
0 2.52 3 14 3 1 1 1 0 0 0 1 1 1 3 0 0 0
0 0 6 9 1 4 2 2 0 0 0 0 1 1 3 0 0 0
0 4 2 16 3 1 1 3 0 0 0 1 1 1 3 0 0 0
0 4.01 3 12 3 1 1 2 0 0 0 1 1 1 3 0 0 0
1 0.9 2 8 1 3 1 1 0 0 0 0 0 0 3 1 0 0
0 3.6 3 15 3 1 1 4 0 0 0 1 1 1 2 0 0 0
0 0.5 4 8 3 2 3 2 1 0 0 1 1 1 3 0 1 1
1 1.53 4 14 3 1 3 4 1 0 0 1 1 1 3 0 0 0
1 1.49 1 12 3 1 1 3 0 0 0 0 1 1 3 0 0 0
1 1 2 12 3 3 1 3 0 0 0 1 1 1 3 0 0 0
0 2.61 3 10 3 1 1 2 0 0 0 1 0 0 3 0 0 0
0 0.16 6 10 1 4 1 3 0 0 0 0 1 1 3 0 0 0
1 1.2 6 12 3 1 2 2 0 0 0 0 1 1 3 0 0 0
0 4 3 14 1 1 1 3 0 0 0 1 1 1 3 0 0 0
0 0.852 3 12 1 2 1 3 0 0 0 1 1 1 3 0 0 0
0 3.17 2 16 3 3 1 4 0 0 0 1 1 1 3 0 0 0
0 3.35 3 12 3 4 1 3 0 0 0 1 1 1 3 0 0 0
1 4.25 3 14 3 1 1 2 0 0 0 1 1 1 3 0 0 0
1 0.633 5 12 3 1 3 2 1 0 0 1 1 1 3 0 0 1
0 3.33 5 12 3 1 3 4 1 0 1 0 1 0 1 0 1 0
0 0.793 5 14 3 1 3 4 1 0 0 0 1 1 3 0 0 0
0 1.59 6 15 3 4 1 2 0 0 0 1 1 1 3 0 0 0
1 7 1 16 3 1 1 3 0 0 0 1 1 1 3 0 0 0
0 3.02 2 14 3 3 1 2 0 0 0 1 1 1 3 0 0 0
0 2 6 14 1 1 1 3 0 0 0 0 0 0 3 0 0 0
0 0.906 6 12 1 3 1 4 0 0 0 1 0 0 3 0 0 0
0 1 4 17 3 3 1 4 0 0 0 0 1 1 3 0 0 0
0 1.08 4 13 3 1 3 1 0 0 0 1 1 1 2 0 1 0
1 1.01 5 12 3 1 3 4 1 0 0 1 1 1 2 0 1 0
0 1.7 2 17 3 1 1 3 0 0 0 1 1 1 3 0 0 0
1 1.2 1 16 1 1 1 3 0 0 0 1 1 1 3 0 0 0
1 1.5 1 16 3 4 1 2 0 0 0 1 1 1 3 0 0 0
0 2.55 3 8 3 1 2 3 0 0 0 1 0 0 3 0 0 0
0 1.76 5 17 3 1 3 1 1 0 0 1 1 1 3 0 0 1
0 1.11 6 12 3 1 1 2 0 0 0 1 1 1 3 0 0 0
0 3.23 2 18 3 1 1 3 0 0 0 1 1 1 3 0 1 1
1 1.48 2 9 1 3 1 2 0 0 0 0 1 1 1 1 1 0
0 1.6 6 12 3 4 1 1 0 0 0 1 1 1 3 0 0 0
0 4.89 2 12 3 1 1 1 0 0 0 1 1 0 3 0 0 0
1 0.4 1 16 2 4 3 3 0 0 0 0 1 1 3 0 0 0
1 1.8 1 16 3 4 1 3 0 0 0 0 0 0 2 0 1 0
0 0.659 6 14 3 4 1 3 0 0 0 1 0 0 3 0 0 0
0 2.75 4 12 3 1 3 2 0 0 0 1 1 1 3 0 0 0
0 1.09 4 12 3 1 1 3 0 0 1 1 1 1 2 0 1 1
0 1.04 6 12 3 1 2 2 0 0 0 1 1 1 3 0 0 0
0 3.52 2 18 3 1 1 1 0 0 0 1 1 1 3 0 0 0
0 0.926 5 12 3 1 3 1 1 0 0 1 1 1 3 1 0 0
0 2.21 4 12 3 2 3 2 1 0 0 1 1 1 3 0 0 0
0 3 3 15 3 1 1 1 0 0 0 1 1 1 3 0 0 0
1 4.8 1 16 3 1 1 4 0 0 0 1 0 0 3 0 0 0
0 1.43 1 12 3 2 1 2 0 0 0 1 1 1 3 0 0 0
0 1.73 4 12 3 1 3 3 0 0 0 1 1 1 3 0 0 0
0 1.66 4 8 3 1 3 1 1 0 0 1 1 1 3 0 0 0
1 1.2 1 14 1 1 1 2 0 0 0 1 0 0 3 0 0 0
0 2.5 2 12 3 3 1 1 0 0 0 1 0 0 3 0 0 0
0 1.45 6 12 3 1 1 3 0 0 0 1 1 0 3 0 0 0
0 0.93 5 12 3 1 3 4 1 0 0 1 1 1 3 0 0 0
1 0.001 3 10 1 1 1 2 0 0 0 1 1 1 3 0 0 0
0 1.99 1 14 3 1 1 1 0 0 0 1 0 0 3 0 0 0
1 0.793 5 7 3 1 3 4 1 1 0 0 0 0 3 0 0 0
0 4.71 4 16 1 1 3 2 0 0 0 1 1 1 1 1 1 0
0 3.45 1 18 3 4 1 2 0 0 0 1 1 1 3 0 0 0
0 2.97 2 13 1 1 1 3 0 0 0 1 1 1 3 0 0 0
0 2 6 16 3 4 1 2 0 0 0 1 0 0 3 0 0 0
0 2.02 2 12 3 1 1 4 0 0 0 1 1 1 3 0 0 0
0 3.27 6 18 2 1 1 4 0 0 0 1 0 0 3 0 1 0
1 0.689 4 12 3 2 3 4 1 0 1 0 1 1 3 0 0 0
0 12.5 3 18 3 1 1 4 0 0 0 1 0 0 3 0 0 0
1 3.2 3 16 3 1 1 4 0 0 0 1 0 0 3 0 0 0
0 1.09 3 12 3 4 1 2 0 0 0 1 0 0 3 0 0 0
1 4.31 3 14 1 1 1 2 0 0 0 1 1 1 3 0 0 0
0 1 1 16 3 1 1 1 0 0 0 1 0 0 3 0 0 0
0 1.07 5 12 3 1 3 2 1 0 0 1 1 1 3 0 0 0
1 0.637 5 12 3 1 3 2 1 0 0 1 1 1 3 0 0 0
0 1.48 5 18 3 1 3 2 1 0 0 1 1 1 3 0 0 0
1 5 1 16 3 1 1 2 0 0 0 1 1 1 3 0 0 0
0 1.77 4 18 3 1 1 4 0 0 0 1 1 1 3 0 1 0
0 0.6 6 13 3 1 1 4 0 0 0 0 1 0 3 0 0 0
0 6.53 2 16 3 1 1 1 0 0 0 1 1 1 3 0 0 0
1 2.16 5 12 3 2 1 3 1 0 0 1 1 1 3 0 0 0
0 0.2 4 12 3 2 3 2 0 0 0 1 1 1 3 0 1 0
0 1.04 5 12 3 1 3 1 1 0 0 1 1 1 3 1 1 0
1 2.2 3 12 3 3 1 1 0 0 0 1 1 1 3 0 0 0
0 3.03 5 12 3 2 3 2 1 0 0 1 1 1 3 0 1 0
0 1.17 4 18 3 3 1 3 0 0 0 1 1 1 3 0 0 0
1 5.6 3 16 3 1 1 1 0 0 0 1 1 1 3 0 1 0
0 2.15 5 14 3 4 3 2 1 0 0 1 1 1 3 0 0 0
0 20.1 1 10 3 1 1 3 0 0 0 0 0 0 3 0 0 0
0 0.5 6 11 3 1 1 3 0 0 0 0 1 0 3 0 0 0
0 3 1 15 1 1 1 3 0 0 0 1 0 0 3 0 0 0
0 2.23 3 14 3 3 1 4 0 0 1 1 1 1 3 0 0 0
0 6.51 3 18 2 1 1 3 0 0 0 1 1 1 3 0 0 0
0 1.75 5 13 3 1 3 3 1 0 0 1 1 1 3 0 1 0
0 0.831 5 9 3 1 3 4 1 0 0 1 1 1 3 0 1 0
0 0.514 2 10 3 1 3 1 1 1 0 0 1 1 1 0 1 0
0 2.53 4 13 3 1 1 1 0 0 0 1 1 0 3 0 0 0
0 0.369 5 8 3 2 3 1 1 0 0 1 1 1 3 0 0 0
