2.64412313656343
1.56066332727952
0.266497521935971
0.313188055153731
0.507731943561063
0.671148809823223
0.471816148778172
0.0378336284848914
0.600514413416868
0.207835057123914
0.1348062743987
-0.466783288214744
0.430512984777845
0.389808417357234
0.717839343040983
1.02312359869557
0.212025233181918
1.21647029394347
0.283856822747703
0.407167718168965
0.360477184951206
-0.453614163461017
-1.66158206132562
0.50234457434363
0.999778332086686
1.04646886530445
0.31917402095088
0.975834468898091
0.0964960932969484
0.166531893123588
1.16379379492856
1.02312359869557
0.353294025994627
0.377836485762937
1.06981413191333
0.155158558109005
-0.343472392793481
0.11385539410868
0.383822451560085
0.0258616968905938
0.876467436665423
0.471816148778172
0.190475756312183
1.03449693371015
0.34251928755976
-0.044174102936046
-1.24316305210493
0.295828754342
-0.57213628624456
-0.179456929951606
0.237166289529943
0.665162844026074
-0.16149903256016
0.800445671041635
-1.27069849477181
-1.26770551187324
0.36586455416864
-1.59753222729613
0.905798669071452
-0.167484998357309
1.11111729591365
0.952489202289211
-1.55323608039723
0.88843936825972
0.771114438635606
1.15182186333426
0.531675806749659
-0.331500461199183
0.301814720139149
2.16524587279154
-0.0848786703566571
-0.420092754996984
-0.144738328328144
0.028854679789168
-0.408120823402686
0.118644166746398
0.262307345877967
-0.144738328328144
-0.461994515577025
0.328152969646603
-0.144738328328144
-0.635587523694337
0.316181038052306
-0.0310049781823189
-0.450022583982727
-0.432064686591281
-0.0310049781823189
-0.683475250071526
-0.0310049781823189
0.208433653703629
0.286251209066562
-0.0310049781823189
-0.701433147462972
0.621465293706889
0.417942456603833
0.80104426762135
0.657381088489781
0.591535464721145
1.18414607863887
1.14224431805883
0.80104426762135
-0.0549488413709136
0.66336705428693
0.80104426762135
-0.144738328328144
1.09435659168164
1.20210397603031
0.836960062404242
0.675338985881227
1.20210397603031
0.130616098340696
1.20210397603031
1.21407590762461
1.39305628495936
-0.773264737028757
-0.042976909776616
1.51277560090233
1.43555664211911
1.46488787452514
1.55527595806208
1.2499917024075
1.94436373487675
1.86056021371667
1.46488787452514
0.89083375457858
1.23203380501606
1.46488787452514
1.17816011284172
1.95633566647105
2.12394270879121
2.32746554589427
0.98062324153581
2.12394270879121
1.90844794009386
2.12394270879121
1.80668652154233
2.31549361429997
2.12394270879121
0.84294602820139
1.65105141081646
1.74084089777369
1.7049251029908
1.74084089777369
1.45950050530771
2.1838023667627
2.00422339284824
1.7049251029908
1.16020221545027
1.37569698414762
1.7049251029908
1.81267248733948
2.26760588792278
2.48310065662013
2.65669366473744
1.14224431805883
2.48310065662013
2.22510553076302
2.48310065662013
2.14788657197981
2.60880593836026
2.48310065662013
1.44094401133654
1.74084089777369
1.84260231632522
1.75879879516514
1.84858828212237
1.59717771864213
2.29693712032881
2.08802691400832
1.75879879516514
1.30386539458184
1.39964084733622
1.75879879516514
1.93239180328245
2.37535327227146
2.60281997256311
1.2380197708132
2.60281997256311
2.45317082763439
2.60281997256311
2.24366202473418
2.80035684386901
2.60281997256311
1.91443390589101
-1.45087606526599
-0.680482267172952
-0.654144017665498
-0.381183977315517
0.292835771443426
-1.52270765483177
-0.818758077087087
-0.776856316507046
-0.488332765084479
-0.0753011250812189
-1.3987981628308
-0.648158051868349
-0.604460501549164
-0.111216919864111
0.0911087240795148
-1.24376164868464
-0.883406507696293
-0.563755934128553
-0.0286105918634591
0.284455419327417
-1.39760096967137
-0.891786859812301
-0.653545421085783
-0.0968506019509542
0.22699014767479
-1.54365853512179
-0.94206897250835
-0.678686477433807
-0.25607729215511
-0.0286105918634591
-1.57837713674526
-0.784039475463624
-0.439846442127575
0.164137506804729
0.27368068089255
-1.49996098480261
-0.61882681946232
-0.854673871869979
-0.430268896852137
-0.136357976212136
-1.68013855529678
-1.07735179952391
-0.693052795346964
-0.177661140212462
0.204243477645625
-1.06657706108904
-0.32491589882232
0.59213406130086
0.895023930636584
1.08238466008734
-1.35510061251161
-1.07615460636448
0.264103135617112
0.677134775620372
0.847136204259394
-1.34432587407674
-0.807983338652219
-0.675094897955518
-0.267450627169692
0.301814720139149
-0.951047921204073
-0.606256291288308
-0.334493444097757
0.22579295451536
0.507731943561063
-1.31679043140986
-0.652348227926353
-0.394951698648959
0.150369785471287
0.391005610516664
-1.33355113564187
-0.569143303345986
-0.250091326357961
0.402977542110961
0.425125615560412
-1.34612166381589
-0.625411381839184
0.0947003035578037
0.513717909358212
0.713649166982979
-0.975590380972382
-0.267450627169692
0.160545927326439
0.554422476778823
0.718437939620698
-1.21981778549605
-0.541607860679102
-0.124984641197553
0.411956490806685
0.599915816837154
-1.1132675943068
-0.352451341489204
-0.36921204572122
0.0689606506300644
0.464632989821593
-1.3586921919899
-0.681679460332382
-0.189034475227044
0.0492069634994738
0.50234457434363
-1.32876236300416
-0.85108229239169
-0.481748202707615
-0.0148428705300173
0.571781777590554
-1.70587820822452
-0.857068258188838
-0.272239399807411
0.459844217183874
0.769318648896462
-1.7010894355868
-0.736750345666149
-0.281218348503134
0.199454705007906
0.738191626751288
-0.797208600217351
-0.0687165627043554
-0.0645263866463513
0.554422476778823
0.787276546287908
-0.7588984191156
0.36347016784978
0.745973382287582
0.911186038288885
1.18654046495773
-0.770271754130182
-0.035195154240323
0.24674383480538
0.772311631795036
0.971045696260372
-0.885800894015152
-0.147132714647003
-0.112414113023541
0.498154398285626
0.571781777590554
-1.22460655813377
-0.427275913953562
-0.297380456155436
0.371850519965788
0.912383231448315
-0.840307553956822
0.387414031038375
0.884847788781431
1.19791379997231
1.50439524878632
-0.736151749086435
0.383223854980371
0.998581138927256
1.46668366426428
1.83182757789035
-0.719391044854418
0.176708034978741
0.928545339100617
1.25897065110322
1.36432364913304
-0.832525798420529
0.0701578437894943
0.693296883272673
0.966256923622654
1.25238608872636
-1.09231671401678
-0.124984641197553
0.259314362979393
0.647803543214343
0.853720766636258
-1.10428864561108
-0.126780430936698
0.605901782634302
0.934531304897765
1.40562681313337
-0.32132431934403
0.711853377243834
1.63548789974388
1.85577144107895
1.86355319661524
-0.502699082997636
0.00850239607886268
1.17875870942143
1.56664929307667
1.65883316635276
-1.06537986792961
0.166531893123588
0.98062324153581
1.08597623956563
1.2458015263495
-1.2258037512932
-0.584706814418573
-0.335092040677472
0.0869185480215107
0.623261083446033
-1.1695356728
-0.610446467346312
-0.23033763922737
0.028854679789168
0.43350596767642
1.90066618455756
1.28171732113239
2.74947613459325
1.68816439875879
2.57289014357736
0.332343145704607
1.46428927794542
1.25777345794379
0.909988845129456
1.18115309574029
0.497555801705911
0.213222426341348
1.18713906153744
0.686113724316095
0.509527733300208
0.986609207332959
0.804037250519924
0.332343145704607
-0.398543278127248
0.214419619500778
0.208433653703629
1.91862408194901
1.35893627991561
1.06322956953646
1.38766891574192
2.41964941917036
2.03654760815284
-1.2820718297864
-0.981576346769531
-0.903160194826883
-1.24974761448179
-0.869638786362851
-0.762489998593889
-1.21502901285833
-1.19707111546688
-1.39281219703365
-1.63584240839788
-1.2096416436409
-1.4149602704831
-1.42693220207739
-1.13361987801711
-0.163294822299305
-0.0944562156320948
-0.239915184502808
-0.363226079924071
-0.168083594937024
-0.174668157313887
-0.375198011518369
-0.981576346769531
-0.66791173899894
-0.372803625199509
-0.690658409028105
-0.903160194826883
-0.57572786572285
0.632838628721471
0.200053301587621
0.322167003849454
-0.127379027516413
0.142588029934994
0.334737532023466
0.119242763326114
-0.656538403984357
-0.514671014591933
0.528084227271369
0.0869185480215107
-0.152520083864437
0.0444181908617549
1.07160992165247
0.764529876258743
0.951890605709497
0.00191783370199916
1.07460290455105
1.05604641057988
0.788473739447337
-0.245302553720242
0.228785937413935
0.924355163042613
0.453259654807011
0.206637863964485
0.128221712021837
1.1494274770154
0.848333397418824
1.06801834217418
0.11146100778982
1.21168152130575
1.25657626478437
0.905200072491737
-0.135160783052706
0.319772617530594
1.02611658159414
0.506534750401634
0.259314362979393
1.26974538953809
0.514915102517642
0.909988845129456
1.05185623452188
-0.0274133987040296
-0.646362262129204
-0.746327890941587
0.969249906521228
0.131813291500126
0.208433653703629
1.5115784077429
1.21647029394347
1.16319519834885
1.13446256252253
0.863298311911696
0.650197929533203
0.650197929533203
-0.78224368572448
-0.617031029723176
-0.0627305969072066
0.0611788950937713
0.603507396315443
0.350301043096053
1.22844222553777
0.727416888316421
1.53492367435178
0.491569835908762
1.17516712994314
1.18115309574029
1.32302048513272
-0.611045063926027
-0.13935095911071
1.4229861139451
-0.375198011518369
0.125827325702977
1.55886753754037
1.57024087255496
-0.227943252908511
2.1718304351684
0.190475756312183
1.78872862415088
-0.221957287111362
0.267694715095401
2.30711326218396
-0.82893421894224
-1.55443327355666
-1.2419658589455
-0.752313856738736
0.473611938517316
-1.34193148775788
-0.699637357723828
0.520901068314791
1.62351596814958
1.41700014814795
-0.640376296332056
-0.728968590129856
-0.00406813209514962
0.167130489703303
1.97130058096392
1.85337705476009
-0.716398061955844
-0.224351673430221
-1.44668588920798
-0.994745471523258
0.780093387331329
0.226391551095075
0.486182466691328
-0.0747025285015042
1.10752571643536
-0.683475250071526
-1.20904304706118
-0.835518781319103
-1.53228520010721
-1.2700998981921
-1.02168231761043
-0.23033763922737
-0.743334908043013
-0.613439450244887
0.350899639675768
-0.48354399244676
-1.65320170920961
-1.5682009948901
-0.622418398940609
-1.20485287100318
-0.471572060852462
-0.190830264966189
-1.11207040114737
-0.960625466479511
0.216814005819637
-0.602664711810019
-0.16389341887902
-0.703228937202117
-0.837913167637963
-0.882807911116578
-1.25573358027894
-0.225548866589651
-1.42812939523682
-0.620622609201465
-0.797807196797066
-0.634390330534907
0.232377516892224
-1.36048798172904
0.172517858920737
-1.69450487320994
-1.09171811743707
-0.876223348739714
-1.05460512949475
-1.11446478746623
-0.789426844681058
-0.835518781319103
-1.40358693546851
-0.603861904969449
0.119242763326114
-0.831927201840814
-0.166287805197879
-1.27369147767039
-0.533227508563094
-1.66517364080391
-0.234527815285374
-1.52510204115063
-0.960625466479511
0.0970946898766632
-1.45686203106314
-0.681080863752667
-1.09052092427764
-1.50175677454175
-0.265654837430548
-1.35270622619275
-0.888793876913726
-0.525445753026801
-0.226147463169366
-0.0387867337186119
0.0378336284848914
0.183891193935319
-1.75675891750029
-1.37545289622192
-1.04143600474102
-0.830131412101669
-0.701433147462972
-0.642770682650915
-0.871434576101995
-0.589495587056292
-1.46404519001972
-0.273436592966841
-0.208788162357635
-0.126780430936698
-1.58675748886126
-0.531431718823949
-0.490128554823624
-0.360831693605212
-0.079491301139223
0.0198757310934451
-1.39341079361336
-0.496114520620772
-0.173470964154458
-1.54605292144065
-1.67475118607935
-1.41077009442509
-1.4754185250343
-1.10608443535022
-1.09411250375593
-0.314141160387452
-1.29404376138069
-0.677489284274378
-1.21143743338004
-0.536819088041383
-0.584108217838858
0.143186626514708
0.471816148778172
-0.339880813315191
-1.38203745859878
-0.894779842710875
-0.930097040914052
-0.0914632327335206
-0.974393187812953
0.711853377243834
0.452661058227296
-0.354845727808063
-1.73101926457255
-0.157308856502156
-1.85073858051552
-1.87049226764611
-0.62002401262175
-0.69005981244839
-0.111815516443826
-1.46105220712114
-0.911540546942891
-0.594284359694011
-0.394353102069244
-0.287204314300283
-1.52210905825206
-0.129174817255558
-0.475762236910467
-0.985766522827535
-1.46224940028057
-1.37844587912049
0.209630846863059
-1.8579217394721
-1.17971181465515
0.452661058227296
-0.921716688798044
-1.72862487825369
-1.24436024526436
-1.33175534590273
-0.196816230763337
-1.20126129152489
-1.68432873135479
0.178503824717885
-0.168682191516739
-1.10967601482851
-0.690658409028105
-0.704426130361547
0.0462139806008996
0.892629544317724
-1.3263679766853
-1.29763534085898
0.716043553301838
-2.00457790150224
-1.13302128143739
-0.736151749086435
-1.73640663378998
0.232377516892224
-1.0689714474079
-0.175865350473317
-0.806187548913074
-1.49816519506346
-1.68193434503593
0.350899639675768
-1.57179257436839
-1.73221645773198
0.880657612723427
-1.11626057720538
-0.321922915923745
-1.56161643251324
-1.94531684011047
-0.568544706766271
0.444879302691002
-1.76813225251487
-0.222555883691077
0.0683620540503496
1.12428642066738
-0.858265451348268
-1.5640108188321
-1.64302556735446
0.229983130573364
-1.5400669556435
-1.85492875657353
-1.52450344457092
0.464034393241878
0.960270957825505
-1.43471395761369
-1.11207040114737
-0.478156623229326
-0.00346953551543487
0.172517858920737
-1.28745919900383
-1.10009846955308
-0.244105360560812
0.125228729123262
0.213222426341348
-1.19407813256831
-1.60471538625271
-0.132167800154132
0.289842788544851
0.301814720139149
-1.42274202601939
-1.09411250375593
-1.01210477233499
-0.636784716853766
-0.290795893778572
0.483189483792754
1.1051313301165
0.0671648608909197
-1.27608586398925
-0.800800179695641
-1.38742482781621
-0.584108217838858
-0.156111663342726
0.0671648608909197
0.495161415387052
1.00516570130412
1.43316225580025
1.88510267348498
2.02577286971797
2.14309779934209
2.29573992716938
-1.05879530555275
-0.795412810478207
-0.507487855635355
-0.349458358590629
-0.267450627169692
-0.185442895748755
-1.76873084909458
-1.26411393239495
-0.754109646477881
-0.472769254011892
-0.267450627169692
0.190475756312183
0.324561390168314
-1.24675463158322
-1.3347483288013
-0.707419113260121
0.0958974967172336
-1.45746062764285
-0.800800179695641
-0.877420541899144
-0.238119394763664
-1.2581279665978
-0.636784716853766
-1.09411250375593
-1.29404376138069
-0.848089309493115
-0.384775556793806
-1.3347483288013
-1.17073286595943
-0.261464661372543
0.0845241617026508
-1.05879530555275
-0.185442895748755
0.219806988718212
0.313188055153731
0.377836485762937
-1.05879530555275
-0.543403650418247
1.56245911701866
0.682522144837805
0.911186038288885
1.15780782913141
0.348505253356908
-1.32337499378672
-0.96541423911723
-0.249492729778246
-1.00013284074069
0.225194357935645
0.77650180785304
-0.707419113260121
0.0958974967172336
-1.45746062764285
-0.96541423911723
-1.24675463158322
-0.472769254011892
-0.0681179661246406
0.0905101274997996
0.137200660717559
-0.120794465139549
0.395195786574668
0.75315654124416
1.20449836234917
1.37449979098819
1.87313074189068
-0.900765808508024
-0.636784716853766
-0.372803625199509
-0.842103343695967
0.195863125529617
-0.684073846651241
0.879460419563997
2.344824846706
0.0809325822243619
-0.123188851458409
-1.15636654804627
-0.947456341725784
0.0318476626877426
-0.127379027516413
-1.22101497865548
-0.143541135168714
0.193468739210757
-0.487135571925049
-0.536220491461669
0.56759160153255
-0.341078006474621
-1.21203602995976
0.526288437532225
1.05963799005817
1.28052012797296
1.8012991523249
1.01773622947813
-0.144738328328144
-1.0647812713499
0.0923059172389443
-0.178259736792176
0.408364911328395
0.253926993761959
0.366463150748354
1.52115595301834
0.302413316718863
-0.150724294125293
0.993792366289538
-1.24076866578607
0.15815154100758
0.0863199514417955
-0.035195154240323
0.377836485762937
-0.236323605024519
0.34251928755976
0.217412602399352
0.125228729123262
0.506534750401634
-0.277626769024845
-0.725975607231282
-0.183048509429896
-0.204597986299631
-0.430268896852137
0.0587845087749115
-1.04981635685703
-0.165090612038449
-0.263260451111688
-0.286605717720568
0.513119312778498
-1.4149602704831
-0.614038046824602
0.0372350319051762
-0.171076577835598
-0.716996658535559
-0.573932075983705
-1.06957004398762
0.291039981704281
-1.00611880653784
-0.125583237777268
-1.63284942549931
-1.33833990827959
-0.214175531575069
-0.736151749086435
-0.365021869663216
0.835164272665097
0.994989559448967
0.306004896197153
0.541253352025096
-1.35390341935218
0.0964960932969484
-0.356042920967493
1.24460433319007
-1.39819956625108
-0.719989641434133
-1.34851605013475
0.215616812660208
0.623261083446033
0.520901068314791
-0.722982624332708
-0.579319445201139
-1.21502901285833
0.464034393241878
0.00251643028171391
0.313188055153731
-0.408719419982401
0.623859680025748
-0.532628911983379
-1.51313010955634
-0.641573489491485
-0.403930647344682
-1.56101783593352
-0.120794465139549
0.240757869008232
-0.529635929084805
-0.514072418012218
-0.309352387749733
-0.165689208618164
-0.672700511636659
-0.832525798420529
-0.295584666416291
-1.2258037512932
-0.687066829549815
-0.714003675636985
-0.771468947289612
-0.383578363634377
-0.430268896852137
0.0587845087749115
-1.04921776027731
-0.185442895748755
-0.263260451111688
-0.411712402880976
0.306004896197153
-1.4149602704831
-0.614038046824602
0.0372350319051762
-0.171076577835598
-0.716996658535559
-0.573932075983705
-1.0689714474079
0.168327682862733
-1.00611880653784
-0.125583237777268
-1.63284942549931
-1.33833990827959
-0.213576934995354
-0.736151749086435
-0.364423273083501
0.835164272665097
0.995588156028682
0.306004896197153
0.541851948604811
-1.35390341935218
0.0964960932969484
-0.356042920967493
1.24520292976978
-1.39819956625108
-0.719989641434133
-1.34851605013475
0.215616812660208
0.623261083446033
0.520901068314791
-0.722982624332708
-0.578720848621424
-1.21443041627862
0.464632989821593
0.00311502686142866
0.313188055153731
-0.408719419982401
0.624458276605463
-0.532628911983379
-1.51313010955634
-0.641573489491485
-0.403930647344682
-1.56101783593352
-0.120794465139549
0.0809325822243619
-0.123188851458409
-1.15636654804627
-0.947456341725784
0.0318476626877426
0.143785223094423
-1.22101497865548
-0.143541135168714
0.194067335790472
-0.487135571925049
-0.536220491461669
0.56759160153255
-0.341078006474621
-1.21203602995976
0.526288437532225
1.05963799005817
1.28111872455267
1.8012991523249
1.01833482605785
-0.144738328328144
-1.0647812713499
0.0923059172389443
-0.0304063816026037
0.408364911328395
0.253926993761959
0.47780211457532
1.52175454959805
0.302413316718863
-0.150125697545578
0.994390962869252
-1.24076866578607
0.15815154100758
0.0869185480215107
-0.035195154240323
0.378435082342652
-0.235725008444804
0.34251928755976
0.218011198979067
0.125827325702977
0.506534750401634
-0.277626769024845
-0.725377010651567
-0.18244991285018
-0.204597986299631
