140
125
135
150
190
190
150
145
140.23
140
190
135
160
190
135
150
160
137
150
142.36
135
135
130
150
160
160
190
190
135
190
150
135
145
100
160
135
150
130
150
150
190
150
190
135
120
120
168.48
150
190
120
125
140
135
120
130
190
187.5
190
160
135
190
190
190
135
130
135
150
130
110
145
135
190
135
130
190
145
160
190
160
190
190
190
140
150
135
100
135
130
125
125
120
160
160
190
135
140
150
150
150
140
150
135
160
125
190
160
135
190
130
100
190
160
145.83
135
130
190
190
150
145
135
160
120
160
145
135
120
140
135
135
120
135
135
120
135
135
150
160
120
160
140
135
190
190
110
100
135
150
190
190
160
125
125
150
140
150
120
160
135
120
160
190
135
150
145
140
135
135
135
140
190
150
