-0.163010291777516
1.85428781000582
0.824178141010075
-0.506380181442765
-0.89267130731617
-0.420537709026453
-0.89267130731617
1.33923297550795
1.25339050309164
-0.377616472818297
0.00867465305510869
-0.678065126275389
-0.763907598691702
-0.635143890067233
-0.12008905556936
0.266202070304045
1.08170555825901
-0.720986362483546
-0.377616472818297
-0.89267130731617
0.43788701513667
1.94013028242213
-0.12008905556936
1.6826028651732
0.309123306512202
-0.506380181442765
2.58394882554448
-0.592222653859077
1.08170555825901
-0.935592543524326
-0.33469523661014
-0.205931527985672
-0.377616472818297
0.309123306512202
-0.678065126275389
0.00867465305510869
-0.549301417650921
-0.0771678193612035
-0.463458945234609
-0.720986362483546
-0.549301417650921
-0.763907598691702
2.41226388071185
-0.0771678193612035
-0.291774000401984
-0.33469523661014
-0.163010291777516
-0.506380181442765
-0.549301417650921
-0.506380181442765
-0.163010291777516
1.89720904621398
-0.0342465831530474
-0.806828834899858
-0.592222653859077
0.180359597887733
-0.0771678193612035
-0.0771678193612035
1.33923297550795
-0.806828834899858
-0.89267130731617
-0.720986362483546
-0.720986362483546
1.42507544792426
0.566650723761138
-0.420537709026453
1.59676039275689
-0.89267130731617
1.12462679446717
-0.806828834899858
-0.849750071108014
-0.12008905556936
-0.806828834899858
-0.935592543524326
-0.420537709026453
-0.248852764193828
-0.506380181442765
1.89720904621398
1.98305151863029
2.19765769967107
0.266202070304045
0.00867465305510869
3.27068860487498
-1.02143501594064
-0.89267130731617
-0.763907598691702
-0.678065126275389
-0.592222653859077
0.137438361679577
-0.377616472818297
1.6826028651732
-0.806828834899858
-0.89267130731617
-0.506380181442765
0.695414432385607
0.566650723761138
0.910020613426388
-0.849750071108014
-0.635143890067233
-0.635143890067233
0.652493196177451
-0.935592543524326
0.43788701513667
0.180359597887733
-0.678065126275389
0.867099377218231
0.00867465305510869
-0.635143890067233
0.094517125471421
0.695414432385607
1.38215421171611
-0.806828834899858
-0.763907598691702
-0.163010291777516
1.16754803067532
-0.849750071108014
2.66979129796079
-0.806828834899858
-0.763907598691702
1.89720904621398
-0.0771678193612035
-0.806828834899858
-0.89267130731617
-0.635143890067233
-0.291774000401984
-0.291774000401984
-0.291774000401984
-0.420537709026453
1.63968162896504
-0.89267130731617
-0.0342465831530474
-0.377616472818297
-0.463458945234609
0.137438361679577
-0.678065126275389
-0.763907598691702
-0.635143890067233
-0.33469523661014
0.609571959969295
-0.935592543524326
-0.678065126275389
-0.635143890067233
0.266202070304045
-0.806828834899858
-0.291774000401984
1.25339050309164
3.27068860487498
-0.806828834899858
1.6826028651732
3.27068860487498
-0.12008905556936
2.66979129796079
-0.89267130731617
0.094517125471421
2.71271253416894
0.867099377218231
-0.89267130731617
2.11181522725476
1.03878432205086
-0.763907598691702
-0.720986362483546
-0.89267130731617
-0.291774000401984
-0.549301417650921
-0.806828834899858
0.0515958892632649
-0.806828834899858
-0.377616472818297
0.952941849634544
0.910020613426388
-0.0342465831530474
-0.678065126275389
-0.678065126275389
-0.163010291777516
2.11181522725476
-0.291774000401984
-0.720986362483546
2.54102758933632
-0.592222653859077
0.0515958892632649
-0.506380181442765
0.0515958892632649
0.266202070304045
-0.935592543524326
-0.205931527985672
0.523729487552982
-0.506380181442765
-0.978513779732482
-0.763907598691702
-0.592222653859077
-0.592222653859077
-0.12008905556936
-0.592222653859077
-0.720986362483546
-0.935592543524326
-0.89267130731617
-0.978513779732482
0.738335668593763
0.094517125471421
0.781256904801919
-0.248852764193828
-0.463458945234609
0.223280834095889
1.89720904621398
-0.806828834899858
-0.33469523661014
0.094517125471421
-0.205931527985672
-0.89267130731617
-0.377616472818297
0.223280834095889
-0.978513779732482
1.81136657379767
-0.806828834899858
0.137438361679577
1.08170555825901
-0.678065126275389
-0.849750071108014
-0.33469523661014
-0.763907598691702
-0.849750071108014
0.309123306512202
0.523729487552982
-0.806828834899858
-0.33469523661014
-0.592222653859077
2.15473646346292
-0.205931527985672
1.6826028651732
0.781256904801919
-0.849750071108014
-0.763907598691702
-0.163010291777516
2.7556337703771
-0.506380181442765
-0.549301417650921
0.137438361679577
-0.935592543524326
0.566650723761138
-0.248852764193828
-0.849750071108014
-0.506380181442765
0.352044542720358
1.29631173929979
-0.248852764193828
0.0515958892632649
1.98305151863029
-0.0771678193612035
3.27068860487498
-0.89267130731617
2.15473646346292
1.6826028651732
-0.806828834899858
-0.635143890067233
-0.849750071108014
2.97023995141788
-0.205931527985672
-0.763907598691702
-0.89267130731617
-0.592222653859077
1.25339050309164
1.51091792034057
1.85428781000582
-0.978513779732482
-0.806828834899858
-0.420537709026453
0.480808251344826
-0.291774000401984
-0.806828834899858
1.94013028242213
-0.549301417650921
0.00867465305510869
0.480808251344826
0.137438361679577
-0.463458945234609
0.523729487552982
0.43788701513667
-0.678065126275389
-0.806828834899858
-0.89267130731617
-0.89267130731617
-0.506380181442765
-0.763907598691702
0.352044542720358
-0.205931527985672
-0.420537709026453
1.16754803067532
-0.978513779732482
1.51091792034057
-0.635143890067233
-0.592222653859077
-0.635143890067233
-0.89267130731617
0.180359597887733
-0.592222653859077
-0.506380181442765
1.85428781000582
-0.935592543524326
0.223280834095889
0.523729487552982
-0.549301417650921
-0.89267130731617
0.480808251344826
0.0515958892632649
-0.763907598691702
0.910020613426388
-0.0342465831530474
0.352044542720358
-0.849750071108014
-0.935592543524326
-0.33469523661014
-0.506380181442765
-0.163010291777516
1.16754803067532
-0.248852764193828
0.266202070304045
0.566650723761138
0.309123306512202
-0.849750071108014
-0.248852764193828
1.03878432205086
-0.635143890067233
-0.720986362483546
0.137438361679577
0.266202070304045
0.43788701513667
-0.720986362483546
-0.291774000401984
-0.291774000401984
0.43788701513667
-0.720986362483546
0.480808251344826
-0.849750071108014
3.27068860487498
1.03878432205086
-0.89267130731617
-0.720986362483546
-0.806828834899858
-0.506380181442765
-0.849750071108014
-0.678065126275389
-0.592222653859077
-1.02143501594064
-0.849750071108014
-0.935592543524326
-0.248852764193828
1.46799668413242
-0.678065126275389
-0.849750071108014
-0.635143890067233
-0.763907598691702
-0.678065126275389
-0.678065126275389
-0.592222653859077
-0.89267130731617
0.180359597887733
-0.763907598691702
-0.849750071108014
-0.89267130731617
-0.720986362483546
0.738335668593763
-0.0771678193612035
3.27068860487498
-0.592222653859077
-0.763907598691702
0.910020613426388
0.352044542720358
-0.420537709026453
-0.635143890067233
-0.720986362483546
1.55383915654873
-0.248852764193828
-0.89267130731617
-0.849750071108014
1.16754803067532
2.54102758933632
-0.935592543524326
-0.678065126275389
0.094517125471421
-0.0342465831530474
1.08170555825901
-0.89267130731617
-0.849750071108014
-0.377616472818297
1.29631173929979
0.309123306512202
0.652493196177451
0.824178141010075
1.12462679446717
-0.89267130731617
-0.678065126275389
-0.849750071108014
-0.0771678193612035
1.46799668413242
-0.978513779732482
-0.592222653859077
0.652493196177451
-0.635143890067233
-0.248852764193828
2.41226388071185
3.27068860487498
0.695414432385607
-0.806828834899858
-0.12008905556936
1.89720904621398
0.352044542720358
-0.163010291777516
1.63968162896504
1.25339050309164
0.0515958892632649
3.27068860487498
-0.163010291777516
-0.12008905556936
3.27068860487498
-0.592222653859077
-0.420537709026453
-0.978513779732482
-0.463458945234609
-0.0771678193612035
-0.592222653859077
3.27068860487498
1.94013028242213
-0.763907598691702
1.81136657379767
-0.89267130731617
-0.33469523661014
-1.02143501594064
2.24057893587923
2.02597275483845
0.781256904801919
-0.89267130731617
1.25339050309164
-0.763907598691702
-0.248852764193828
-0.849750071108014
-0.592222653859077
-0.763907598691702
-0.849750071108014
-0.33469523661014
0.00867465305510869
-0.163010291777516
0.480808251344826
-0.849750071108014
-0.806828834899858
2.0688939910466
-0.763907598691702
1.63968162896504
3.27068860487498
-0.89267130731617
-0.806828834899858
1.6826028651732
-0.806828834899858
-0.163010291777516
-0.720986362483546
1.72552410138135
-0.592222653859077
-0.549301417650921
3.27068860487498
-0.720986362483546
-0.935592543524326
1.33923297550795
-0.849750071108014
3.27068860487498
0.566650723761138
0.394965778928514
-0.635143890067233
0.180359597887733
-0.506380181442765
-0.377616472818297
-0.89267130731617
-0.0771678193612035
-0.806828834899858
2.32642140829554
0.952941849634544
0.43788701513667
-0.0771678193612035
-0.420537709026453
0.566650723761138
-0.763907598691702
0.00867465305510869
0.695414432385607
-0.0771678193612035
1.94013028242213
-0.549301417650921
-0.935592543524326
0.0515958892632649
-0.592222653859077
-0.806828834899858
-0.33469523661014
-0.849750071108014
-0.978513779732482
0.223280834095889
-0.592222653859077
-0.806828834899858
0.523729487552982
-0.0771678193612035
-0.291774000401984
-0.377616472818297
-0.420537709026453
3.27068860487498
-0.592222653859077
0.00867465305510869
-0.506380181442765
-0.849750071108014
-0.12008905556936
1.98305151863029
-0.463458945234609
-0.463458945234609
0.00867465305510869
-0.849750071108014
-0.420537709026453
-0.0771678193612035
-0.291774000401984
-0.0771678193612035
-0.12008905556936
-0.89267130731617
-0.163010291777516
-0.635143890067233
-0.549301417650921
-1.02143501594064
-0.463458945234609
-0.291774000401984
0.952941849634544
0.00867465305510869
-0.678065126275389
1.81136657379767
0.0515958892632649
-0.720986362483546
1.38215421171611
-1.02143501594064
-0.849750071108014
-0.377616472818297
0.738335668593763
-0.163010291777516
-0.763907598691702
-0.163010291777516
-0.806828834899858
-0.248852764193828
-0.720986362483546
2.88439747900157
-0.377616472818297
-0.463458945234609
-0.89267130731617
-0.806828834899858
0.523729487552982
2.66979129796079
-0.549301417650921
-0.248852764193828
-0.763907598691702
0.180359597887733
-0.978513779732482
-0.806828834899858
1.21046926688348
-0.12008905556936
-0.849750071108014
1.33923297550795
-0.978513779732482
0.523729487552982
0.523729487552982
-0.720986362483546
2.62687006175263
-0.678065126275389
-0.506380181442765
0.0515958892632649
3.27068860487498
-0.849750071108014
0.523729487552982
0.738335668593763
0.394965778928514
0.394965778928514
-0.205931527985672
-0.420537709026453
-0.720986362483546
-0.377616472818297
-0.678065126275389
-0.592222653859077
-0.849750071108014
-0.849750071108014
-0.678065126275389
-0.420537709026453
-0.849750071108014
-0.33469523661014
0.137438361679577
-0.463458945234609
-0.635143890067233
-0.635143890067233
1.38215421171611
1.21046926688348
-0.506380181442765
-0.506380181442765
0.738335668593763
2.71271253416894
-0.978513779732482
-0.763907598691702
-0.89267130731617
-0.549301417650921
-0.377616472818297
0.00867465305510869
-0.12008905556936
-0.89267130731617
2.71271253416894
0.652493196177451
-0.0342465831530474
-0.592222653859077
1.51091792034057
0.00867465305510869
-0.463458945234609
-0.549301417650921
1.51091792034057
-0.978513779732482
0.738335668593763
-0.463458945234609
0.00867465305510869
-0.592222653859077
0.695414432385607
2.49810635312816
-0.635143890067233
-0.248852764193828
-0.33469523661014
-0.463458945234609
0.394965778928514
-0.763907598691702
-0.592222653859077
-0.849750071108014
-0.0342465831530474
-0.678065126275389
-0.592222653859077
-0.978513779732482
-0.592222653859077
-0.291774000401984
2.79855500658526
2.62687006175263
-0.420537709026453
0.352044542720358
-0.89267130731617
-0.635143890067233
-0.163010291777516
1.29631173929979
-0.377616472818297
-0.248852764193828
0.00867465305510869
3.01316118762604
1.76844533758951
-0.763907598691702
-0.806828834899858
0.094517125471421
-0.506380181442765
-0.89267130731617
0.738335668593763
-0.978513779732482
-0.377616472818297
-0.377616472818297
-0.849750071108014
-0.89267130731617
-0.763907598691702
-0.635143890067233
0.180359597887733
-0.720986362483546
-0.33469523661014
0.738335668593763
-0.0771678193612035
-0.89267130731617
0.480808251344826
1.6826028651732
-0.635143890067233
0.0515958892632649
-0.0771678193612035
3.27068860487498
0.523729487552982
2.45518511692001
0.137438361679577
-0.720986362483546
-0.849750071108014
1.59676039275689
0.00867465305510869
3.05608242383419
2.45518511692001
-0.506380181442765
3.27068860487498
-0.806828834899858
0.609571959969295
0.566650723761138
1.25339050309164
-0.0342465831530474
0.094517125471421
-0.849750071108014
-0.248852764193828
1.63968162896504
1.12462679446717
-0.420537709026453
-0.763907598691702
1.29631173929979
1.59676039275689
0.480808251344826
0.609571959969295
2.0688939910466
-0.849750071108014
-0.635143890067233
1.16754803067532
1.29631173929979
0.910020613426388
-0.592222653859077
-0.720986362483546
-0.978513779732482
-0.33469523661014
0.223280834095889
0.781256904801919
-0.248852764193828
0.523729487552982
-0.592222653859077
-0.89267130731617
1.63968162896504
-0.678065126275389
-0.506380181442765
-0.0342465831530474
-0.248852764193828
0.180359597887733
-0.635143890067233
-0.163010291777516
-0.635143890067233
-0.33469523661014
-0.763907598691702
-0.0342465831530474
2.49810635312816
-0.377616472818297
-0.935592543524326
2.84147624279341
0.43788701513667
-0.978513779732482
-0.12008905556936
-0.763907598691702
1.51091792034057
1.81136657379767
-0.163010291777516
-0.592222653859077
0.695414432385607
-0.291774000401984
-0.849750071108014
0.180359597887733
-0.463458945234609
0.137438361679577
-0.0342465831530474
1.51091792034057
-0.506380181442765
-0.978513779732482
-0.0342465831530474
-0.935592543524326
-0.291774000401984
-0.720986362483546
-0.806828834899858
-0.506380181442765
-0.592222653859077
-0.549301417650921
-0.592222653859077
-0.549301417650921
-0.33469523661014
-0.806828834899858
0.00867465305510869
0.394965778928514
-0.205931527985672
-0.205931527985672
-0.12008905556936
-0.33469523661014
-0.205931527985672
-0.849750071108014
-0.806828834899858
0.43788701513667
-0.0342465831530474
-0.592222653859077
0.00867465305510869
1.21046926688348
-0.89267130731617
0.523729487552982
-1.02143501594064
0.00867465305510869
0.266202070304045
3.27068860487498
0.824178141010075
-0.549301417650921
0.738335668593763
-0.0771678193612035
1.98305151863029
-0.592222653859077
1.59676039275689
-0.763907598691702
-0.506380181442765
0.738335668593763
-0.849750071108014
-0.978513779732482
-0.849750071108014
-0.248852764193828
0.9958630858427
-0.89267130731617
-0.12008905556936
-0.463458945234609
0.0515958892632649
-0.935592543524326
-0.678065126275389
-0.806828834899858
-0.806828834899858
-0.935592543524326
0.137438361679577
-0.763907598691702
1.12462679446717
0.180359597887733
-0.506380181442765
-0.592222653859077
-0.635143890067233
-0.12008905556936
-0.935592543524326
3.27068860487498
0.00867465305510869
-0.463458945234609
-0.592222653859077
-0.506380181442765
-0.763907598691702
-0.506380181442765
-0.763907598691702
-0.0771678193612035
-0.377616472818297
-0.89267130731617
0.266202070304045
-0.935592543524326
-0.806828834899858
-0.935592543524326
-0.935592543524326
-0.720986362483546
0.094517125471421
3.27068860487498
0.480808251344826
-0.678065126275389
-0.89267130731617
-0.935592543524326
-0.89267130731617
-0.549301417650921
0.223280834095889
2.3693426445037
-0.463458945234609
-0.935592543524326
-0.978513779732482
-0.0342465831530474
3.27068860487498
0.394965778928514
1.46799668413242
-0.248852764193828
1.12462679446717
0.695414432385607
0.43788701513667
-0.806828834899858
-0.849750071108014
-0.763907598691702
-0.849750071108014
-0.806828834899858
-0.978513779732482
0.309123306512202
1.63968162896504
-0.163010291777516
1.55383915654873
3.14192489625051
0.180359597887733
-0.463458945234609
-0.720986362483546
0.094517125471421
-0.720986362483546
0.223280834095889
-0.849750071108014
2.62687006175263
2.24057893587923
-0.291774000401984
1.76844533758951
1.29631173929979
0.523729487552982
-0.463458945234609
-0.248852764193828
0.480808251344826
-0.763907598691702
0.180359597887733
0.180359597887733
-0.678065126275389
-0.420537709026453
-0.592222653859077
-0.763907598691702
-0.763907598691702
1.03878432205086
-0.635143890067233
-0.205931527985672
0.094517125471421
-0.935592543524326
-0.678065126275389
-0.0771678193612035
-0.163010291777516
-0.89267130731617
-0.89267130731617
-0.935592543524326
-0.549301417650921
-0.678065126275389
0.00867465305510869
-0.0771678193612035
1.12462679446717
0.094517125471421
-0.635143890067233
-0.935592543524326
1.33923297550795
-0.248852764193828
-0.635143890067233
-0.635143890067233
0.952941849634544
-0.849750071108014
-0.720986362483546
3.27068860487498
-0.849750071108014
-0.849750071108014
-0.463458945234609
-0.33469523661014
-0.849750071108014
-0.506380181442765
-0.635143890067233
1.25339050309164
-0.420537709026453
-0.592222653859077
0.910020613426388
-0.89267130731617
0.180359597887733
-0.377616472818297
0.652493196177451
-0.89267130731617
-0.0342465831530474
-0.592222653859077
-0.0771678193612035
0.094517125471421
-0.89267130731617
0.824178141010075
-0.549301417650921
-0.592222653859077
-0.89267130731617
-0.720986362483546
-0.33469523661014
-0.763907598691702
-0.248852764193828
-0.763907598691702
-0.163010291777516
-0.420537709026453
-0.377616472818297
-0.849750071108014
-0.33469523661014
1.72552410138135
-0.163010291777516
1.76844533758951
-0.291774000401984
-0.420537709026453
0.137438361679577
-0.506380181442765
2.15473646346292
2.11181522725476
0.00867465305510869
3.27068860487498
-0.89267130731617
3.27068860487498
-0.12008905556936
0.0515958892632649
0.094517125471421
1.16754803067532
-0.978513779732482
-0.89267130731617
-0.978513779732482
-0.33469523661014
1.21046926688348
-0.592222653859077
0.00867465305510869
0.266202070304045
1.94013028242213
-0.635143890067233
-0.0771678193612035
1.76844533758951
-0.291774000401984
-0.635143890067233
2.28350017208738
0.394965778928514
0.609571959969295
-0.720986362483546
-0.205931527985672
-0.635143890067233
-0.12008905556936
-0.678065126275389
-0.592222653859077
-0.806828834899858
-0.0342465831530474
-0.678065126275389
-0.935592543524326
-0.678065126275389
-0.506380181442765
0.695414432385607
0.910020613426388
-0.806828834899858
-0.89267130731617
0.523729487552982
-0.678065126275389
-0.720986362483546
3.27068860487498
-0.849750071108014
-0.763907598691702
3.27068860487498
-0.163010291777516
-0.420537709026453
1.03878432205086
-0.463458945234609
1.85428781000582
-0.849750071108014
1.08170555825901
-0.806828834899858
-0.935592543524326
0.652493196177451
0.223280834095889
-0.935592543524326
0.0515958892632649
-0.0342465831530474
-0.978513779732482
-0.506380181442765
-0.592222653859077
-0.849750071108014
-0.420537709026453
-0.163010291777516
-0.463458945234609
-0.89267130731617
-0.549301417650921
3.27068860487498
0.180359597887733
-0.978513779732482
0.00867465305510869
0.824178141010075
-0.163010291777516
-0.678065126275389
-0.849750071108014
-0.720986362483546
-0.806828834899858
-0.849750071108014
-0.935592543524326
0.695414432385607
-0.33469523661014
1.42507544792426
-0.163010291777516
3.27068860487498
-0.935592543524326
-0.678065126275389
3.27068860487498
-0.763907598691702
-0.720986362483546
-0.678065126275389
-0.806828834899858
-0.935592543524326
-0.463458945234609
0.910020613426388
0.867099377218231
0.910020613426388
0.652493196177451
0.094517125471421
3.27068860487498
0.352044542720358
0.266202070304045
0.309123306512202
0.137438361679577
-0.549301417650921
-0.720986362483546
-0.635143890067233
0.094517125471421
-0.291774000401984
-0.720986362483546
0.309123306512202
-0.720986362483546
0.394965778928514
-0.377616472818297
-0.12008905556936
-0.592222653859077
1.16754803067532
-0.291774000401984
-0.635143890067233
-0.89267130731617
-0.377616472818297
-0.291774000401984
-0.420537709026453
-0.89267130731617
0.43788701513667
-0.806828834899858
0.00867465305510869
-0.720986362483546
0.394965778928514
-0.635143890067233
-0.549301417650921
-0.592222653859077
-0.935592543524326
0.0515958892632649
0.566650723761138
-0.720986362483546
2.02597275483845
-0.248852764193828
0.180359597887733
0.867099377218231
-0.635143890067233
-0.205931527985672
0.180359597887733
-0.89267130731617
-0.849750071108014
0.352044542720358
-0.205931527985672
-0.33469523661014
-0.635143890067233
-0.806828834899858
-0.549301417650921
0.523729487552982
-0.635143890067233
-0.89267130731617
-0.806828834899858
-0.806828834899858
-0.463458945234609
-0.806828834899858
-0.506380181442765
0.9958630858427
-0.291774000401984
-0.291774000401984
3.27068860487498
-0.163010291777516
-0.678065126275389
-0.635143890067233
-0.592222653859077
-0.89267130731617
2.02597275483845
-0.291774000401984
-0.935592543524326
-0.163010291777516
0.609571959969295
-0.635143890067233
-0.763907598691702
-0.806828834899858
-0.806828834899858
3.27068860487498
-0.12008905556936
0.223280834095889
-0.849750071108014
-0.506380181442765
-0.763907598691702
-0.12008905556936
-0.763907598691702
1.16754803067532
-0.720986362483546
-0.12008905556936
0.652493196177451
1.81136657379767
-0.89267130731617
-0.763907598691702
1.25339050309164
-0.678065126275389
1.51091792034057
-0.506380181442765
0.223280834095889
3.27068860487498
-0.89267130731617
0.223280834095889
0.609571959969295
-0.763907598691702
3.27068860487498
0.266202070304045
-0.33469523661014
0.223280834095889
-0.935592543524326
-0.205931527985672
0.609571959969295
0.309123306512202
-0.720986362483546
-0.549301417650921
1.55383915654873
1.29631173929979
0.910020613426388
-0.0771678193612035
-0.935592543524326
-1.02143501594064
-0.0771678193612035
-0.463458945234609
-0.763907598691702
-0.549301417650921
-0.89267130731617
1.94013028242213
-0.205931527985672
1.94013028242213
0.738335668593763
-0.678065126275389
0.309123306512202
-0.678065126275389
0.910020613426388
-0.163010291777516
-0.205931527985672
-0.89267130731617
-0.377616472818297
1.29631173929979
-0.935592543524326
-0.592222653859077
0.309123306512202
1.76844533758951
-0.763907598691702
-0.935592543524326
-0.763907598691702
2.49810635312816
-0.935592543524326
-0.420537709026453
-0.89267130731617
0.695414432385607
-0.806828834899858
-0.506380181442765
1.59676039275689
3.27068860487498
-0.377616472818297
-0.635143890067233
2.24057893587923
-0.935592543524326
-0.763907598691702
-0.89267130731617
-0.763907598691702
-0.163010291777516
0.0515958892632649
-0.720986362483546
-0.763907598691702
-0.205931527985672
-0.763907598691702
-0.33469523661014
-0.205931527985672
-0.420537709026453
-0.248852764193828
-0.549301417650921
-0.0771678193612035
-0.89267130731617
0.394965778928514
-1.02143501594064
-0.978513779732482
0.566650723761138
-0.377616472818297
-0.849750071108014
0.480808251344826
-0.592222653859077
0.952941849634544
-0.849750071108014
-0.248852764193828
0.695414432385607
-0.763907598691702
-0.978513779732482
-0.89267130731617
1.21046926688348
-0.89267130731617
0.137438361679577
-0.549301417650921
-0.89267130731617
-0.291774000401984
0.9958630858427
-0.0771678193612035
-0.763907598691702
0.652493196177451
-0.506380181442765
-0.935592543524326
0.094517125471421
1.33923297550795
-0.12008905556936
-0.506380181442765
-0.592222653859077
0.738335668593763
2.58394882554448
-0.248852764193828
-0.849750071108014
0.43788701513667
-0.720986362483546
-0.806828834899858
-0.935592543524326
0.309123306512202
3.14192489625051
0.394965778928514
-0.506380181442765
3.27068860487498
3.09900366004235
0.0515958892632649
-0.89267130731617
-0.506380181442765
-0.420537709026453
1.21046926688348
-0.806828834899858
-0.635143890067233
-0.420537709026453
0.523729487552982
-0.849750071108014
1.51091792034057
1.08170555825901
1.25339050309164
-0.763907598691702
-0.205931527985672
0.180359597887733
-0.420537709026453
2.84147624279341
-0.806828834899858
-0.377616472818297
3.27068860487498
-0.12008905556936
-0.935592543524326
-0.720986362483546
-0.12008905556936
-0.12008905556936
0.695414432385607
-0.849750071108014
0.309123306512202
-0.163010291777516
-0.806828834899858
1.29631173929979
1.29631173929979
-0.549301417650921
-0.463458945234609
0.781256904801919
-0.763907598691702
1.98305151863029
0.910020613426388
-0.377616472818297
-0.377616472818297
-0.506380181442765
-0.549301417650921
-0.89267130731617
-0.635143890067233
0.266202070304045
0.652493196177451
-0.806828834899858
-0.89267130731617
-0.0771678193612035
0.394965778928514
2.54102758933632
-0.549301417650921
-0.720986362483546
0.180359597887733
-0.935592543524326
0.738335668593763
-0.506380181442765
0.43788701513667
-0.720986362483546
-0.806828834899858
-0.506380181442765
-0.849750071108014
0.266202070304045
-0.763907598691702
-0.635143890067233
0.781256904801919
-0.935592543524326
-0.592222653859077
-0.720986362483546
-0.549301417650921
-0.89267130731617
-0.763907598691702
-0.89267130731617
-0.549301417650921
1.21046926688348
0.0515958892632649
-0.549301417650921
2.49810635312816
-0.420537709026453
-0.678065126275389
-0.935592543524326
0.137438361679577
-0.377616472818297
-0.33469523661014
0.9958630858427
-0.506380181442765
0.094517125471421
-0.935592543524326
3.27068860487498
-0.763907598691702
0.309123306512202
-0.205931527985672
-0.763907598691702
-0.420537709026453
0.480808251344826
-0.935592543524326
0.523729487552982
0.652493196177451
-0.506380181442765
-0.463458945234609
1.42507544792426
-0.720986362483546
1.51091792034057
0.309123306512202
0.43788701513667
-0.935592543524326
0.9958630858427
-0.33469523661014
-0.377616472818297
-0.806828834899858
-0.377616472818297
-0.849750071108014
-0.506380181442765
0.652493196177451
-0.248852764193828
-0.592222653859077
2.66979129796079
0.223280834095889
-0.720986362483546
-0.763907598691702
-0.163010291777516
1.55383915654873
-0.420537709026453
-0.506380181442765
-0.849750071108014
-0.506380181442765
0.523729487552982
-0.592222653859077
0.137438361679577
-0.935592543524326
-0.978513779732482
-0.849750071108014
-0.89267130731617
-0.549301417650921
0.094517125471421
-0.377616472818297
-0.678065126275389
0.9958630858427
-0.592222653859077
-0.720986362483546
-0.377616472818297
-0.12008905556936
-0.463458945234609
-0.506380181442765
1.51091792034057
1.98305151863029
-0.89267130731617
-0.763907598691702
-0.592222653859077
-0.678065126275389
-0.549301417650921
-0.377616472818297
1.16754803067532
-0.935592543524326
-0.763907598691702
1.16754803067532
1.46799668413242
-0.806828834899858
-0.806828834899858
-0.12008905556936
1.76844533758951
-0.592222653859077
-0.0342465831530474
-0.806828834899858
-0.463458945234609
1.03878432205086
-0.763907598691702
-0.420537709026453
1.29631173929979
-0.12008905556936
0.0515958892632649
-0.635143890067233
-0.849750071108014
-0.506380181442765
0.867099377218231
1.55383915654873
0.43788701513667
-0.463458945234609
-0.377616472818297
-0.549301417650921
0.352044542720358
0.609571959969295
-0.506380181442765
0.566650723761138
-0.678065126275389
-0.849750071108014
-1.02143501594064
-0.935592543524326
-0.89267130731617
0.523729487552982
0.0515958892632649
0.394965778928514
-0.849750071108014
1.03878432205086
-0.463458945234609
-0.978513779732482
0.223280834095889
-0.935592543524326
-0.89267130731617
-0.12008905556936
-0.506380181442765
0.738335668593763
-0.763907598691702
1.42507544792426
0.566650723761138
1.85428781000582
-0.549301417650921
-0.89267130731617
-0.592222653859077
-0.89267130731617
2.45518511692001
1.16754803067532
-0.635143890067233
-0.978513779732482
-0.89267130731617
-0.163010291777516
0.266202070304045
-0.89267130731617
-0.0342465831530474
-0.506380181442765
-0.549301417650921
-0.506380181442765
-0.763907598691702
-0.506380181442765
-0.849750071108014
0.0515958892632649
2.24057893587923
-0.377616472818297
-0.420537709026453
-0.0342465831530474
1.33923297550795
0.566650723761138
1.59676039275689
0.566650723761138
-0.420537709026453
0.352044542720358
0.480808251344826
-0.12008905556936
0.566650723761138
-0.806828834899858
-0.89267130731617
-0.420537709026453
0.43788701513667
-0.89267130731617
-0.89267130731617
-0.89267130731617
-0.849750071108014
0.223280834095889
2.97023995141788
-0.806828834899858
0.094517125471421
0.180359597887733
-0.0771678193612035
-0.506380181442765
-0.463458945234609
-0.978513779732482
1.08170555825901
-0.248852764193828
0.0515958892632649
-0.806828834899858
1.25339050309164
0.352044542720358
0.523729487552982
0.43788701513667
-0.248852764193828
-0.12008905556936
-0.0771678193612035
0.480808251344826
2.19765769967107
-0.205931527985672
-0.806828834899858
-0.163010291777516
-0.678065126275389
-0.89267130731617
-0.89267130731617
-0.205931527985672
-0.89267130731617
-0.549301417650921
2.32642140829554
0.352044542720358
0.566650723761138
0.394965778928514
-0.205931527985672
-0.549301417650921
0.223280834095889
-0.678065126275389
-0.592222653859077
3.27068860487498
0.00867465305510869
-0.849750071108014
0.137438361679577
1.12462679446717
-0.763907598691702
1.25339050309164
1.25339050309164
-0.720986362483546
-0.549301417650921
0.309123306512202
0.43788701513667
-0.248852764193828
-0.420537709026453
-0.420537709026453
-0.89267130731617
-0.420537709026453
0.910020613426388
-0.506380181442765
1.81136657379767
-0.720986362483546
0.094517125471421
-0.720986362483546
-0.763907598691702
-0.592222653859077
-0.849750071108014
-0.549301417650921
0.223280834095889
-0.463458945234609
-0.549301417650921
-0.935592543524326
0.00867465305510869
2.71271253416894
-0.420537709026453
0.952941849634544
0.0515958892632649
-0.678065126275389
-0.849750071108014
1.29631173929979
-0.635143890067233
-0.163010291777516
-0.935592543524326
-0.849750071108014
-0.592222653859077
1.94013028242213
-0.463458945234609
-0.763907598691702
2.88439747900157
-0.849750071108014
2.45518511692001
-0.377616472818297
-0.720986362483546
-0.763907598691702
-0.935592543524326
0.309123306512202
-0.89267130731617
0.137438361679577
-0.549301417650921
-0.635143890067233
-0.978513779732482
1.12462679446717
0.352044542720358
0.824178141010075
0.266202070304045
-0.935592543524326
0.609571959969295
-0.978513779732482
-0.935592543524326
-0.849750071108014
0.266202070304045
2.41226388071185
-0.89267130731617
-0.549301417650921
2.84147624279341
-0.635143890067233
-0.291774000401984
-0.720986362483546
2.3693426445037
0.180359597887733
-0.935592543524326
-0.89267130731617
-0.377616472818297
-0.720986362483546
-0.678065126275389
0.394965778928514
-0.806828834899858
0.0515958892632649
-0.635143890067233
-0.0342465831530474
-0.763907598691702
-0.720986362483546
-0.678065126275389
0.781256904801919
-1.02143501594064
-0.806828834899858
-0.806828834899858
-0.89267130731617
-0.763907598691702
1.51091792034057
0.394965778928514
2.19765769967107
0.824178141010075
-0.935592543524326
-0.635143890067233
-0.89267130731617
-0.720986362483546
0.0515958892632649
1.03878432205086
-0.0771678193612035
-0.849750071108014
-0.33469523661014
-0.549301417650921
-0.248852764193828
0.180359597887733
1.42507544792426
0.652493196177451
-0.978513779732482
-0.420537709026453
-0.506380181442765
-0.763907598691702
0.566650723761138
3.27068860487498
-0.635143890067233
1.76844533758951
-0.935592543524326
-0.678065126275389
0.43788701513667
0.652493196177451
0.223280834095889
-0.163010291777516
-0.463458945234609
-0.935592543524326
0.352044542720358
-0.463458945234609
-0.849750071108014
1.51091792034057
0.394965778928514
1.12462679446717
-0.592222653859077
-0.635143890067233
1.21046926688348
-0.849750071108014
-0.806828834899858
-0.806828834899858
0.609571959969295
-0.935592543524326
-0.0771678193612035
0.180359597887733
0.180359597887733
-0.248852764193828
-0.935592543524326
-0.549301417650921
-0.678065126275389
-0.506380181442765
-0.205931527985672
-0.12008905556936
-0.0342465831530474
-0.549301417650921
3.27068860487498
-0.849750071108014
-0.549301417650921
-0.205931527985672
-0.849750071108014
0.352044542720358
0.781256904801919
0.394965778928514
0.309123306512202
-0.377616472818297
-0.678065126275389
0.00867465305510869
-0.549301417650921
-0.720986362483546
-0.763907598691702
-0.678065126275389
-0.205931527985672
-0.291774000401984
-0.463458945234609
-0.978513779732482
-0.763907598691702
-0.377616472818297
-0.549301417650921
-0.806828834899858
-0.978513779732482
-0.763907598691702
1.12462679446717
-0.463458945234609
1.85428781000582
-0.291774000401984
0.480808251344826
-0.205931527985672
1.55383915654873
1.55383915654873
-0.763907598691702
0.137438361679577
-0.635143890067233
-0.0771678193612035
3.27068860487498
-0.506380181442765
-0.935592543524326
-0.89267130731617
-0.33469523661014
-0.0771678193612035
-0.678065126275389
-0.978513779732482
1.85428781000582
-0.678065126275389
-0.420537709026453
0.523729487552982
-0.33469523661014
-0.635143890067233
2.19765769967107
-0.377616472818297
2.54102758933632
-0.89267130731617
0.9958630858427
1.03878432205086
-0.205931527985672
-0.806828834899858
-0.678065126275389
-0.849750071108014
1.25339050309164
-0.635143890067233
-0.763907598691702
-0.635143890067233
0.0515958892632649
0.652493196177451
1.25339050309164
1.21046926688348
-0.678065126275389
1.55383915654873
-0.935592543524326
-0.763907598691702
-0.635143890067233
-0.205931527985672
-0.33469523661014
-0.420537709026453
-0.205931527985672
-0.720986362483546
2.0688939910466
-0.720986362483546
0.137438361679577
-0.89267130731617
0.910020613426388
-0.377616472818297
-0.463458945234609
0.094517125471421
-0.763907598691702
1.63968162896504
1.25339050309164
-0.635143890067233
1.08170555825901
-0.635143890067233
1.72552410138135
-0.978513779732482
1.12462679446717
-0.935592543524326
0.00867465305510869
-0.0342465831530474
0.609571959969295
-0.0342465831530474
0.738335668593763
-0.806828834899858
-0.248852764193828
-0.935592543524326
-0.635143890067233
-0.806828834899858
-0.720986362483546
-0.720986362483546
2.45518511692001
-0.849750071108014
-0.935592543524326
-0.377616472818297
1.76844533758951
2.66979129796079
-0.506380181442765
1.42507544792426
-0.33469523661014
-0.248852764193828
-0.33469523661014
0.00867465305510869
0.867099377218231
-0.763907598691702
-0.33469523661014
-0.678065126275389
3.27068860487498
-0.420537709026453
1.33923297550795
-0.463458945234609
-0.0771678193612035
0.223280834095889
-0.806828834899858
-0.33469523661014
-0.635143890067233
-0.291774000401984
-0.377616472818297
-0.420537709026453
0.43788701513667
0.137438361679577
-0.291774000401984
0.094517125471421
-0.720986362483546
-0.935592543524326
3.05608242383419
-0.549301417650921
-0.89267130731617
-0.89267130731617
-0.205931527985672
0.43788701513667
-0.549301417650921
1.25339050309164
-0.849750071108014
-0.12008905556936
0.566650723761138
-0.248852764193828
-0.377616472818297
2.7556337703771
-0.163010291777516
-0.0771678193612035
-0.763907598691702
-0.678065126275389
-0.549301417650921
0.609571959969295
-0.678065126275389
0.223280834095889
0.523729487552982
-0.635143890067233
-0.592222653859077
-0.806828834899858
-0.0342465831530474
-0.377616472818297
0.266202070304045
-0.89267130731617
-0.205931527985672
-0.849750071108014
-0.377616472818297
-0.978513779732482
-0.678065126275389
1.12462679446717
-0.33469523661014
-0.33469523661014
-0.0771678193612035
-0.678065126275389
-0.420537709026453
-0.806828834899858
0.738335668593763
-0.635143890067233
0.094517125471421
1.85428781000582
-0.806828834899858
-0.291774000401984
0.223280834095889
1.29631173929979
-0.592222653859077
1.6826028651732
-0.163010291777516
0.223280834095889
0.137438361679577
-0.463458945234609
-0.33469523661014
0.352044542720358
-0.549301417650921
-0.463458945234609
0.223280834095889
-0.635143890067233
-0.678065126275389
-0.291774000401984
-0.291774000401984
-0.935592543524326
-0.506380181442765
-0.849750071108014
-0.89267130731617
-0.420537709026453
-0.849750071108014
-0.849750071108014
-0.763907598691702
-0.163010291777516
-0.678065126275389
1.38215421171611
-0.420537709026453
-0.506380181442765
-0.33469523661014
-0.33469523661014
-0.377616472818297
-0.163010291777516
-0.763907598691702
-0.248852764193828
-0.0342465831530474
-0.248852764193828
0.094517125471421
-0.549301417650921
-0.849750071108014
1.03878432205086
-0.89267130731617
0.266202070304045
3.27068860487498
0.43788701513667
-0.592222653859077
-0.935592543524326
-0.935592543524326
0.352044542720358
0.910020613426388
1.55383915654873
1.94013028242213
0.266202070304045
-0.849750071108014
-0.205931527985672
2.19765769967107
1.25339050309164
-0.0771678193612035
0.266202070304045
-0.849750071108014
1.21046926688348
-0.635143890067233
-0.678065126275389
0.0515958892632649
-0.849750071108014
-0.33469523661014
0.180359597887733
-0.720986362483546
-0.89267130731617
1.38215421171611
-0.420537709026453
-0.420537709026453
-0.935592543524326
-0.849750071108014
-0.205931527985672
-0.635143890067233
0.910020613426388
-0.0342465831530474
-0.205931527985672
1.03878432205086
