7
3
22
29
26
20
18
6
9
16
23
6
12
9
4
12
4
6
10
7
7
20
7
34
4
15
5
18
29
14
2
28
21
3
6
4
14
10
11
6
23
9
9
12
11
15
10
25
4
9
8
13
27
19
12
17
9
11
11
29
20
12
5
6
3
28
5
9
16
18
31
2
13
7
3
10
16
22
7
17
6
3
12
13
1
5
8
16
19
10
6
26
4
3
8
4
5
7
1
3
3
5
19
3
4
13
15
19
4
7
12
24
26
19
8
19
8
18
7
32
3
14
6
13
14
11
7
5
33
5
4
27
20
24
7
3
18
4
17
8
27
3
33
9
24
14
6
6
16
7
11
5
19
4
3
12
6
6
14
6
19
9
2
13
26
9
6
13
10
30
14
12
6
2
3
14
14
4
18
5
28
10
4
17
17
2
7
23
4
23
9
10
30
8
3
29
5
5
13
5
5
4
3
28
4
18
3
4
10
5
14
20
3
16
7
13
14
16
3
4
15
22
3
16
15
24
5
22
3
9
6
2
7
14
3
3
8
12
22
4
12
12
7
4
5
2
15
4
9
4
26
24
26
3
5
3
7
10
9
22
19
26
4
7
12
7
12
6
4
5
16
8
3
9
23
11
17
14
33
14
2
11
9
15
12
6
17
5
21
7
2
22
5
5
5
8
38
19
6
5
12
10
3
10
20
13
5
17
4
16
23
7
9
24
19
12
3
9
26
3
15
4
26
25
11
12
17
10
7
6
