-0.5961293
-1.095426
1.276231
2.150000
1.775527
1.026583
0.776935
-0.7209534
-0.3464813
0.527287
1.401055
-0.7209534
0.02799085
-0.3464813
-0.9706015
0.02799085
-0.9706015
-0.7209534
-0.2216572
-0.5961293
-0.5961293
1.026583
-0.5961293
2.774120
-0.9706015
0.402463
-0.8457774
0.776935
2.150000
0.2776389
-1.220250
2.025175
1.151407
-1.095426
-0.7209534
-0.9706015
0.2776389
-0.2216572
-0.0968332
-0.7209534
1.401055
-0.3464813
-0.3464813
0.02799085
-0.0968332
0.402463
-0.2216572
1.650703
-0.9706015
-0.3464813
-0.4713053
0.1528149
1.900351
0.9017591
0.02799085
0.652111
-0.3464813
-0.0968332
-0.0968332
2.150000
1.026583
0.02799085
-0.8457774
-0.7209534
-1.095426
2.025175
-0.8457774
-0.3464813
0.527287
0.776935
2.399648
-1.220250
0.1528149
-0.5961293
-1.095426
-0.2216572
0.527287
1.276231
-0.5961293
0.652111
-0.7209534
-1.095426
0.02799085
0.1528149
-1.345074
-0.8457774
-0.4713053
0.527287
0.9017591
-0.2216572
-0.7209534
1.775527
-0.9706015
-1.095426
-0.4713053
-0.9706015
-0.8457774
-0.5961293
-1.345074
-1.095426
-1.095426
-0.8457774
0.9017591
-1.095426
-0.9706015
0.1528149
0.402463
0.9017591
-0.9706015
-0.5961293
0.02799085
1.525879
1.775527
0.9017591
-0.4713053
0.9017591
-0.4713053
0.776935
-0.5961293
2.524472
-1.095426
0.2776389
-0.7209534
0.1528149
0.2776389
-0.0968332
-0.5961293
-0.8457774
2.649296
-0.8457774
-0.9706015
1.900351
1.026583
1.525879
-0.5961293
-1.095426
0.776935
-0.9706015
0.652111
-0.4713053
1.900351
-1.095426
2.649296
-0.3464813
1.525879
0.2776389
-0.7209534
-0.7209534
0.527287
-0.5961293
-0.0968332
-0.8457774
0.9017591
-0.9706015
-1.095426
0.02799085
-0.7209534
-0.7209534
0.2776389
-0.7209534
0.9017591
-0.3464813
-1.220250
0.1528149
1.775527
-0.3464813
-0.7209534
0.1528149
-0.2216572
2.274824
0.2776389
0.02799085
-0.7209534
-1.220250
-1.095426
0.2776389
0.2776389
-0.9706015
0.776935
-0.8457774
2.025175
-0.2216572
-0.9706015
0.652111
0.652111
-1.220250
-0.5961293
1.401055
-0.9706015
1.401055
-0.3464813
-0.2216572
2.274824
-0.4713053
-1.095426
2.150000
-0.8457774
-0.8457774
0.1528149
-0.8457774
-0.8457774
-0.9706015
-1.095426
2.025175
-0.9706015
0.776935
-1.095426
-0.9706015
-0.2216572
-0.8457774
0.2776389
1.026583
-1.095426
0.527287
-0.5961293
0.1528149
0.2776389
0.527287
-1.095426
-0.9706015
0.402463
1.276231
-1.095426
0.527287
0.402463
1.525879
-0.8457774
1.276231
-1.095426
-0.3464813
-0.7209534
-1.220250
-0.5961293
0.2776389
-1.095426
-1.095426
-0.4713053
0.02799085
1.276231
-0.9706015
0.02799085
0.02799085
-0.5961293
-0.9706015
-0.8457774
-1.220250
0.402463
-0.9706015
-0.3464813
-0.9706015
1.775527
1.525879
1.775527
-1.095426
-0.8457774
-1.095426
-0.5961293
-0.2216572
-0.3464813
1.276231
0.9017591
1.775527
-0.9706015
-0.5961293
0.02799085
-0.5961293
0.02799085
-0.7209534
-0.9706015
-0.8457774
0.527287
-0.4713053
-1.095426
-0.3464813
1.401055
-0.0968332
0.652111
0.2776389
2.649296
0.2776389
-1.220250
-0.0968332
-0.3464813
0.402463
0.02799085
-0.7209534
0.652111
-0.8457774
1.151407
-0.5961293
-1.220250
1.276231
-0.8457774
-0.8457774
-0.8457774
-0.4713053
3.273416
0.9017591
-0.7209534
-0.8457774
0.02799085
-0.2216572
-1.095426
-0.2216572
1.026583
0.1528149
-0.8457774
0.652111
-0.9706015
0.527287
1.401055
-0.5961293
-0.3464813
1.525879
0.9017591
0.02799085
-1.095426
-0.3464813
1.775527
-1.095426
0.402463
-0.9706015
1.775527
1.650703
-0.0968332
0.02799085
0.652111
-0.2216572
-0.5961293
-0.7209534
