2 3 2 6 669.34 42
3 3 1 2 55.7 6
3 7 3 4 1.06 0
2 7 7 5 81.78 3
1 4 5 5 200.68 14
5 7 3 2 1.88 0
3 5 2 6 64.73 6
2 2 5 7 176.7 10
4 4 5 8 84.36 7
2 4 6 4 347.66 10
3 2 6 5 233.04 14
3 3 6 5 285.97 13
2 1 4 7 107.37 9
2 6 2 7 86.44 4
1 1 4 1 318.48 29
2 4 1 8 44.59 8
1 3 1 6 859.95 64
3 5 4 2 28.66 1
3 2 7 2 1778.53 97
2 2 2 5 168.09 33
2 3 7 4 917.17 19
1 7 1 8 1.04 0
1 2 6 5 260.69 14
4 2 3 1 126.64 11
2 2 2 3 52.69 11
1 6 7 2 606.55 16
4 4 4 3 56.09 3
2 1 5 5 149.71 15
2 7 6 9 453.04 9
1 2 3 8 13.3 1
3 7 7 5 37.96 1
3 5 1 4 12.55 1
4 7 4 2 3.47 0
1 3 3 6 463.6 20
2 2 1 4 434.05 45
3 7 7 9 1720.36 57
3 6 7 3 1078.25 32
2 5 7 4 207.66 6
4 6 7 7 314.96 7
2 3 7 7 2416.4 83
2 6 6 8 137.44 5
5 4 4 5 34.38 1
1 2 4 1 320.47 16
3 5 2 5 23.38 5
2 1 1 1 638.51 148
1 5 4 3 9.31 1
4 6 6 8 84.33 2
4 5 2 4 3.6 0
1 3 6 3 119.17 2
3 2 6 3 318.67 21
1 6 7 7 914.58 27
3 1 7 8 306 7
5 3 7 3 676.38 28
2 6 1 6 444.98 50
5 6 4 9 393 24
2 2 1 2 98.43 22
2 5 3 9 1710.73 101
4 6 4 1 103.11 8
5 1 6 6 47.19 4
2 3 2 4 422.88 17
2 6 7 2 1358.02 47
5 1 1 1 39.38 8
5 5 3 3 3.24 1
3 2 7 4 257.82 12
2 3 6 6 834.26 38
1 5 6 7 92.99 5
3 3 3 9 2786.03 190
5 4 1 7 16.11 4
5 2 2 3 29.54 3
4 3 1 8 5.77 0
1 5 5 6 141.81 2
5 6 6 7 25.64 1
3 7 5 4 3.56 0
5 6 7 4 19.5 1
4 2 5 2 67.63 8
5 1 5 2 65.64 10
1 3 2 4 1187.43 30
4 2 5 9 1305.83 99
2 1 7 3 1538.74 49
4 1 6 1 344.68 32
2 1 6 4 210.91 4
5 6 3 6 38.64 2
5 1 6 8 55.74 8
3 7 2 2 3.27 0
1 7 2 5 2.1 0
5 7 2 2 0.72 0
3 2 7 1 6206.24 291
5 6 2 6 31.15 2
5 5 3 6 9.01 0
2 1 3 7 88.04 11
5 7 7 1 51.24 1
5 6 7 9 6392.6 317
1 3 3 1 357.43 18
5 5 2 4 0.1 0
4 4 6 8 179.44 15
4 4 3 5 49.59 6
3 7 6 4 6.03 0
3 2 2 1 304.17 33
5 6 6 8 102.98 7
1 5 7 1 2257.49 80
4 3 1 1 70.13 12
2 5 1 3 14.58 1
3 2 4 2 115.52 13
3 1 6 6 303.79 20
4 1 2 1 77.53 6
3 4 2 9 5179.78 407
1 5 6 9 3251.89 165
1 7 4 9 225.35 5
5 2 7 1 1110.45 65
5 3 7 2 520.94 29
5 1 3 6 18.96 1
3 1 1 8 12.91 3
3 1 5 1 480.43 41
4 1 4 9 766.14 71
4 6 6 4 6.7 0
1 5 2 3 4.2 0
2 2 1 8 25.01 5
2 6 4 3 28.52 0
3 1 4 9 2419.59 209
2 1 6 2 329.74 29
2 7 4 5 6.14 1
2 1 3 4 234.48 13
1 2 2 8 17.88 1
2 7 1 6 20.84 4
4 3 2 7 19.31 4
4 1 6 7 51.85 3
4 7 5 4 1.36 0
2 1 6 8 56.96 9
4 6 1 4 2.32 0
4 1 5 3 48.99 7
3 7 6 6 13.08 1
4 5 5 4 0.75 0
2 5 6 9 3457.83 162
2 1 6 7 269.81 9
3 3 5 7 130.94 9
1 4 4 1 573.86 29
2 3 5 2 172.42 12
5 4 5 5 50.41 2
2 6 3 4 106.79 3
4 6 2 1 93.52 11
5 5 2 1 17.77 0
4 5 1 7 1.14 0
5 2 6 9 2109.22 172
4 4 4 7 50.19 3
5 2 2 7 11.17 1
2 6 3 6 372.07 10
3 7 1 1 3.39 1
5 4 6 7 107.83 8
1 2 4 9 4957.56 269
1 4 3 4 1447.58 25
5 7 5 3 1.1 0
4 6 1 3 7.13 1
2 1 5 3 137.19 6
2 5 5 3 32.05 0
5 3 1 8 4.46 2
3 3 2 1 354.49 43
3 1 6 3 300.23 47
2 4 4 2 229.51 8
4 2 5 3 44.13 1
4 5 2 1 22.43 1
4 1 5 4 10.91 1
1 1 3 8 17.86 3
2 1 6 5 336.02 30
3 6 6 7 136.87 11
5 6 1 3 3.22 1
1 4 4 5 135.49 6
2 4 6 1 3057.73 116
3 4 2 3 61.91 2
2 2 7 7 2125.92 91
5 4 7 7 542.86 23
4 1 3 7 18.59 1
4 1 2 6 32.02 3
1 5 2 9 2694.25 174
5 2 3 7 13.41 1
2 4 1 6 1295.44 109
2 1 1 4 398.58 55
3 7 1 5 1.34 1
5 4 6 5 133.59 13
5 5 5 9 234 22
5 1 1 2 33.22 14
2 2 6 4 192.9 7
2 1 5 9 5373.06 363
5 6 3 5 10.67 1
2 2 2 2 117.12 19
2 3 5 9 6442.14 324
3 1 2 3 69.26 14
3 7 7 3 29.99 1
3 3 1 7 37.76 5
3 3 6 1 1211.8 55
3 2 1 8 15.44 4
5 7 4 2 1.2 0
1 2 6 2 175.14 10
2 7 5 6 17.21 0
5 2 3 3 28.18 3
4 7 2 5 0.5 0
5 4 6 8 242.78 15
2 3 4 1 679.01 38
3 1 1 9 2375.34 456
5 6 3 1 63.63 2
1 4 4 2 103.82 4
3 6 2 8 26.94 2
4 4 3 1 324.35 21
2 4 1 1 1493.99 226
2 3 7 3 2180.19 59
3 2 1 7 41.12 7
5 6 6 5 39.6 1
5 4 1 3 32.35 2
1 1 4 9 4263.09 300
2 6 1 1 572.91 85
2 2 6 2 358.55 22
5 2 7 9 8729.83 517
4 4 6 9 5553.54 255
1 3 2 3 22.59 3
1 1 7 9 48264.64 1875
1 2 6 6 593.18 17
2 4 3 5 280.1 23
4 4 1 3 30.77 5
4 6 1 7 7.17 2
1 4 4 4 970.81 20
3 6 4 6 163.02 7
5 3 5 3 48.59 6
1 5 4 5 27.77 4
4 7 7 6 38.27 0
4 4 4 9 1907.97 101
3 3 4 5 93.52 3
3 5 3 9 696.56 44
1 1 7 2 659.54 24
5 4 7 6 1291.12 50
3 7 7 1 288.36 12
1 1 3 7 66.36 9
5 3 7 6 523.39 14
3 2 5 8 49.52 1
3 3 3 6 250.19 20
3 1 1 3 60.42 8
5 6 2 2 8.04 0
2 6 7 6 3172.45 55
5 4 7 1 2946.7 122
1 3 4 3 27.97 0
3 7 5 6 13.81 0
5 7 3 9 23.65 2
4 4 5 1 481.3 30
3 4 1 6 395.86 34
2 3 6 4 193.65 6
5 4 1 6 50.65 5
1 1 4 8 12.74 0
4 3 6 4 17.48 0
2 7 7 6 193.89 3
3 2 1 2 52.01 6
4 3 7 8 470.4 22
1 1 5 6 232.55 11
2 5 4 7 50.32 5
1 2 7 5 1289.09 53
2 2 4 4 198.46 6
2 7 3 7 8.4 1
1 7 7 7 46.47 0
3 7 1 9 78.57 6
1 4 6 3 234.01 8
2 4 7 4 1818.17 33
5 7 7 4 2.35 0
4 6 1 2 8.18 0
4 6 7 5 335.13 16
3 2 3 9 2607.48 222
3 6 2 7 48.04 6
5 6 5 8 32.78 0
4 6 1 9 282.66 22
3 6 5 4 23.74 0
3 1 1 7 24.92 4
3 6 1 8 15.77 4
2 6 2 1 503.2 51
4 2 6 5 91.55 8
3 6 5 2 84.29 6
5 3 7 1 1291.25 41
1 4 3 7 153.11 5
5 1 1 6 10.55 2
2 1 2 7 94.39 8
2 3 1 8 23.45 2
4 3 1 9 499.28 52
1 4 4 3 49.14 2
4 3 4 4 9.02 0
2 7 1 2 3.06 0
3 2 3 6 211.42 12
1 1 6 4 517.31 16
5 2 7 5 254.68 20
5 1 7 9 5539.09 416
4 3 4 1 181.06 9
4 7 3 1 3.23 0
3 2 2 6 201.2 13
1 5 7 3 300.78 9
2 4 7 2 4430.43 153
5 6 4 1 69.43 11
1 4 2 5 189.27 17
4 4 1 2 26.09 0
4 2 4 2 41.49 3
3 1 5 5 102.56 3
5 3 4 7 12.37 1
2 2 3 7 139.62 9
3 3 6 8 140.81 11
5 1 1 5 5.83 1
2 4 2 7 250.94 18
2 5 1 7 40.3 5
2 7 4 9 258.15 5
5 3 7 4 35.33 2
2 2 4 6 390.18 15
1 1 5 7 81.27 3
4 6 6 5 64.77 3
3 7 4 7 1.9 3
4 7 6 1 18.06 0
2 5 4 4 35.98 1
3 2 1 4 72.26 10
1 4 7 7 3252.99 86
5 5 1 8 2.49 1
4 6 4 3 18.18 1
1 3 2 2 54.58 8
2 4 4 6 873.94 33
4 3 1 6 47.61 5
3 1 6 1 1110.72 84
2 7 5 9 267.12 8
5 5 4 6 13 0
2 3 1 4 461.44 33
2 5 5 1 290.33 17
2 6 5 2 96.83 4
2 1 3 2 121.49 17
5 1 6 5 42.25 4
2 2 6 3 286.92 14
3 2 5 4 37.92 2
2 4 6 9 19012.21 728
2 5 7 2 606.13 27
4 6 3 6 58.02 3
2 3 4 5 155.48 8
2 1 5 8 29.02 2
3 4 5 6 575.18 17
5 5 5 3 21.19 1
3 7 2 6 10.07 0
3 6 4 3 28 0
2 2 2 6 523.36 22
4 4 3 7 48.55 5
1 6 2 3 14.01 0
3 5 2 3 9.1 0
5 5 4 8 11.07 0
1 1 5 3 53.81 5
1 5 3 1 122.86 8
1 2 3 2 64.53 4
4 4 5 6 228.49 12
1 4 1 8 48.77 4
3 5 7 5 367.21 21
4 5 5 6 25.69 0
1 1 2 8 15.25 2
2 7 7 2 126.12 1
2 6 1 3 23.13 1
2 3 5 6 515.69 17
3 2 6 9 7232.56 477
1 4 7 8 768.54 23
3 5 4 1 122.77 6
1 4 2 4 2037.95 48
2 5 5 5 77.17 5
5 6 1 7 6.17 0
3 4 2 1 759.38 75
3 5 3 6 69.25 4
2 5 4 6 151.72 7
2 4 6 5 722.62 37
1 3 7 6 4964 121
2 1 7 4 806 31
2 4 5 5 390.21 15
3 4 2 8 33.05 3
2 4 3 2 177.33 5
3 5 5 8 29.33 1
2 3 2 1 700.59 74
2 6 5 5 122.15 12
1 3 5 4 517.24 8
2 5 3 1 231.22 23
2 7 2 4 22.69 1
5 4 2 6 106.18 7
3 3 1 8 14.17 1
4 4 5 3 93.2 4
5 1 5 6 22.92 1
3 4 3 4 120.58 3
2 3 7 1 10469.92 325
4 3 3 7 18.55 3
3 1 2 8 13.03 0
3 1 1 4 60.89 10
5 4 5 2 104.4 5
2 7 5 4 8.92 0
1 2 1 9 11381 1326
3 4 1 3 52.97 5
1 7 2 2 3.41 0
2 2 7 9 54421.4 2087
3 6 1 1 187.75 35
2 3 3 3 55.59 0
5 1 1 8 8.91 4
4 6 2 7 10.96 1
2 5 1 6 182.69 15
1 3 3 3 18 0
4 1 4 7 16.77 0
4 2 4 1 138.08 16
1 7 5 3 1.69 0
4 3 6 2 135.72 14
4 6 4 2 22.01 0
4 7 3 2 1.61 0
4 7 2 7 0.2 0
3 5 1 7 10.26 4
5 4 1 5 19.48 2
5 4 3 6 106.79 5
4 1 2 2 29.09 5
1 3 2 1 317.1 25
2 7 6 4 8.68 0
2 2 2 4 408.69 22
4 6 4 7 19.28 2
4 1 7 6 395.47 10
1 1 3 5 73.48 6
2 3 1 7 142 14
4 2 6 2 166.21 17
3 6 1 2 24.04 4
4 2 4 9 903.99 70
1 5 3 9 1993.33 117
5 2 4 5 14.32 0
3 1 3 8 16.35 3
4 3 3 8 7.26 0
3 6 4 7 58.78 5
5 5 6 2 21.61 2
2 4 3 8 61.36 6
3 7 6 1 31.22 2
3 5 6 4 13.33 0
4 6 4 9 525.48 29
1 5 5 2 23.75 2
5 1 4 5 16.54 1
2 1 2 1 605.01 86
5 2 5 6 38.73 3
1 4 4 9 8785.71 291
3 1 4 7 59.11 2
4 7 1 7 0.6 0
4 7 2 1 3.7 0
1 2 2 7 93.29 8
3 5 6 2 79.26 10
5 1 1 9 643.63 172
5 1 7 7 102.4 5
4 5 1 3 1.93 0
2 2 3 4 294.06 14
2 4 4 4 364.11 11
5 4 6 1 541.77 32
4 2 7 2 708.77 43
2 4 4 9 9689.88 445
5 5 2 8 3.41 0
3 5 2 7 15.78 0
1 3 5 5 136.08 8
2 1 1 9 6792.88 1410
3 3 5 9 3795.31 233
1 1 2 1 314.58 45
1 6 5 7 64.53 3
5 6 6 6 75.36 2
4 4 2 4 35.07 2
5 4 6 2 215.82 6
2 1 3 6 318.69 21
1 3 3 5 119.21 6
2 2 3 8 28.91 2
1 5 7 5 583.99 18
2 4 4 7 241.3 12
5 5 5 6 10.81 0
1 5 1 2 15.53 2
1 3 7 9 65617.47 1865
5 4 1 8 15.57 1
5 4 4 8 56.83 2
2 5 3 7 46.96 4
1 4 2 9 14648.2 645
4 7 5 2 1.5 0
1 4 7 9 127687.2 2894
3 4 1 1 559.52 82
3 6 3 7 46.17 0
1 7 6 4 36.23 1
4 5 2 5 4.65 0
4 6 3 3 9.16 2
1 5 4 9 1592.59 74
4 5 3 8 1.86 0
3 6 4 2 44.31 5
1 3 6 4 639.97 12
5 2 1 4 6.92 2
2 7 3 3 1.96 0
3 4 6 6 969.68 40
5 7 2 6 1.32 0
4 2 5 5 37.01 2
1 3 6 8 53.41 3
4 7 3 5 0.7 0
2 6 1 4 197.5 8
3 3 6 4 69.85 4
5 7 5 4 0.34 0
1 6 6 6 424.38 12
1 1 7 7 1111 37
2 6 7 4 417.82 9
5 1 4 7 9.94 1
2 5 6 6 265.29 11
3 7 5 8 1.16 0
1 7 5 8 0.9 0
1 6 2 2 33.6 2
4 3 1 3 23.46 2
4 5 6 2 30.74 1
4 4 2 1 269.84 31
1 2 1 2 72.78 5
4 1 3 9 729.62 88
4 2 6 4 16.52 1
3 4 5 7 240.02 14
4 1 6 4 15 0
2 6 6 2 209.98 6
2 2 6 6 710.28 32
2 1 4 1 597.21 55
3 1 2 7 42.93 3
4 3 5 7 40.18 5
5 4 4 1 230.03 9
4 5 1 6 12.36 2
1 2 6 4 601.61 16
2 7 5 5 4.96 0
2 6 4 9 2926.5 138
1 3 6 6 740.33 24
5 6 7 7 147.94 7
1 1 6 6 482.96 19
1 2 7 4 3293.99 60
3 3 7 2 1681.52 71
2 3 4 9 5496.81 323
1 7 7 2 50.12 1
3 7 1 8 0.15 0
4 2 1 2 18.13 3
2 6 4 4 92.99 2
2 3 7 5 2435.19 86
1 3 1 2 67.13 9
1 1 1 5 191.01 40
1 4 1 3 55.08 3
5 1 7 4 21.22 1
3 5 7 2 457.25 25
5 7 6 1 8.47 0
5 3 1 3 17.73 3
2 6 3 3 22.76 0
2 3 7 2 2071.24 68
4 5 1 4 0.13 0
3 5 5 6 88.3 2
1 5 5 9 1752.09 86
2 5 3 2 32.05 1
3 2 7 5 1214.18 67
1 7 4 2 2.31 1
5 7 5 5 0.7 0
5 5 5 8 12.05 0
4 6 3 5 11.33 1
3 5 1 5 16.22 1
4 2 3 7 26.02 3
1 6 7 8 347.4 15
1 7 2 7 2.22 0
1 5 1 7 47.82 6
3 6 3 5 54.01 4
4 5 4 2 9.24 1
2 4 4 5 318.83 12
3 3 5 3 107.24 6
1 1 3 1 309.98 24
1 2 7 2 852.8 33
3 5 7 6 633.37 19
3 4 3 2 140.89 6
5 1 4 6 20.67 3
1 1 7 8 166.61 6
2 4 2 6 1299.16 65
1 2 1 3 33.23 7
4 2 2 3 17.27 1
2 4 3 6 1084.19 46
2 6 1 2 44.41 2
3 6 3 4 30.88 0
5 3 3 4 5.58 0
1 6 2 6 436.38 14
3 1 3 5 60.44 8
4 6 5 3 31.2 1
3 5 5 2 39.3 2
2 6 5 9 3279.28 146
5 1 6 9 1623.22 154
1 6 1 2 38.25 3
2 6 2 6 455.65 33
2 1 3 1 599.51 78
4 1 3 4 12.01 1
5 4 6 6 226.28 10
1 3 2 8 21.56 1
1 1 4 4 374.28 20
1 5 6 4 177.67 4
3 2 2 4 74.01 1
2 2 2 1 638.08 83
2 7 3 6 18.54 1
2 4 6 7 656.37 17
4 7 5 3 0.2 0
2 7 7 4 59.08 1
3 3 4 7 93.86 6
2 7 6 7 13.38 0
5 6 7 2 313.49 18
1 3 4 1 338.37 19
1 1 7 1 5430.48 214
3 4 6 7 483.93 22
3 4 6 5 520.21 26
1 4 5 9 9849.89 324
3 1 1 5 53.3 10
3 1 4 4 44.78 0
5 1 3 2 36.47 8
3 1 1 6 104.58 13
1 3 5 8 26.11 1
3 7 2 1 19.19 0
2 7 7 8 31.36 1
5 2 4 3 26.66 1
4 4 4 8 55.6 4
4 7 2 4 1.76 0
5 5 6 7 13.65 3
4 5 7 8 149.13 3
4 7 6 5 2.7 1
2 6 7 7 1369.78 54
4 6 4 4 3.26 0
5 1 2 3 40.44 6
5 6 4 2 13.47 1
4 3 6 6 143.88 11
2 3 1 2 88.45 10
1 3 4 4 571.94 23
4 3 4 5 31.21 6
4 2 3 4 16.24 0
4 4 7 6 2288.5 62
5 4 4 4 12.54 1
2 7 3 8 0.35 0
2 5 6 2 128.85 8
4 1 2 5 18.74 3
2 1 4 5 111.64 11
1 6 4 7 45.35 4
4 6 1 5 8.74 2
1 2 6 9 9830.72 413
3 3 2 2 56.21 7
4 2 2 4 14.44 0
1 5 2 8 12.15 1
2 3 2 5 177.47 27
5 7 3 5 0.04 0
2 1 2 6 349.2 27
2 2 7 6 3817.88 96
2 2 3 5 154.39 20
3 2 3 8 21.15 1
4 7 6 7 2.85 0
5 2 4 1 75.09 3
1 3 7 4 3712.23 67
5 3 5 1 149.79 8
3 6 7 1 4739.07 156
5 4 2 4 11.9 1
2 3 5 3 104.52 4
4 2 7 9 12169.67 598
3 1 6 2 327.3 32
5 1 4 8 21.16 3
5 5 2 5 6.13 1
4 4 2 2 44.88 4
1 1 3 3 32.02 3
4 6 2 6 70.7 3
5 5 3 8 10.94 2
3 7 5 5 7.44 0
2 1 1 6 354.26 48
3 6 7 2 1134.37 45
2 6 7 1 6871.94 219
3 7 2 9 111.66 10
1 2 4 7 72.05 3
5 2 5 1 122 2
1 7 1 2 4.05 0
4 4 6 2 284.51 12
2 2 3 9 5783.55 453
1 5 4 8 7.77 1
1 3 2 6 617.11 40
5 2 1 9 451.09 87
3 3 2 7 55.78 6
4 5 5 2 13.54 0
3 7 6 7 10.27 0
5 3 5 2 58.08 5
2 1 2 3 94.57 12
2 5 2 6 208.24 12
2 5 6 4 43.29 1
4 7 3 6 5.43 1
4 5 6 3 38.5 3
1 2 4 5 72.4 7
5 7 5 1 5.98 2
4 1 2 3 36.39 6
2 2 4 7 120.11 9
1 3 3 8 14.21 1
5 7 7 9 384.87 16
1 4 6 5 481.63 16
1 6 3 9 3558.48 131
1 2 1 4 1544.55 101
2 6 3 1 507.75 35
4 6 3 8 11.8 1
4 5 3 2 10.98 1
1 1 7 3 657.34 22
2 1 7 2 1407.85 67
1 3 3 2 62.87 3
4 7 6 3 4.06 1
3 4 4 1 930.38 53
1 7 1 9 560.17 38
5 1 2 9 697.77 122
4 5 7 1 593.04 21
5 4 3 5 35.34 1
3 5 1 8 8.14 0
1 6 1 5 134.82 31
4 6 2 2 7.56 0
2 3 6 8 126.83 8
1 7 6 2 7.55 2
5 2 4 4 4.81 0
5 5 2 6 5.16 0
5 6 3 4 2.3 0
4 6 2 5 11.91 3
5 2 6 5 64.51 7
5 2 1 7 5.5 0
1 2 3 3 27.24 2
3 6 5 8 61.13 3
2 1 4 8 23.1 3
5 2 4 6 38.4 1
4 3 5 8 38.26 0
3 1 2 6 139.64 9
2 4 3 3 107.04 4
2 1 4 2 129.44 7
5 7 2 1 2.25 0
5 3 2 3 27.4 3
3 2 6 7 229.04 16
4 6 5 1 129.17 5
1 4 1 4 2751.7 98
4 7 1 1 2.25 0
2 1 6 6 576.63 24
5 2 7 3 611.99 34
5 5 3 1 20.03 0
4 7 5 8 1.28 0
5 1 3 7 8.71 2
5 3 3 8 11.92 0
4 5 3 1 28.65 3
2 3 3 5 162.92 17
5 5 2 7 2.39 0
5 2 3 6 22.94 1
1 5 5 7 44.08 3
3 2 5 1 577.94 44
1 5 6 1 394.91 9
4 4 3 6 164.43 15
5 6 6 9 1203.01 65
5 2 6 4 5.76 0
1 7 4 4 27.66 0
2 1 5 4 156.34 11
1 3 3 7 104.36 6
2 2 4 5 151.85 10
5 2 3 1 71.9 8
1 2 2 6 470.62 30
4 4 3 8 28.33 2
2 3 4 4 173.48 11
1 2 5 3 46.27 2
4 7 3 9 31.66 3
4 3 5 4 12.63 0
4 6 7 4 35.59 1
3 6 4 1 300.59 17
4 6 6 1 269.86 15
4 6 4 5 15.31 2
1 1 2 7 70.44 7
4 5 6 1 136.9 12
5 4 6 4 11.39 0
5 6 2 3 10.73 0
5 2 7 8 389.67 20
5 3 5 7 23.38 2
3 7 6 2 14.4 0
3 2 3 4 67.62 4
4 3 6 1 502.26 23
3 1 5 6 159.79 15
2 2 1 6 516.01 51
4 4 5 4 21.78 1
3 3 5 4 53.95 2
2 3 1 1 703.88 120
4 7 6 4 2.81 0
1 2 7 7 1369.91 35
5 1 3 4 4.03 0
1 1 7 5 1119.12 41
2 7 1 4 28.33 1
4 5 1 2 3.98 2
1 5 1 4 454.21 15
1 5 4 2 16.48 1
2 2 6 5 398.56 21
5 4 5 4 10.46 0
1 7 5 9 278.75 13
5 7 1 9 14.77 2
5 2 2 1 53.04 10
5 7 3 7 0.58 0
4 5 7 2 158.87 11
1 4 6 2 298.73 5
5 5 4 1 20.61 3
4 1 7 2 567.56 35
4 7 6 8 1.58 0
3 1 4 1 336.16 29
4 3 1 4 11.23 1
3 6 4 4 19.33 0
4 6 6 7 52.7 5
2 7 7 1 420.95 7
4 7 4 1 4.29 1
4 3 6 8 82.11 4
1 6 2 4 563.21 7
1 3 3 4 849.23 25
1 2 5 6 316.15 11
5 6 2 7 9.18 1
1 6 4 3 15.77 0
3 1 4 3 75.71 3
5 3 5 9 1054.73 69
4 1 7 8 163.53 8
1 7 3 6 13.92 1
3 3 3 4 71.03 2
2 1 7 6 2848.53 111
4 7 5 6 2.74 0
4 1 4 1 105.73 15
5 1 1 7 4.18 2
2 7 4 3 2.11 0
3 2 5 5 114.6 12
2 2 7 4 859.65 23
1 1 5 5 117.91 3
4 1 3 1 85.77 4
1 7 3 5 3.31 0
5 7 6 8 1.96 0
3 5 7 7 386.49 14
3 2 3 1 346.82 28
4 4 3 4 17.58 1
3 1 2 5 52.25 7
4 1 1 1 49.31 11
1 7 5 4 29.05 1
5 1 3 8 14.5 5
4 6 2 9 468.91 34
1 2 3 9 5898.98 320
1 1 6 5 246.62 13
5 7 6 6 4.15 0
4 5 2 2 6.47 0
2 5 4 9 1513.6 94
2 7 1 5 9.02 0
4 3 1 5 13.24 3
1 1 6 1 1016.67 61
5 1 7 2 401.42 35
5 5 7 6 114.36 2
2 1 2 9 5941.02 722
3 1 7 4 252.36 15
3 2 2 7 49.51 4
3 7 3 5 2.02 0
4 5 1 8 1.02 0
2 6 6 5 247.97 11
2 5 3 6 175.31 7
1 2 2 9 7607.66 591
4 6 3 9 517.45 34
1 1 2 2 61.82 10
3 1 6 5 209.45 23
5 5 3 9 188.15 13
3 4 5 1 1240.15 72
2 5 7 8 257.73 7
5 3 6 7 51.13 7
1 3 5 2 73.51 2
3 7 2 3 0.38 0
4 7 3 3 0.4 0
1 5 3 8 4.82 1
1 6 6 5 186 9
3 7 5 2 4.57 0
4 4 2 6 164.27 13
3 1 7 1 4918.02 236
4 3 2 5 23.55 3
2 5 5 4 41.54 0
4 5 1 9 110.4 14
1 2 2 1 364.78 40
2 3 4 7 147.89 9
1 5 7 7 541.88 13
4 2 2 7 20.45 2
2 4 2 9 12692.5 849
5 1 2 1 40.03 7
5 2 3 5 10.02 2
3 5 7 1 1855.3 65
4 5 7 7 138.42 7
4 7 4 6 3.27 0
5 6 7 1 889.43 34
1 2 4 6 316.14 9
2 6 2 4 155.64 8
1 7 4 3 0.8 0
1 4 1 5 328.36 36
4 2 5 8 20.27 4
1 1 2 9 6416.19 638
2 1 7 1 8009.92 390
5 2 1 6 20.25 0
1 3 1 7 110.08 11
3 4 5 8 132.37 2
1 6 7 6 2874.45 70
3 7 3 3 0.9 0
4 3 4 6 89.92 3
3 1 6 8 62.38 2
1 5 2 7 39.68 3
3 2 4 9 2804.47 185
1 6 3 5 76.88 5
1 5 4 6 145.54 8
5 5 7 9 2387.46 99
2 1 4 9 4712.87 407
5 1 7 6 182.52 9
4 3 7 3 748.35 33
1 4 6 7 360.55 9
1 2 1 7 124.73 10
3 5 2 1 95.88 4
5 3 3 7 16 2
4 5 4 7 8.46 0
5 7 7 2 21.74 2
5 4 3 8 34.61 1
1 6 1 9 6744.61 542
4 5 6 7 27.33 1
3 4 7 3 3657.95 104
2 1 4 6 263.94 9
5 2 5 3 56.86 0
5 5 2 9 140.2 13
5 2 6 2 121.45 12
5 6 4 8 22.65 1
5 3 6 4 9.91 0
3 5 5 5 33.94 5
4 2 7 4 55.84 2
1 7 7 8 9.5 0
1 5 6 3 40.03 1
2 4 6 6 1508.43 41
3 4 3 1 882.28 67
2 7 4 8 1.64 0
2 5 4 3 17.05 1
3 3 6 7 260.81 16
2 4 5 2 323.48 15
1 4 1 7 231.91 13
3 5 4 7 22.78 1
2 5 4 8 11.86 2
5 5 2 2 4.89 1
3 4 5 4 95.75 2
4 4 6 7 159.68 7
5 3 4 3 33.65 4
2 4 7 8 1853.07 49
5 3 7 8 599.43 29
4 4 3 2 67.35 5
5 7 7 7 2.83 1
4 5 1 5 5.26 1
4 3 1 2 17.58 1
1 6 1 7 80.16 7
1 3 4 8 16.16 1
3 3 7 8 821.8 32
1 7 1 5 7.36 0
4 2 1 6 35.36 2
5 1 3 3 32.03 6
3 3 1 9 2164.34 294
4 4 7 5 1098.94 50
3 5 5 1 186.4 6
1 3 1 5 206.62 38
1 7 3 8 0.3 0
2 6 6 1 992.33 44
2 3 4 6 468.53 19
1 6 1 3 16.23 0
3 6 7 6 1928.14 45
2 7 5 7 6.31 0
3 7 1 6 8.71 0
3 7 2 5 4.12 1
4 7 5 1 9.89 1
4 1 3 5 19.1 4
4 2 2 6 58.09 5
2 1 5 6 295.12 13
2 3 6 1 1702.76 86
5 7 1 5 0.7 0
3 3 1 4 61.57 7
4 1 1 9 601.75 103
2 1 7 7 1496.62 74
3 6 5 6 198.91 7
2 2 1 5 211.77 34
2 7 3 5 5.05 0
3 5 3 7 24.06 0
3 3 2 5 88.73 11
1 1 2 5 115.43 11
2 1 1 3 126.87 29
1 2 7 3 751.59 24
3 5 6 6 138.19 4
2 4 1 5 372.41 66
3 3 1 5 76.42 18
4 2 7 7 410.91 26
5 7 7 8 13.06 0
3 3 4 1 449.5 29
5 2 3 2 31.96 6
3 1 5 4 50.82 2
2 3 2 9 6988.9 556
5 4 2 1 180.1 26
5 3 1 4 6.76 1
2 4 5 9 10932.73 441
1 7 7 6 208.35 5
5 6 4 4 1.05 0
5 3 4 4 3.27 0
1 2 7 8 183.98 5
4 4 4 4 20.88 0
3 2 6 4 59.64 2
3 6 6 5 160.82 7
4 4 3 9 1687.61 120
4 5 3 7 3.84 1
3 2 4 5 81.79 9
5 1 5 8 22.87 1
5 7 5 6 2.48 0
4 4 5 2 130.83 4
3 3 4 9 2823.71 174
4 7 1 3 0.9 0
4 7 5 9 46.95 2
5 6 7 5 178.83 10
3 4 4 6 507.25 21
2 2 4 9 5316.84 344
2 5 5 8 28.4 2
4 5 2 8 2.05 0
4 7 7 7 12.31 0
5 5 3 4 1.16 0
1 1 5 4 361.62 22
4 5 7 9 3152.35 156
5 2 5 9 1004.07 87
4 6 4 6 56.73 0
5 2 3 8 16.4 1
3 5 1 9 582.17 82
5 1 2 4 4.58 1
5 5 7 7 49.37 2
1 4 6 9 17332.9 535
2 6 4 2 70.27 3
4 1 5 6 53.9 4
5 2 3 4 5.98 0
5 3 4 1 107.13 11
4 1 1 7 3.89 0
1 3 2 9 8351.79 425
1 4 3 3 37.2 0
2 1 1 2 94.77 29
3 1 2 1 276.13 28
4 6 5 5 29.28 0
5 7 5 7 0.6 1
4 1 7 5 278.46 24
4 2 4 3 34.65 3
1 2 1 5 200.9 43
2 2 6 7 356.8 12
5 3 4 2 32.28 3
2 3 7 9 60140.2 2044
1 6 3 4 386.7 10
4 5 6 9 755.36 47
2 1 1 5 167.88 41
4 1 3 3 34.31 6
4 4 7 4 166.09 4
3 4 7 7 2890.19 115
4 2 2 2 25.83 4
4 2 2 5 23.46 2
2 7 4 4 8.96 0
5 2 5 7 18.83 2
2 4 3 7 246.24 10
1 7 2 9 413.54 19
1 3 7 3 1049.99 19
5 5 4 5 3.31 0
1 2 4 3 33.37 1
5 4 1 4 9.88 1
1 5 1 8 10.84 0
4 5 4 3 9.24 1
3 5 6 7 79.55 3
3 3 4 4 49.51 2
3 5 6 5 83.2 6
4 3 3 9 881.54 46
5 6 1 9 201.95 15
4 3 2 1 112.86 11
3 2 7 8 502.83 27
2 6 2 5 121.24 14
3 6 2 5 58.8 4
2 3 5 8 55.8 6
1 3 4 6 406.33 21
2 7 7 7 71.27 1
5 3 5 5 34.25 4
1 6 6 9 5248.1 187
1 3 7 7 1785.23 58
1 3 1 9 11436.08 1205
2 1 7 8 267.8 14
3 3 2 4 72.74 5
1 1 3 9 5063.15 408
2 3 1 3 39.68 3
5 6 7 8 579.49 29
2 5 4 1 229.87 16
4 2 6 8 65.8 1
3 1 2 9 2472.22 297
2 5 1 9 1933.36 250
3 5 3 5 28.41 1
1 7 7 4 216.41 4
3 7 7 2 84.68 1
2 6 6 4 80.16 4
3 1 6 9 6151.48 625
4 3 3 4 12.19 1
1 5 2 6 218.84 12
2 2 5 9 6273.26 344
5 1 2 6 20.21 2
3 4 3 6 566.4 24
2 7 7 9 2873.7 69
1 6 3 2 37.88 1
4 4 2 8 21.8 2
1 2 2 4 1053.01 33
4 1 3 8 8.54 3
1 5 3 2 21.15 0
3 2 5 6 231.48 8
4 6 5 7 26.85 5
5 5 1 4 0.76 0
5 4 5 7 47.24 5
4 3 5 1 232.21 9
2 5 7 1 3359.9 122
2 4 6 3 570.12 18
5 2 2 9 576.16 76
1 4 2 6 1217.01 65
1 7 5 7 2.42 0
2 7 7 3 39.14 1
5 2 5 5 25.1 1
4 3 2 3 25.69 7
1 3 4 2 52.49 2
1 4 1 2 122.54 10
3 6 6 2 188.97 11
1 7 2 4 48.63 1
3 3 7 1 6637.23 243
2 6 4 7 90.15 5
2 5 1 2 24.81 1
5 5 6 5 16.46 0
5 4 4 6 107.54 7
4 7 7 5 21.03 0
3 2 4 1 398.7 30
2 6 3 7 76.26 3
1 1 7 4 2795.72 60
3 5 2 8 7.15 0
5 1 1 4 4.97 0
3 4 6 2 587.8 31
5 7 5 8 1.14 0
4 6 3 4 5.5 0
3 3 3 5 86.96 11
3 7 3 1 15.14 1
2 2 7 3 1795.27 53
5 7 4 1 3.74 0
5 4 5 6 122.58 5
3 6 6 6 328.78 17
5 2 3 9 612.27 64
4 4 7 8 1289.41 43
2 1 3 3 91.96 13
2 1 4 4 182.93 12
1 3 5 3 41.51 4
3 4 1 8 25.95 3
2 7 3 9 292.05 13
1 5 3 3 5.15 0
5 3 6 2 124.65 12
2 3 2 8 27.39 1
4 5 7 4 12.98 0
3 1 7 6 1520.51 58
5 4 2 3 50.22 2
3 2 2 3 44.9 3
2 2 1 7 118.76 16
3 2 6 8 113.66 5
4 3 7 4 79.77 5
1 2 4 2 69.55 4
1 6 2 7 63.25 3
1 7 7 5 60.68 0
4 1 7 4 65.95 3
4 2 7 5 403.75 21
1 1 6 3 126.69 4
2 6 3 5 104.27 7
4 6 7 8 568.29 24
3 4 1 9 4174.3 477
2 7 3 1 35.15 1
4 1 2 7 13.62 1
4 4 1 9 944.79 90
2 3 4 8 41.4 4
3 5 4 3 18.5 1
3 5 3 4 12.61 1
1 7 4 6 11.37 0
4 4 7 3 1710.88 74
3 2 1 3 42.02 6
4 5 3 3 5.65 0
1 1 4 5 85.18 7
3 6 5 7 68.71 2
4 5 4 6 20.82 1
3 5 4 8 10.62 2
4 7 7 9 661.33 15
4 6 2 8 9.96 0
3 6 6 3 141.34 4
3 5 6 9 1941.76 89
3 6 1 6 136.14 19
2 5 1 5 58.14 13
5 3 2 6 32.8 5
1 7 6 6 21.9 0
1 7 3 7 3.7 0
1 1 6 9 9197.99 522
2 7 2 8 3.26 0
3 2 6 2 348.05 20
3 7 4 1 14.41 0
1 5 2 4 324.26 10
1 4 6 4 1047.27 22
5 4 3 2 59.81 3
1 4 2 1 622.23 41
5 7 7 5 8.74 0
3 5 5 7 36.43 4
5 5 6 6 26.23 2
1 5 3 7 30.43 2
4 3 2 8 7.38 1
1 4 4 8 36.98 1
5 3 7 9 9965.28 486
4 2 6 9 2702.27 157
1 1 1 9 9998.46 1704
3 1 7 9 26905.35 1481
3 6 4 9 1577.85 80
5 3 6 6 101.73 6
4 6 7 1 1647.08 55
2 7 1 3 2.02 0
1 3 1 1 453.06 72
1 7 2 8 0.47 0
2 2 4 8 33.1 1
4 3 5 2 55.68 0
4 6 6 3 79.68 3
5 3 3 5 19.91 3
1 2 6 3 111.97 5
1 4 7 4 6923.74 100
2 7 1 8 1.68 0
4 6 5 8 37.44 1
1 5 6 2 55.35 3
4 6 1 6 25.54 3
5 4 3 7 25.13 3
4 5 3 9 210.68 12
3 2 2 8 11.53 1
3 2 7 7 1295.2 52
3 4 1 5 125.06 21
4 7 7 3 12.86 0
3 7 1 7 1.63 0
1 2 3 1 315.14 17
1 3 7 5 1862.44 74
3 7 4 8 2.21 0
2 3 4 3 69.04 2
1 6 5 1 253.84 20
1 4 7 3 2140.94 38
4 5 4 5 8.87 0
5 2 4 2 39.02 2
1 1 5 9 4761.37 301
3 3 4 3 50.85 3
5 5 1 5 3.42 1
3 5 5 3 31.63 2
4 2 4 5 24.21 6
5 7 3 6 1.88 0
5 1 3 9 618.16 98
5 4 2 9 1141.56 115
1 1 4 3 35.33 4
5 3 2 1 74.65 12
3 7 4 9 110.85 5
3 1 4 6 115.91 10
4 2 1 9 510.14 83
5 1 4 3 32 0
2 3 6 5 452.37 30
4 4 6 4 36.88 0
4 3 7 6 862.65 25
3 2 4 4 46.99 2
2 1 7 9 44511.41 2127
3 4 5 5 262.73 18
5 6 3 9 359.57 26
2 3 2 2 96.84 7
4 5 5 3 9.66 1
1 5 1 5 69.38 13
1 2 1 6 663.98 65
4 1 6 6 95.16 4
1 2 5 2 88.09 8
3 4 3 3 80.68 1
3 4 2 4 162.43 7
2 6 3 2 55.57 1
4 1 6 9 2154.39 173
5 3 1 1 62.53 6
3 5 3 3 12.55 1
2 5 5 7 81.9 6
3 2 3 2 74.87 13
3 3 6 2 331.56 27
4 3 3 2 32.33 2
2 4 3 1 1388.66 99
2 4 5 3 223.59 5
4 1 5 1 166.1 7
3 2 4 6 178.98 16
3 7 3 8 0.76 0
5 6 5 7 10.74 0
4 3 6 7 87.39 8
5 3 3 6 44.03 0
2 7 6 8 6.54 0
3 1 2 4 73.29 5
4 4 4 6 174.1 9
5 2 6 1 276.21 24
4 2 6 3 127.04 10
2 4 5 8 115.65 5
1 6 4 4 283.49 6
1 4 5 2 127.17 7
3 2 6 1 1204.54 64
2 3 5 1 946.01 50
2 6 7 5 1507.58 51
2 4 7 6 10510.83 242
5 5 6 3 42.44 2
3 3 2 9 2691.01 234
1 5 5 1 185.95 11
4 5 3 6 26.36 2
2 2 3 1 687.29 60
3 7 3 9 105.76 8
2 3 3 8 36.78 0
4 1 6 8 35.32 5
1 7 4 1 13.24 0
3 7 5 3 3.34 0
1 7 2 1 20.83 1
4 5 1 1 14.14 2
5 7 6 2 2.49 0
5 5 6 4 1.65 0
4 4 2 3 43.45 4
1 2 6 7 229.72 7
5 6 2 5 15.42 1
5 5 6 1 54.72 1
5 2 7 4 31.88 0
3 2 3 5 75.8 11
5 7 1 2 0.04 0
5 5 6 9 568.65 42
4 7 4 4 0.01 0
3 5 6 8 54.94 2
2 1 2 8 16.52 3
3 4 6 8 317.12 15
3 3 5 2 165.36 8
3 5 7 8 252.47 13
1 2 7 1 6021.43 233
5 5 1 3 14.21 3
4 2 1 7 10.18 2
1 4 7 2 2085.44 65
4 7 4 3 1.49 0
5 4 7 4 75.39 1
3 1 6 7 184.93 16
3 5 6 1 359.83 15
3 6 6 9 3855.71 164
3 4 2 7 141.7 11
2 5 6 5 149.8 7
5 7 7 6 16.61 0
4 3 7 9 13951.57 584
1 6 1 6 585.23 44
2 5 6 8 55.22 6
4 2 3 6 56.42 3
3 1 5 9 3214.83 274
1 6 7 5 1203.92 48
2 3 2 7 151.12 17
4 7 7 1 86.76 1
3 5 4 4 10 0
4 2 5 4 12.04 0
2 6 2 2 54.76 3
1 2 1 8 29.24 4
3 2 1 6 140.48 10
2 7 1 9 342.29 26
5 4 2 8 25.02 3
3 1 7 3 2349.67 45
5 2 1 1 43.32 4
3 7 7 6 113.33 2
1 2 3 6 365.81 16
5 3 6 1 300.28 22
3 6 2 2 29.78 1
2 2 5 2 204.12 19
3 2 2 5 71.95 7
4 4 7 1 5091.56 187
4 3 3 5 31.33 1
3 7 4 6 5.92 0
1 4 5 1 783.1 28
1 2 2 5 110.1 16
1 2 7 9 55084.54 1744
5 2 2 2 26.38 4
4 1 5 5 32.5 5
5 3 5 8 44.65 3
1 7 5 6 14.42 1
2 6 1 8 30.55 3
5 4 5 3 102.93 4
3 2 3 3 49.48 6
2 7 4 7 2.68 0
2 5 7 3 610.72 16
4 1 7 7 230.9 5
5 3 3 9 649.11 62
1 7 6 5 9.82 0
1 4 7 6 10409.88 194
5 6 3 8 12.02 1
1 1 3 4 497.2 23
2 2 5 8 50.75 3
1 1 4 2 57.21 7
5 4 7 5 635.91 29
1 3 4 9 5123.78 217
5 3 5 6 59.82 4
5 5 7 2 116.75 6
2 6 7 9 35319.16 1037
2 4 2 5 317.39 38
5 3 6 9 2084.66 159
5 2 2 8 7.6 0
1 7 7 1 294.57 3
5 4 7 2 1117.96 58
5 3 1 6 25.31 3
5 1 7 3 439.61 30
1 4 3 2 108.4 5
4 4 7 7 1101.12 46
3 4 7 4 639.63 8
2 3 6 2 332.17 10
1 6 5 8 22.19 1
4 5 5 8 9.86 0
4 1 6 3 130.03 11
5 2 5 4 4.69 0
1 7 5 1 19.87 0
1 1 1 2 69.17 19
3 7 3 2 4.09 0
5 5 5 2 17.99 1
1 6 6 3 55.88 3
4 7 6 2 5.95 0
1 1 6 8 25.88 3
2 4 6 2 665.09 29
1 7 3 2 2.38 0
3 1 1 1 213.38 53
4 6 2 3 5.7 0
5 6 5 1 87.44 5
1 7 1 7 4.29 1
1 7 3 4 46.18 1
3 2 5 2 186.56 17
5 7 6 5 1.36 0
4 3 3 3 23.84 1
2 6 6 7 199.47 4
1 6 3 3 14.41 0
4 1 5 7 17.88 2
1 7 1 4 92.39 5
5 4 5 9 2014.55 125
1 3 2 7 102.5 7
3 7 2 7 3.24 0
1 2 2 2 51.89 5
4 3 7 5 504.39 18
4 4 7 2 1618.34 67
2 7 6 6 24.08 0
2 6 7 3 1305.97 25
3 3 7 7 1414.4 56
4 6 1 1 59.95 10
2 3 3 7 140.05 13
5 2 2 4 6.84 0
3 6 6 1 772.69 32
2 5 5 2 56.82 2
5 1 5 5 18.46 2
2 5 6 3 96.56 3
4 6 3 2 16 1
3 3 6 9 6982.23 418
5 3 7 5 299.99 23
3 6 3 3 22.83 0
1 5 7 9 17722.19 589
5 3 1 9 440.93 54
3 6 6 8 155.63 4
1 6 3 1 230.77 10
3 2 7 6 1992.86 65
2 4 1 7 240.77 23
4 2 4 7 34.39 2
5 6 2 9 316.66 21
1 3 6 1 1060.28 43
3 1 3 4 65.39 2
3 4 7 1 14598.67 444
3 5 2 9 682.07 66
2 5 6 7 135.47 16
5 2 4 8 19.66 2
4 7 2 6 4.13 1
3 5 3 2 25.79 3
1 7 6 8 0.1 0
1 2 5 8 23.37 1
4 2 3 2 35.86 4
3 5 4 5 29.15 0
2 6 3 8 35.48 2
4 3 2 2 26.77 1
2 4 1 9 13502.14 1442
2 2 3 2 111.63 11
1 2 7 6 3665.27 97
3 3 7 3 1688.25 47
3 2 7 3 1574.59 60
2 2 5 4 149.52 7
2 2 5 6 431.35 18
4 1 4 8 11.75 0
3 6 1 7 30.6 1
4 3 3 6 92.3 6
2 1 2 5 152.42 24
1 4 2 3 36.73 2
5 6 6 4 1.15 0
4 2 6 7 83.37 7
2 2 3 6 446.83 25
3 4 3 9 5273.39 323
3 4 5 3 229.54 14
3 4 7 2 3769.94 118
3 1 3 1 299.1 36
3 5 7 3 442.87 16
3 2 5 7 112.71 3
2 4 7 3 4695.14 91
3 6 7 4 151.43 2
1 4 5 6 825.58 16
3 4 4 2 186.23 13
5 4 7 9 21581.24 920
5 3 7 7 265.89 13
4 2 1 1 52.42 9
3 5 1 2 12.2 2
4 2 2 8 6.65 0
5 4 3 3 46.93 2
2 4 5 7 329.99 8
4 4 1 1 172.47 21
4 1 4 2 35.14 6
2 4 5 4 349.22 3
3 4 5 2 271.62 16
1 7 3 3 0.5 0
2 3 6 7 367 17
5 6 5 5 10.55 2
4 4 1 5 30.82 3
4 7 7 8 13.59 0
3 3 2 8 26.57 2
4 3 5 9 1404.67 95
2 1 4 3 94.8 9
4 2 5 1 199.99 14
5 2 1 8 3.68 0
4 6 6 6 114.7 4
5 5 4 3 7.6 2
1 6 5 9 2936.87 87
3 6 1 3 13.61 2
3 7 6 9 292.33 10
2 7 2 2 9.92 0
2 4 3 4 497.4 15
4 3 5 6 107.44 6
3 1 7 5 881.09 52
5 7 6 9 69.7 2
4 1 1 2 22.93 6
1 5 6 5 92.95 7
3 4 1 2 79.18 9
4 3 1 7 11.87 0
2 2 6 8 103.3 9
3 3 3 8 34.92 5
4 3 4 8 17.15 3
5 1 6 7 23.47 1
2 1 6 3 320.71 13
1 2 3 4 726.13 29
2 7 5 3 3.11 0
4 4 6 1 978.57 44
3 4 1 4 139.86 4
3 2 7 9 33844.51 1504
4 6 1 8 3.47 0
5 5 4 9 177.36 12
4 1 3 2 36.08 2
1 2 5 5 126.88 10
4 1 5 8 17.04 2
1 3 6 9 10263.04 393
3 6 3 1 299.91 19
1 4 5 7 185.36 3
5 1 2 5 10.55 0
5 2 7 7 203.03 5
5 3 2 8 10.8 2
3 2 4 8 21.73 2
4 5 5 1 59.64 5
2 6 1 9 4295.2 484
5 6 2 8 10.16 0
2 4 5 1 1685.23 82
4 3 4 7 31.18 2
1 3 7 8 331.45 8
2 3 1 6 633.85 52
3 5 2 2 14.67 1
4 1 2 9 735.71 86
4 3 4 3 29.81 0
4 7 1 6 3.46 0
3 7 3 7 1 0
4 2 3 3 21.01 2
2 2 2 9 6506.72 559
3 3 7 5 1402.18 55
3 3 1 1 252.96 35
1 4 3 1 613.17 32
3 7 5 1 14.35 0
5 4 5 8 92.6 8
2 5 2 8 8.09 1
5 4 7 8 1382.66 52
2 3 2 3 44.37 1
3 6 2 3 16.41 0
2 3 6 9 10730.07 492
2 5 2 5 58.24 10
3 5 3 8 7.05 0
1 6 5 5 72.82 1
2 7 5 2 10.75 0
2 5 2 2 27.01 5
4 5 3 4 2.86 0
2 4 2 2 157.16 13
4 2 6 1 452.94 31
4 1 6 5 73.29 10
5 7 6 4 0.13 0
5 3 2 2 21.61 1
1 5 6 6 244.32 8
3 4 4 7 153.52 9
2 5 1 8 5.82 2
3 1 5 8 32.92 2
5 6 6 2 49.35 3
4 7 4 8 1.85 0
5 7 5 2 0.8 0
1 7 1 6 29.72 0
5 6 5 2 23.03 2
4 5 5 9 348.3 30
3 5 1 6 45.16 1
3 3 1 6 171.47 18
4 3 5 5 52.17 2
3 1 3 6 135.85 6
4 5 4 4 2.81 0
4 1 7 1 1528.57 87
1 6 6 7 141.38 4
5 6 1 5 8.91 2
5 4 3 9 1219.62 113
4 7 5 5 1.77 0
3 3 5 5 115.89 13
4 1 5 2 66.54 5
2 3 3 2 121.33 9
1 1 5 2 86.65 6
4 5 6 8 26.32 2
3 2 4 3 61.44 5
4 4 5 9 2775.52 160
4 5 2 3 3.74 0
5 6 4 5 7.5 1
5 4 6 3 246.8 8
2 2 5 3 129.16 6
5 4 2 5 36.25 6
5 4 4 2 59.93 4
5 3 2 4 5.81 2
3 3 5 8 68.28 3
2 7 3 4 18.8 1
3 1 6 4 52.79 2
3 4 1 7 65.27 4
2 5 4 5 51.82 4
4 2 7 1 2110.59 107
1 2 6 8 46.66 7
1 2 4 4 507.57 9
1 2 1 1 458.89 98
4 4 2 9 1582.15 144
1 4 7 1 15297.44 389
4 5 4 1 41.28 1
3 6 5 9 2017.86 112
1 7 6 7 6.58 0
2 1 6 9 9805.53 618
1 2 5 1 473.63 27
4 4 2 5 48.57 7
3 6 3 8 38.09 3
3 5 3 1 106.06 9
5 7 7 3 9.91 0
5 3 4 8 21.73 0
2 3 3 6 576.1 21
4 1 6 2 125.36 15
3 6 3 2 28.45 0
2 3 6 3 306.21 11
4 2 4 6 54.79 2
3 2 2 2 74.05 9
2 4 1 2 131.48 14
5 7 5 9 38.77 1
3 7 7 8 34.87 0
2 4 7 1 21848.06 605
5 6 1 1 30.8 4
2 6 4 8 42.98 3
1 6 4 2 31.99 3
4 2 7 6 630.8 30
4 3 4 2 46.47 0
1 5 1 6 301.14 21
3 1 2 2 73.41 14
1 7 6 3 1.56 0
1 7 1 1 23.96 4
3 7 7 4 19.07 1
5 2 2 5 11.94 2
2 1 5 7 132.79 8
1 4 1 9 20153.28 1446
3 2 1 5 63.55 10
1 5 3 5 38.15 6
2 4 1 3 88.79 8
1 3 5 9 5849.14 242
5 3 4 6 43.27 2
1 6 3 7 57.46 3
1 4 3 8 32.44 2
4 4 5 5 83.41 8
5 5 1 9 117.39 17
2 2 6 9 11001.9 622
2 4 3 9 10957.97 580
5 1 1 3 25.94 6
5 5 7 8 173.28 11
2 2 2 7 141.28 15
3 4 7 9 79614.96 2548
1 6 5 3 28.29 0
3 7 1 4 2.49 0
1 3 1 8 25.92 5
1 7 6 1 41.17 1
2 7 4 2 4.95 0
3 2 2 9 2535.1 241
2 6 2 8 35.3 3
2 7 4 6 17.98 0
3 6 7 9 22985.48 799
3 3 3 3 38.48 1
1 4 6 8 90.61 7
4 6 7 6 731.98 10
5 1 6 4 4.61 0
1 5 2 5 51.8 4
3 6 2 6 209.75 8
4 5 2 9 184.5 17
2 1 6 1 1557.98 107
5 2 1 5 9.75 1
4 1 4 5 18.19 3
3 6 3 6 181.06 11
2 1 3 8 22.47 5
4 1 3 6 32.8 4
3 4 6 9 13375.57 616
5 1 4 2 40.59 5
4 6 5 6 70.88 3
2 5 3 3 14.51 2
1 1 2 4 782.58 48
2 3 1 5 209.99 53
1 1 7 6 2861.69 92
5 4 3 4 14.15 0
2 6 3 9 3470.02 224
5 3 3 1 94.29 13
2 5 2 1 211.17 20
4 1 2 8 3.73 0
5 7 1 1 0.9 0
4 2 2 1 73.64 7
4 3 7 7 512.76 17
2 5 1 1 217.27 47
3 4 4 5 202.06 16
1 3 1 4 1653.17 89
1 1 6 2 150.56 12
4 1 1 6 18.59 1
4 6 7 2 477.62 23
5 2 7 6 313.88 16
2 4 6 8 259.31 13
3 5 5 4 5.84 0
4 7 4 5 3.31 0
1 6 2 1 233.67 20
1 3 4 7 85.15 3
4 2 5 6 67.39 4
5 1 4 4 2.43 0
1 3 5 1 459.4 16
2 4 2 4 727.28 35
4 4 4 2 80.47 5
1 3 1 3 35.22 5
1 6 5 4 259.21 1
3 4 4 8 80.05 2
1 6 1 4 767.66 30
1 6 4 9 2708.07 99
1 5 2 1 132.69 7
1 2 5 4 467.96 9
5 2 2 6 27.82 2
1 5 3 6 173.78 4
4 6 2 4 3.57 0
3 7 7 7 40.84 2
2 6 6 6 546.95 24
1 3 5 6 417.71 11
4 2 6 6 135.02 3
5 4 2 2 35.5 5
5 6 1 6 15.68 0
3 6 2 9 1626.78 125
5 5 2 3 4.58 0
4 2 1 4 7.31 2
2 5 2 9 1976.19 176
1 6 7 9 34969.21 886
3 6 3 9 1632.96 92
2 6 5 3 58.16 1
2 7 2 7 5.1 0
4 3 2 9 784.88 74
5 1 2 8 7.78 2
1 1 4 6 199.7 7
4 4 4 1 328.35 21
1 6 6 1 560.62 17
1 6 1 1 340.1 31
5 2 7 2 484.99 43
3 4 6 1 2278.6 101
5 5 7 4 2.07 0
2 6 1 7 84.17 14
1 5 1 3 6.07 0
1 6 3 6 294.37 15
2 6 5 4 77.26 0
1 1 2 3 47.06 5
2 6 4 6 285.72 10
3 6 5 5 78.56 6
4 4 2 7 31.44 2
5 6 2 4 1.68 0
2 6 5 6 301.84 9
3 6 7 8 900.56 35
1 2 5 7 101.11 7
5 7 4 6 0.96 1
5 2 5 8 39.01 3
2 7 6 3 6.9 0
4 2 4 8 12.31 0
1 5 4 1 116.24 3
4 2 3 9 855.76 62
4 4 6 5 179.94 6
4 3 6 3 140.08 5
2 2 4 1 661.35 50
2 3 7 6 4857.97 121
1 6 2 5 84.85 10
2 4 7 9 121293 3338
2 1 5 2 157.99 13
3 7 4 5 3.85 0
2 5 6 1 608.43 29
2 5 5 6 167.47 7
1 6 2 9 4721.76 227
3 6 7 7 889.08 27
2 2 5 1 848.62 70
4 3 2 4 11.26 1
2 4 2 3 87.93 4
1 4 2 2 94.03 5
3 1 5 3 123.44 7
5 4 4 7 31.52 5
2 1 5 1 779.53 55
4 3 5 3 48.14 2
4 2 3 5 19.53 1
4 4 1 4 13.54 0
4 5 6 5 31.5 3
3 2 6 6 401.81 21
5 6 1 8 6.94 1
5 3 6 3 145.5 5
2 6 2 3 20.94 0
2 3 3 4 275.9 7
3 5 1 3 10.46 0
4 5 6 4 2.31 0
5 5 1 2 2.94 0
3 4 4 3 103.32 2
3 3 3 7 75 6
1 6 6 4 274.15 3
1 6 3 8 12.76 0
3 1 3 3 67.91 6
4 5 5 7 14.53 0
3 2 5 3 99.25 5
3 2 3 7 58.59 6
2 6 7 8 792.12 24
3 4 5 9 7316.31 332
1 7 4 5 4.74 0
3 6 6 4 35.49 0
3 4 2 2 95.99 9
1 4 5 8 53.05 1
2 7 2 9 349.42 15
3 5 1 1 66.18 11
3 1 5 2 164.22 16
5 5 5 1 28.28 1
4 3 2 6 78.7 6
4 7 6 6 8.08 0
1 2 5 9 5481.31 282
5 2 6 7 45.13 1
3 3 7 9 36595.09 1462
1 7 3 1 17.42 0
1 6 5 2 47.01 2
3 3 1 3 42.39 5
3 3 4 6 229.73 14
3 5 7 9 9545.23 396
2 5 3 5 48.09 7
2 2 7 8 407.26 10
1 2 3 7 80.8 5
3 6 1 9 1238.84 140
5 1 7 8 186.24 14
3 1 4 5 69.52 11
3 1 3 9 2411.79 256
1 5 3 4 240.23 6
4 7 6 9 100.73 4
5 3 1 7 7.18 3
1 1 1 4 1292.39 124
4 1 5 9 1064.66 96
3 7 1 3 0.8 0
5 7 2 5 0.3 0
2 2 6 1 1741.3 99
3 2 5 9 3785.59 255
2 3 1 9 7304.73 1003
4 7 1 9 25.33 2
5 6 3 2 11.93 2
1 3 6 7 233.83 7
3 4 7 5 3018.7 95
5 7 4 7 0.03 0
2 6 4 1 455 23
5 1 4 1 61.37 3
4 7 7 4 6.69 0
1 4 3 9 11314.54 427
5 4 3 1 198.57 18
1 4 3 6 933.44 40
3 6 5 3 64.25 1
4 5 5 5 12.18 0
2 4 2 8 52.96 5
1 6 2 8 13.61 0
5 5 5 7 3.99 0
5 7 6 3 2.89 0
5 4 6 9 4231.59 250
4 3 4 9 958.53 73
4 2 5 7 38.42 3
1 1 4 7 60.46 4
4 5 7 6 194.9 4
1 3 2 5 129.53 13
4 4 7 9 30873.62 1186
4 2 7 3 717.74 28
5 6 6 1 157.06 5
3 6 2 4 37.07 1
5 5 3 5 1.52 0
3 6 7 5 971.01 35
5 4 4 9 1419.58 99
5 3 2 7 11.21 0
4 1 4 4 6.89 1
5 7 4 4 0.7 0
4 4 6 3 259.23 15
5 1 5 1 92.05 11
3 2 1 9 2136.64 283
1 6 5 6 252.17 8
3 2 1 1 230.25 30
1 1 1 8 32.55 14
5 6 1 4 1.34 0
2 1 1 8 25.93 5
2 6 5 1 518.47 21
1 5 1 1 161.19 22
1 3 3 9 6540.44 304
1 3 7 1 7155.96 197
3 3 7 6 2650.35 76
4 3 6 9 2805.94 139
1 2 4 8 18.35 0
1 6 6 2 88.23 0
3 7 6 5 4.25 2
2 1 1 7 95.57 11
1 4 6 6 1317.07 34
2 2 3 3 68.91 5
2 2 4 2 139.58 15
3 7 2 4 5.71 1
5 4 1 2 31.71 3
2 7 2 5 10.46 2
5 1 5 9 820.04 111
1 3 5 7 103.07 1
5 7 4 9 24.61 0
2 3 7 8 704.42 22
2 5 2 7 56.58 2
1 6 1 8 29.87 4
2 4 7 5 4808.39 127
4 1 1 4 6.08 0
4 5 4 8 4.4 0
2 2 1 9 7185.14 1157
2 3 5 7 189.16 10
5 4 4 3 47.93 1
4 1 4 6 34.63 2
1 3 4 5 113.36 6
2 4 5 6 986.77 31
5 1 3 5 11.06 0
2 7 1 1 36.94 6
3 1 1 2 76.97 26
4 7 4 9 36.11 3
1 5 7 8 125.14 5
4 5 4 9 235.24 15
1 4 7 5 3721.62 115
4 6 7 9 9304.84 356
1 1 3 6 278.01 9
5 1 7 1 717.63 47
2 4 2 1 1402.82 119
2 2 1 1 679.46 113
3 3 5 6 289.39 14
2 2 4 3 67.99 3
4 7 2 2 1.21 0
1 6 4 1 186.52 12
4 2 4 4 12.24 0
5 3 3 3 29.43 2
5 6 7 3 415.78 11
2 6 6 3 165.79 4
1 6 7 3 561.04 21
2 4 1 4 774.1 39
2 7 6 2 16.87 4
4 4 5 7 90.12 5
4 7 1 5 0.73 0
3 6 1 5 41.84 8
5 6 5 9 533.49 36
5 6 6 3 67.45 2
3 3 2 3 33.16 1
4 2 1 5 17.93 7
5 2 5 2 49.82 4
5 7 2 9 27.54 1
1 5 2 2 17.31 1
3 4 7 6 6256.55 150
2 5 7 5 728.55 34
2 5 2 3 11.46 0
5 5 4 7 1.37 0
5 1 5 7 11.36 3
1 5 7 6 1332.39 38
5 5 5 5 10.13 0
3 4 2 5 171.4 17
2 5 5 9 1872.74 116
1 5 5 4 140.66 2
1 5 4 4 160.66 8
1 5 7 4 946.25 19
5 7 3 1 4.71 0
5 5 1 7 2.44 0
2 6 4 5 89.64 3
4 3 6 5 107.97 5
2 7 3 2 8.06 0
5 7 6 7 2.23 0
2 4 4 8 76.9 4
2 4 4 3 126.18 2
4 1 4 3 53.38 1
2 5 7 7 736.44 18
4 5 2 7 3.64 1
1 3 7 2 999.32 32
3 3 5 1 623.39 41
3 7 4 2 1.92 1
3 4 6 3 504.36 14
4 1 1 8 4.31 1
4 5 3 5 6.91 1
5 6 5 3 23.02 0
4 1 1 5 17.77 4
5 5 7 1 266.04 17
5 2 1 3 21.83 1
1 7 2 3 0.23 0
2 1 2 2 96.42 12
5 5 7 3 171.84 9
5 1 2 2 31.2 8
1 4 6 1 1839.13 72
5 6 2 1 62.69 9
1 1 1 7 105.58 23
5 3 5 4 6.96 0
5 6 4 3 14.11 2
4 7 7 2 36.79 3
4 4 4 5 64.24 4
2 5 3 4 56.66 3
5 2 1 2 21.67 5
5 1 7 5 145.24 9
5 2 6 6 71.49 3
5 6 4 7 8.58 1
1 5 7 2 284.44 7
5 3 1 2 22.94 5
4 5 6 6 39.79 3
3 4 6 4 124.82 2
1 5 1 9 3645.26 407
2 2 7 5 1856.01 77
2 4 4 1 1335.57 82
1 1 1 6 477.66 57
4 2 3 8 10.09 2
1 5 5 5 41.71 1
2 7 6 1 63.98 2
2 7 2 6 24.96 1
4 6 6 2 82.85 3
3 7 4 4 1.16 0
5 3 3 2 31.55 3
1 1 5 8 18.21 0
2 5 2 4 89.19 4
4 6 6 9 1566.18 70
1 6 4 6 219.19 5
1 6 4 8 24.46 2
2 1 2 4 319.2 20
4 4 1 7 20.72 4
2 6 5 8 66.47 4
1 2 6 1 996.27 61
1 4 3 5 168.81 8
4 6 7 3 484.42 20
5 7 3 3 0.08 0
3 5 4 6 71.37 4
5 6 7 6 389.82 17
3 5 5 9 1017.94 56
2 5 7 9 16948.62 616
1 2 2 3 29.39 4
5 4 1 9 770.69 91
3 4 4 9 5361.38 290
1 6 7 1 4492.77 136
5 4 2 7 22.34 1
2 5 1 4 96.11 4
2 5 3 8 12.26 0
5 3 2 9 598.14 68
2 7 2 3 1.3 0
3 3 7 4 319.83 6
4 4 1 6 104.04 9
3 1 3 7 48.67 2
3 4 4 4 95.19 3
2 6 6 9 5716.97 211
4 6 5 2 32.33 4
4 2 7 8 328.26 5
5 2 4 9 703.72 91
5 5 4 2 7.09 0
2 7 2 1 33.57 3
4 7 1 2 0.09 0
3 7 1 2 2.34 0
2 3 4 2 119.96 13
5 3 4 5 22.77 3
5 2 6 3 140.3 11
3 1 4 2 119.03 9
3 3 6 6 501.96 17
5 7 2 7 0.46 0
2 2 7 2 2021.95 107
3 7 5 9 146.21 7
1 2 3 5 96.49 4
1 1 2 6 338.06 23
4 2 1 8 3.66 2
4 4 1 8 11.16 2
3 7 5 7 4.92 0
3 4 3 5 168.89 12
3 5 6 3 73.62 5
2 2 1 3 60.48 11
5 6 1 2 11.97 2
1 4 1 1 868.6 115
4 5 7 3 196.15 9
2 5 4 2 30.72 1
5 1 5 4 1.57 0
1 7 7 9 3315.16 77
3 1 5 7 73.37 9
2 5 7 6 1353.85 50
5 3 2 5 13.19 2
3 1 4 8 18.65 0
5 1 6 2 116.62 15
1 4 2 8 27.27 0
3 2 4 7 73.74 4
1 4 4 7 123.63 3
2 7 5 8 2.5 0
1 7 6 9 456.61 15
4 3 7 2 676.83 29
2 6 2 9 3990.8 284
5 6 3 3 12.55 0
5 4 7 3 1396.49 53
2 4 7 7 4635.35 135
4 6 3 1 104.27 8
3 3 4 8 35.25 2
3 5 2 4 14.04 0
1 6 6 8 60.89 3
4 3 3 1 132.22 11
4 1 7 9 8738.13 520
3 1 7 2 1398.19 72
4 3 7 1 2312.76 107
4 2 1 3 13.45 0
5 2 6 8 80.96 5
4 4 6 6 398.99 18
5 3 6 8 116.28 4
1 7 7 3 26.06 0
5 6 4 6 36.19 0
1 1 5 1 444.37 25
3 4 3 7 141.85 13
4 5 7 5 104.85 1
5 1 6 1 183.54 8
3 3 2 6 257.15 19
4 7 2 9 27.7 2
2 2 2 8 25.84 5
3 4 7 8 2160 55
3 6 1 4 33.47 1
3 6 4 8 46.23 2
3 7 3 6 6.7 0
4 6 5 4 4.05 0
3 6 2 1 259.57 30
3 4 2 6 581.13 31
1 5 5 3 15.57 0
4 2 2 9 720.52 98
4 6 4 8 25.32 1
3 1 7 7 867.16 45
4 7 2 3 0.1 0
5 1 5 3 58.99 5
3 4 3 8 59.83 5
5 3 1 5 8.97 2
3 3 6 3 244.41 21
3 7 6 3 4.81 0
1 6 4 5 57.53 5
5 5 6 8 39.76 4
4 1 7 3 563.23 34
2 7 6 5 11.99 0
2 3 3 1 724.49 49
2 3 5 5 209.61 9
5 1 4 9 617.39 81
3 3 3 1 388.74 25
1 1 6 7 203.6 12
3 3 4 2 106.66 7
1 5 6 8 22.62 2
2 1 7 5 1380.85 83
1 3 6 5 307.56 14
5 4 1 1 109.23 13
2 1 3 9 5162.92 484
1 1 1 3 72.88 13
1 1 3 2 49.18 6
5 1 2 7 8.99 0
3 7 2 8 1.28 0
1 6 7 4 1799.95 29
3 6 4 5 53.55 3
1 1 1 1 455.13 108
4 1 1 3 34.01 9
1 4 5 3 86.26 4
1 7 2 6 20.84 5
4 6 5 9 777.52 35
3 5 4 9 741.23 44
5 3 4 9 729.8 63
4 1 2 4 11.32 1
5 7 2 3 0.46 0
1 5 5 8 9.68 0
5 5 1 6 5.64 0
5 5 7 5 61.96 4
2 6 1 5 138.07 19
5 6 3 7 13.39 3
5 1 3 1 54.57 8
5 4 5 1 317.01 15
1 4 2 7 155.5 16
4 4 3 3 35.51 2
5 6 5 6 32.49 5
1 7 5 2 5.74 1
5 6 5 4 1.58 0
1 7 4 7 2.64 0
3 7 4 3 0.96 0
4 7 4 7 0.1 0
1 4 1 6 1730.51 105
3 3 3 2 71.36 7
3 7 6 8 6.33 0
1 4 4 6 740.62 25
2 3 5 4 188.53 4
2 7 5 1 38.56 3
1 4 5 4 886.11 16
3 6 5 1 385.54 16
2 3 3 9 6034.63 404
5 3 6 5 63.07 5
2 7 1 7 4.48 0
1 3 6 2 124.82 7
2 2 5 5 214.27 14
2 1 3 5 134.82 19
5 5 1 1 9.75 0
5 5 3 2 6.06 0
5 2 4 7 15.27 2
4 5 2 6 19.16 1
2 6 5 7 100.55 5
5 5 3 7 2.63 0
5 1 6 3 115.02 11
3 1 3 2 87.6 11
2 2 7 1 9358.84 359
4 6 3 7 19.89 2
2 7 4 1 27.49 1
1 5 4 7 30.23 0
3 5 7 4 61.12 2
1 7 3 9 285.04 7
1 7 5 5 3.59 0
