5677 610 55.8 10.5 3883 56.2 292 4035 32146 3
2618 385 31.7 6.1 2159 48 145.6 1992 25046 3
1697 274 23.8 7.2 1610 51 105.9 1354 19317 3
2277 455 39.5 7.5 1788 61.9 221.1 2853 20053 2
1465 374 30.3 6.8 6456 50.6 164.7 2201 26428 3
2449 395 68.4 9.6 2864 63.2 207.4 2651 25149 2
1519 1950 31.8 10.5 12545 54.6 906 14684 102816 2
4261 1683 48.6 9.7 7552 65.3 644.3 10392 112359 4
471 251 46.3 8.6 1128 47.8 105.3 1458 13474 2
1553 487 50 8 4931 52 257.2 2991 24269 3
2207 364 57.3 9.7 2167 45.5 165.9 2331 19138 3
1384 9387 78.1 12.3 69678 50.1 4083.9 72100 709234 1
1651 296 64.6 8.9 5431 56.1 136.9 1724 14468 3
2966 970 26.9 10.3 6604 56.3 450.4 6966 54854 1
2815 3033 23.1 6.7 16941 68.3 1541.9 25663 177355 3
476 492 8.9 10.9 2778 60.1 218.4 3603 24787 1
2624 794 30.4 12.2 4730 55.2 356.5 5094 30771 1
1392 883 37.2 9.8 6087 46.5 396.8 5705 45642 3
2115 526 19.9 9.1 2296 38.8 253.3 2962 30684 3
1057 435 90.7 6.1 2551 51.1 163.4 2012 25650 3
9240 455 67 10.3 2347 63.1 183.6 2598 41649 4
2866 408 24.9 10.7 2864 39.1 169.1 1987 10425 3
1676 423 36.6 9.2 3297 60.7 156.3 2689 24266 4
2023 477 22.1 21.8 2317 55.7 194.2 3283 36418 3
3199 694 80.6 8.7 4749 50.8 292.4 4127 43010 3
1255 261 26 10.7 1646 51.6 113 1725 10208 3
1920 291 49.8 7.8 1306 53.2 126.9 1553 12315 3
782 1801 28.4 7.8 8656 70.5 915.2 12591 113821 4
6794 2512 60.1 6.3 14333 51.7 1272.7 18221 162976 3
2710 288 63.7 6.2 1277 72.8 110.9 1639 18173 4
8152 363 22.3 9.1 1254 51.7 165.6 2257 28351 4
1509 643 37.6 12 4900 51.4 319.6 3982 29058 1
1610 294 59.8 9.5 4633 62.9 116.1 1851 18651 4
1008 1969 16.6 10.3 16704 55.9 935.5 15953 106646 1
1770 268 14.8 12.2 2804 44.1 106.7 1537 4205 1
909 277 41.2 11.5 1309 54.2 131.9 1762 13722 2
4883 402 72.4 7.3 2236 64.9 185.2 2353 28171 4
1708 833 24 8.8 5315 56.2 367.5 5489 52606 2
1148 589 45.3 11.1 5790 54 277 3510 29237 1
2818 425 48.5 9.3 2694 42.3 172.8 2162 22374 3
2109 403 41.2 10.3 2539 45.2 183.1 2308 16240 3
3049 2294 19.5 12.1 21149 53.4 967.5 15826 69989 1
2766 474 67.9 7.7 3873 56.3 224 2598 29967 3
1525 597 55.7 8.3 3234 44.9 318.5 3777 37070 3
1758 297 33.2 11.6 2652 45.3 114.4 1641 12467 3
1967 1133 51.1 8.8 8467 45.8 460.5 7038 69285 3
1951 629 28.4 14.5 4843 47.9 271.5 3667 14868 1
4647 2037 31.5 9.2 12815 65.1 1032.2 14542 112642 2
1511 236 38.7 10.7 1093 50.4 127.2 1452 16676 4
47 564 41.9 11.9 3352 36.3 258.9 3915 29157 1
862 302 26.3 13.4 1929 43.3 145.5 2010 7699 1
2658 327 39 12.2 5430 49.9 136.9 1862 9325 1
3491 769 48.5 9.7 5620 59.6 362.3 4798 44513 3
4935 2380 21.8 11 17752 47.8 1061.2 16120 137479 2
192 462 60.5 10.8 1789 44.1 212.6 3158 27161 1
1543 232 39.6 8.1 481 30.3 80.6 769 8436 3
2528 593 19.2 10.2 3135 55.4 274.1 3489 44442 3
2480 3182 31.5 10.5 16751 66.1 1514.5 26573 255162 4
4226 1427 38.1 9.8 5392 67.8 699.8 10918 91399 4
1526 303 71.7 7.7 1636 47.1 125.8 1692 20038 3
938 644 48.1 7.4 3016 50 280.9 4177 35106 2
228 317 31.1 10.2 3179 52.8 156.5 2264 19410 1
1165 268 43.7 9.4 2070 57.5 129.4 1719 16226 2
1219 864 31.7 20.6 6158 55.4 352.8 5879 68109 3
4326 1832 23.6 7.3 9976 50.4 867.2 12107 106482 3
2259 2147 38.6 9.3 16485 44.6 966.8 14246 138214 3
3719 7017 43.9 9.4 43292 53.9 3305.9 54542 393162 2
4552 249 54.4 9.1 719 61.9 118 1386 15596 4
1630 449 41.9 10.7 4395 50 198 2445 17596 3
1624 429 13.4 11 2938 55.4 207.8 2885 16985 1
5966 472 39.5 9.6 1907 52.7 246.6 3007 38205 4
2527 1025 78.7 8.4 7664 46.5 391.1 5582 62694 3
1489 369 58.8 9.5 5720 56.5 175.1 2264 26032 3
1182 514 32.4 7.4 2515 52.4 216.8 3627 35201 2
903 661 37.3 9.6 4064 55.6 293.3 4102 34725 2
1858 277 24.3 13.7 1562 46.3 116.9 1507 19133 3
1493 294 64.8 8.9 3289 53.7 154.7 1787 15871 3
1165 516 14.5 8.6 4277 54.4 237.1 3724 31358 3
1300 1217 47.6 6.8 4989 69 610.8 9215 76570 4
1537 581 63.8 8.7 5160 62.7 272.6 3725 32271 2
4651 1464 38.8 7.7 8517 67.4 729.2 10375 116861 4
27293 1306 25.3 12.3 6323 57.4 510.6 7399 99293 4
3650 1121 34.6 11.1 6224 62.9 539.3 7792 77316 4
2363 356 53.1 10.6 2717 49.3 146.4 1996 19212 3
2149 1375 29.8 10.6 8354 48.4 617.6 9037 68319 2
1617 435 71 6.9 2031 54.1 197.9 2617 31539 3
966 401 24.9 10.6 3192 52.2 174.7 2446 15981 2
596 723 100 6 2819 66 319.9 5181 46984 4
1136 333 58.6 9.7 2630 68.1 171.4 2396 20465 2
3358 805 35.1 11.3 5512 44.9 359.1 4941 42786 3
2460 1087 49.6 8.4 7706 59.9 510.7 6658 62603 2
2187 777 47 10.2 4342 51.9 355.4 5142 46213 2
813 272 46 9.8 1693 58.4 119.9 1688 10402 1
946 348 16.4 11.1 1455 43.9 163.8 2178 8116 1
1590 1313 30.1 10.9 9988 50.4 565.7 8411 67965 1
1758 310 56.8 11.5 2081 65.3 131.2 1939 17379 4
1198 313 55.1 8 3877 71.2 172.3 2038 18676 2
711 250 42.4 6.1 3659 67.5 131 1790 16228 2
655 364 75.2 6.6 3879 51.6 163 2088 15623 3
802 268 52.6 9.8 1425 52.2 129.6 1816 13230 2
4080 773 59.6 9.9 7496 47.3 380.9 4600 33936 3
4069 7031 44 10 39699 62 3353.6 52737 499813 4
3553 4794 37.4 10.7 33731 50.6 2066.3 33216 198102 1
495 264 50.7 7.8 1177 52.6 119.5 1661 8398 2
7397 267 47.3 12.5 2042 56.2 113.7 1654 12273 2
2298 886 76.2 9 7673 48.2 394.6 5185 52094 3
1435 352 13.4 11.7 1076 44.7 156.8 2165 11273 1
1490 624 33.1 11.9 3818 47.4 300.2 4144 19090 1
2045 1380 37.2 21.4 8863 50.7 543.2 7989 89257 3
2737 287 45 10.5 1462 71.3 131.4 1980 18208 4
2042 1441 24.5 16.5 10039 51.9 681.7 10166 116304 3
1023 541 35.1 10 3144 52.1 234.1 3437 22111 2
3341 1293 35.8 10.1 7593 59.9 656.3 9106 81510 2
1704 375 52.1 10.5 2491 55.6 173.2 2662 18599 2
9155 1254 53.8 11.1 6450 60.1 575.2 7766 107370 4
1404 289 38.5 10 1766 56.2 138.6 1776 11715 2
1011 233 37.8 10.5 964 70.7 93.2 1337 14018 3
3916 4370 29.9 8.8 24167 52.2 1966.7 32906 294466 2
813 232 13.4 10.9 4355 58 97 1589 8428 1
1218 2688 0 8.8 22137 62.9 1213.3 21524 127567 1
1412 311 39.2 11.3 1837 49.4 154.2 2098 25714 4
2419 647 27.8 9.9 2870 57.8 286.8 3860 30829 1
1863 468 50.4 7.7 2989 63.8 194.8 2747 25159 4
1400 242 50.8 8 1271 45.7 104.4 1351 10391 3
1803 362 35.3 10.4 2137 53.7 168.9 2666 16405 2
1975 291 46.5 12.6 2896 51.5 133.8 1853 12787 2
654 231 28.8 3.9 1296 55.1 66.9 1148 15884 3
2013 254 61.7 9.7 1484 50.9 106.7 1412 14446 3
8565 822 29.7 7.3 3485 67.6 349.3 4655 49111 4
1420 576 32.6 9.5 2950 54 280.8 3553 26645 2
7874 360 44.4 6.9 1365 65.2 174.2 2410 33687 4
3324 275 49.7 8.4 929 62.5 120.5 1918 14776 4
8360 2673 46.3 8.2 14347 53.6 1321.2 18350 193125 3
312 594 19.5 7.5 2463 55 298.7 4352 29100 1
3434 929 28.9 8.3 3215 65.1 422.6 5909 72410 4
3072 1144 68 9.3 7497 56 549.6 7736 61381 2
1750 370 49.3 9.7 3472 58.2 176.5 2439 16529 2
3214 774 47.7 9.4 3459 40.3 401.7 4924 34941 3
1456 1427 46.7 10.4 8555 56.8 710.4 10104 63695 2
1700 287 18.8 8 3381 45.9 120.4 1616 14534 3
2071 306 19.9 11.3 2531 58.9 133.1 1782 11161 1
