0.8346471
-0.4244064
-0.3765584
0.2516229
-0.2892429
0.5691779
-0.3105895
0.4604462
-1.074293
0.5003949
0.5414956
-0.8714955
0.3861199
0.1896411
0.6812834
-0.306881
-0.6788724
0.7542762
0.1395786
0.7130414
-0.46205
-0.7570778
-0.7842377
-0.7570778
0.1099587
-0.2264668
-1.123281
-1.127315
-0.2201579
0.07992273
0.09284734
-0.1820167
-0.3105895
-2.028922
-0.3535546
-0.3837438
0.7043864
-0.3865158
-0.02192911
-0.2963292
-0.6524671
-0.8913499
-0.2884573
-0.2777563
0.5254915
0.1853238
0.637212
0.6804426
0.6200663
0.6601854
1.789594
-0.2529525
0.3798856
0.4393067
-1.199437
0.2859306
0.1696285
0.1269342
-1.425161
-0.6455328
-0.6521361
-0.3581845
-0.0004754199
-1.074293
-0.3505655
0.9720165
-2.028922
0.6863225
-0.9573533
1.694499
-0.612978
0.8681847
-0.6704608
0.2977111
1.379786
2.288071
0.5681254
0.04945279
1.291760
0.2045838
-0.4699216
-1.381461
-1.074293
-0.7711278
-1.395692
-0.6455328
0.07949055
-0.1439221
0.2149642
-1.233079
-2.028922
-0.1177553
-1.166579
0.6983784
-2.028922
0.2392013
1.316641
-0.3535546
0.5450386
0.01139545
-0.1325949
0.3094323
-0.08560086
-0.4902208
-0.2305161
-1.044218
-1.506050
-0.6252599
0.2434162
0.08682568
-1.074293
-0.1208573
-0.3590029
4.346399
1.188900
0.01852945
-0.08606987
0.1311572
-0.003847735
0.1110236
-0.1470672
-1.31838
-1.133400
0.09799519
-0.5015153
0.7147027
0.1955892
-0.3013333
2.207524
0.04857566
-0.7842377
3.62801
1.821678
0.2776485
-0.2655692
0.02829830
-0.2131179
-0.4603061
-2.028922
0.684308
-0.2478285
0.1542379
1.222428
-0.1582385
0.2392013
0.0406647
0.5556383
-0.4088625
-0.6409292
-1.778161
2.459662
0.3766677
-0.2455275
0.1519408
-0.2163831
1.188192
1.367734
0.4886578
-0.02102118
-2.028922
-0.3754557
-0.2573195
-2.028922
-0.1926561
0.2502238
-0.7175658
0.07017706
-0.3672090
0.0917733
0.3861199
-0.1820167
-0.3421703
0.4604462
0.3574599
0.1269342
0.6404573
-0.1465830
-0.3354303
3.764505
-0.3699533
0.6295102
0.8979154
-0.1680071
-0.07998161
0.8349653
0.7147027
0.7213378
0.3762888
1.517368
-0.5630143
-0.4603061
0.2341733
-1.289469
-0.5286044
2.588957
0.792649
2.767080
0.5379477
-0.9484604
1.801509
-0.1896808
-2.028922
0.8029656
0.1056937
-0.8127528
2.494247
-0.2583486
-0.590628
1.413042
-0.300015
-1.593544
0.6542482
-2.028922
0.2261052
-0.03651236
1.409068
0.3404052
-1.449815
0.5758339
-0.1187093
0.4661141
0.08186647
-1.148797
-0.0741454
0.007147816
-0.3121812
-0.05743364
-2.028922
0.7738535
-0.5195207
1.130021
-0.2096081
-2.028922
0.98686
-0.810133
1.413042
-0.2751562
-0.2008632
-1.64707
-0.3906826
-0.4878536
-0.07951407
0.001545281
-1.277246
1.623330
1.194277
0.0625657
1.941692
0.8791735
-0.6324198
0.3094323
0.2098818
1.359675
-1.138503
-2.028922
-1.250445
1.286267
0.01697102
2.116851
-1.425161
0.5802036
0.05383293
-1.230222
-0.1039767
-1.289469
-0.8636485
-0.5101912
0.5976095
-0.2821853
-1.289469
0.2717144
0.2369904
0.1024894
1.542973
-0.3754557
-0.09335397
0.1095325
-0.2051055
-0.7982275
-0.6537919
-0.1196637
-0.4748982
-0.1244428
-0.779123
-0.1790585
0.8266799
0.5503439
0.4949845
-0.4467123
-0.4498833
0.08337703
-0.3592758
0.1687993
-0.3865158
-0.5255704
-0.1864630
-0.08747756
-1.414686
-0.5301237
-1.049787
0.08423972
-2.028922
1.765654
0.7035527
0.400792
-0.03217184
-0.07367926
-0.2868872
-2.028922
-0.2353366
0.4420742
-2.028922
-0.2539791
0.8349653
-0.5143974
0.868971
1.150867
-0.2916018
-0.02079426
-0.3754557
0.2516229
-0.2008632
0.2701294
-0.3982097
-1.353897
-0.07228149
-0.07998161
-0.3655645
-0.2211658
0.03073328
0.826999
-0.9875444
-0.3190961
-1.425161
0.7196805
0.3785611
-0.1051606
-1.074293
-0.1660493
-0.9396402
2.385141
-0.2764558
-1.053050
0.3671781
1.326569
-0.3079397
0.3955353
0.07429741
0.792972
0.7595103
-0.2881955
-0.07484482
0.415376
-0.2176405
0.7047198
0.2996688
0.08423972
-0.3313991
-0.3954178
0.2498240
-0.766427
0.2406072
-0.2929137
0.3461677
-2.028922
-0.6989347
-0.5736211
0.04616162
2.551308
-0.1364434
-1.64707
0.008266474
0.321095
0.02741214
-0.1553178
-2.028922
2.314378
0.2904536
-2.028922
-0.983178
-0.6979073
-0.2960662
-0.6788724
-0.3454151
0.5749591
-0.07041935
0.2041758
-0.06136667
-0.06902391
0.07646277
-0.5438674
0.5021957
0.331156
0.1687993
0.9288881
-1.265218
-1.160262
-1.353897
-0.4896286
-0.558979
-2.028922
-0.2289966
-0.1196637
0.4170532
-1.381461
2.168299
0.737856
0.1959989
0.356887
0.1894357
-0.04063317
-0.4591446
0.1479674
-0.4582741
0.3955353
0.01050195
-0.5304278
-0.6514744
-0.1196637
0.3280649
0.94456
-0.2366073
-0.6389608
-0.4778331
-0.8714955
-0.8415689
0.5079499
-0.665773
-0.497642
-0.8841627
0.6694888
-2.028922
1.151584
0.6457437
-1.256321
-0.1477938
-0.5404961
2.397511
-0.2895048
-1.308193
0.0911286
0.3156596
-0.4743119
3.105705
-0.7545724
0.4346871
1.265586
0.1311572
0.05164402
-0.2101091
-0.4778331
-1.468204
-0.7371707
0.04286522
0.3191552
0.2552165
2.203434
-0.1196637
0.6200663
0.6200663
-0.0507424
0.3249697
-0.06670038
0.828594
3.453342
-0.3145717
-2.028922
0.3365558
-0.6262341
-0.961614
1.041513
0.1604904
3.000805
-0.300015
1.964578
-0.04384416
-1.202189
-0.4102694
1.340932
-0.689036
0.1056937
-1.353897
-0.4249745
0.6111065
-0.3212294
1.522504
0.2017258
0.4476001
1.317458
0.4123915
-0.5976147
0.2398039
-0.3295211
-2.028922
-0.3661125
-0.1056344
-0.8214009
-0.7130564
-0.376007
0.6508496
2.142272
1.608077
0.369079
1.549346
0.002891298
1.125690
0.3473185
-0.2660861
0.3249697
-0.141265
0.5958741
-0.8214009
-0.1753674
-0.3300575
0.4967893
-2.028922
2.638033
-0.8442582
-0.2216700
-0.4597253
-1.006978
0.309822
0.04286522
1.302310
-0.2086066
-2.028922
0.5665459
0.02962683
-0.4487295
0.206623
-0.4187367
-0.5273901
0.7213378
0.1584082
-0.6226653
-0.1611637
-0.39486
-1.123281
0.7706001
-2.028922
-0.5976147
-0.1020840
-0.4105510
2.121245
-1.601999
2.022464
-1.289469
0.3094323
0.3177964
-0.2470612
-2.028922
-0.2808815
-0.4547966
-1.230222
-0.05396982
-2.028922
0.1343191
1.629438
-2.028922
0.05383293
0.00670018
-0.08888628
-0.1797976
1.399778
-0.2176405
-0.1018475
-0.7290829
0.1311572
0.05208198
-0.2738576
-0.2637613
-0.1089541
-0.04338513
0.0625657
-0.2829681
0.07343064
0.3530642
0.4315408
-0.8993894
1.845273
-0.3851292
0.2729025
0.1521497
0.09970837
0.1479674
1.075458
0.7477198
0.484129
0.9149907
-0.1697219
-0.6704608
0.1646488
-0.8597447
0.1929248
-0.5580493
-2.028922
0.1760440
0.1719071
-2.028922
0.6028089
0.588921
0.2078456
-0.2371158
0.0934915
1.325890
-1.197791
1.802103
-0.350837
1.542973
-0.3754557
2.385141
0.5784566
-0.8214009
-1.230222
2.039187
-0.05789594
0.6559459
0.05208198
0.6713457
0.1687993
-0.9034307
0.3288380
0.3480854
0.1865582
0.170043
-2.028922
0.6846438
0.5786313
0.055801
-1.046071
-0.8214009
0.4420742
0.1163402
1.680644
-0.2881955
0.2819905
0.4967893
-0.416757
1.019919
-0.6968806
-0.4315218
0.8065033
0.602982
1.049664
-0.3699533
1.918674
0.2562137
0.3039697
-0.6788724
0.6482979
-0.4472884
-0.1077678
0.1142151
0.7866675
-0.4501719
-0.3699533
-0.5089916
0.4254219
0.1362140
-0.06553964
0.3278716
0.4161216
-0.6091216
0.575309
-0.001598902
0.7626133
0.5660192
0.1099587
7.057622
-0.1869576
2.475066
-2.028922
0.02364170
-0.3454151
-0.3584573
-1.402930
-0.08419453
-1.169225
0.4499909
0.5397223
-1.205502
0.9482355
0.1364244
1.386463
-0.4562446
0.02763372
-0.961614
-0.9658918
0.9496126
-0.3754557
0.7213378
0.2333678
-0.5992074
0.7047198
0.3400206
0.06321918
1.043738
-0.4603061
0.8733703
-0.5346909
-2.028922
0.8650374
-0.05396982
-0.4902208
1.080591
0.02253142
1.831133
0.4917328
0.9747484
0.08423972
-0.5537187
-1.182041
0.2651692
-1.048392
1.534032
-0.4315218
1.241153
-0.7982275
0.0992802
-0.1572644
0.1014202
-0.05396982
-1.098464
1.199362
-1.623907
0.4172395
-0.5995261
0.1425184
-0.5500168
0.3480854
-0.4173224
-1.506050
-0.5255704
-0.8597447
-1.202189
-1.425161
-0.1125173
1.114404
-0.2686728
0.3432882
-0.4057716
-1.005196
-0.1680071
0.8349653
0.02430757
-0.3481239
-0.3481239
-1.164468
-0.4229871
-0.1148965
0.07321389
0.1269342
-0.6033566
-0.2573195
-0.3026525
1.821323
-0.5811551
1.331996
-1.546858
1.201338
-0.5426406
-0.2516701
-1.128326
-2.028922
0.0625657
1.520964
-0.3212294
0.4049143
0.5704053
0.6010769
1.049664
-0.961614
0.8349653
0.565141
0.5566959
-1.074293
0.6542482
0.007371597
-2.028922
0.8435442
0.3709784
-2.028922
-1.074293
0.3883830
0.5854375
-1.727041
-0.8214009
-0.09594525
-0.6979073
0.2009086
-0.6941468
-2.028922
0.5140495
0.4161216
-0.1536162
0.8405286
-2.028922
-2.028922
-1.132892
1.359675
-0.05327779
1.939856
0.507411
0.7798623
-0.2963292
0.7981344
0.1521497
0.1012063
3.199797
-2.028922
-0.5805258
-0.6373227
-0.8316327
0.6868259
0.2898641
0.9898803
-0.8496553
0.2115094
0.5972625
0.05273876
-0.5362164
0.7787265
0.1873807
1.450436
-0.3987686
-1.671732
-0.07811212
-0.4204355
1.452400
0.2627845
0.5208493
-0.2506449
1.100311
-0.5270866
0.6880001
0.7047198
0.637212
0.2701294
-0.911557
-0.3435215
0.9341213
-0.09406034
-0.04522189
-0.1277953
-0.01264215
1.198515
0.4476001
-0.5811551
-0.1741387
-0.2868872
-0.4778331
-0.3782138
-2.028922
0.08208233
0.2335692
-0.2521829
-0.5733081
0.5503439
2.229623
0.2977111
2.48719
1.140389
-2.028922
-0.005648602
-1.140040
-0.0853664
-1.283333
-0.4094251
-1.050718
1.154448
0.4030414
2.425218
0.02586045
0.3016247
0.02851978
2.071540
0.5503439
-0.2884573
-0.3021247
0.4772295
-0.9230343
0.3671781
-0.4286718
-0.2396606
0.3249697
-0.3464981
-0.6210461
0.5802036
-0.2279843
0.2875048
-0.1436804
-0.2061051
0.2998644
0.3375187
-0.06530758
-0.2694495
0.5767084
-0.7671491
0.01852945
1.042255
-1.698228
-0.4021263
-0.0813849
-0.1277953
0.1416788
-0.6704608
3.199797
-0.4429728
1.597412
0.1078272
-0.3639217
1.229427
1.675728
0.1152779
-1.016385
-0.1536162
0.3484687
0.5229929
0.569704
0.4086558
-1.153990
1.816942
-0.9250964
0.0564566
-1.425161
0.1853238
-0.2947520
1.618211
-0.9476173
-0.1872050
1.233620
-1.425161
-1.425161
-1.399301
0.03625663
2.226411
-1.007870
-0.02192911
-0.4224197
-0.6873367
-0.5316446
0.1343191
-0.4481529
-2.028922
-0.2001156
-2.028922
-1.055387
-0.1213350
-0.4315218
-0.620399
-2.028922
0.1894357
-0.1172786
-0.5095913
-1.220018
-2.028922
-0.1889377
-2.028922
-0.5686201
1.674498
0.2129326
-0.742827
0.06082206
-0.6587713
-1.220018
-0.09123641
-0.4024064
0.2884882
0.1968179
0.09134353
-0.3198958
-0.2730789
-0.1667833
-0.3513802
-2.028922
0.4600801
-0.1834976
0.01072536
-0.2056053
0.675561
1.208383
-0.3034446
0.06648356
-2.028922
4.677984
-0.2048557
-0.5414148
0.0501104
0.5254915
-0.8026785
-0.05350844
0.5101044
-2.028922
-0.003397769
-0.03788501
0.04945279
3.320409
0.575659
0.1729421
0.6097254
0.09756667
-0.2908151
-1.202189
3.570936
0.04835631
-0.2327979
-0.4603061
0.1091063
1.753626
-0.7639031
-0.1541022
0.03183913
0.4877527
-0.2743769
-0.2803603
0.8413225
0.3384813
1.297245
-0.2493641
-1.108311
-0.4985349
-0.3212294
0.5414956
-0.6498214
1.509907
-2.028922
-0.0385717
-0.1089541
-1.074293
-1.52831
0.4151896
0.3979773
-0.3313991
-1.645879
-2.028922
2.122562
-0.1077678
0.1056937
0.7376913
0.5674235
0.8610984
-0.4032470
0.1437770
0.5861346
-1.175076
-0.7047717
1.127567
-0.1196637
-0.3367761
-0.1011383
0.6166238
1.242964
1.999794
-1.68872
-1.601999
0.7997457
-0.6324198
3.208504
-0.3661125
-1.175076
0.7020515
-2.028922
0.7784019
0.8429096
-0.6455328
-0.2355907
0.7577122
0.4235647
0.4823152
-0.9840498
0.6880001
-2.028922
0.3480854
0.541141
-1.09358
-2.028922
1.173001
-1.506050
0.4420742
-0.6893761
-0.2378789
0.02785527
1.187201
-2.028922
-0.3906826
-1.074293
-0.8985829
0.7624501
0.5749591
0.876038
-0.7438903
0.5374151
0.0855331
-2.028922
-0.1751216
1.997418
-1.260460
-0.9279898
-0.1761051
-0.2519265
1.134057
0.6430165
-1.123281
-0.4144975
-1.074293
-0.1196637
0.9974179
-0.1220517
-0.6654387
-0.1976257
-0.3729774
0.1604904
0.2574098
0.360513
0.2947716
0.7145366
1.137225
-0.1976257
-0.1521589
0.4213341
0.1918992
0.4967893
-0.2279843
0.5468082
1.229847
-0.8597447
0.5744341
-0.7481524
0.4759564
0.3968506
0.1894357
-0.3145717
-1.874992
0.1996822
1.091416
0.7858582
-0.4516157
0.6389206
-0.1129929
-0.4315218
-2.028922
-0.680899
-0.4207188
-0.8354445
-0.04476254
-0.2635031
-0.5301237
0.1159154
-0.6514744
-0.4099879
0.2847493
-0.4170397
-2.028922
0.2220603
-0.5045014
-0.3669348
-1.159213
-0.4498833
0.6088618
-0.1834976
-0.2468055
-0.2201579
0.3861199
0.5093864
-0.2816637
-0.7154826
-0.1470672
-0.6455328
-0.8597447
-0.3881813
0.3955353
-0.2821853
0.4448387
0.4051015
-0.2378789
-0.7234861
-0.256034
-1.311361
-0.4991305
0.2303446
-0.6415859
-2.028922
-0.4869668
1.016928
-0.1101411
-0.2146242
0.009608053
2.240309
0.2542188
1.650922
0.2329649
-0.6027174
-0.9066742
1.023951
-1.311361
0.2216554
0.08337703
-0.1582385
0.4613613
0.4821337
0.4904671
-0.5655031
-0.4582741
-0.5045014
0.5951797
-1.122778
-0.4187367
-0.5500168
0.03846184
-1.304409
-0.4403892
-0.01512957
0.5683009
2.405738
-0.9779623
0.1581998
0.7722273
1.097106
0.1916940
0.4677571
-0.649491
0.1594495
-0.04063317
0.9253428
2.549318
-0.2345746
-0.3754557
-0.1996173
-0.1921599
-0.5655031
-0.03331317
0.4501747
0.6515297
0.4877527
0.07516382
0.7113791
0.2311512
-0.5915788
0.4786836
2.013343
-0.7769375
1.254503
1.064430
0.5503439
-0.5811551
-0.4401023
0.8592058
1.359675
0.4211481
-0.9054567
-1.289469
0.813886
2.335310
-2.028922
0.6200663
-0.1582385
0.03294439
0.6542482
2.801161
-0.497047
0.4405986
-0.6081591
0.6436986
-0.3865158
1.332674
0.07126215
0.2188192
-0.0592835
-1.196695
-0.77149
3.020515
-0.3887368
1.883893
0.0788421
0.630367
-0.2871488
0.08423972
0.3465513
2.366520
-0.6353595
0.7362087
1.555707
0.4604462
0.2502238
-0.897777
-0.5374379
-0.1884425
-0.1729107
-0.2188987
-1.265218
0.1687993
-0.529212
-2.028922
-0.4246904
0.1231263
0.7937792
-0.2800997
-0.3727022
-0.4961549
0.5882247
0.6289959
-2.028922
-0.3029165
0.951142
-0.2971183
0.6711769
-0.4982372
1.004937
-0.7304858
-0.6788724
1.813386
1.250337
0.2532208
-0.002947902
-0.5134951
-0.0997206
0.1243964
-2.028922
0.05383293
0.1980459
0.6370411
-0.8853574
-0.2748964
0.4953456
0.2238814
-0.2821853
0.3766677
-0.05396982
-0.1680071
0.8029656
0.5326167
1.019919
-0.1991192
-1.009657
-0.3617338
0.2349786
-0.03696981
-0.6751648
-0.7660662
-0.1101411
0.7112128
1.626946
0.0406647
-0.5764418
-0.912373
0.1584082
1.692907
0.6525495
-0.4487295
-0.4380961
-1.074293
0.04725926
-2.028922
0.6627259
0.6711769
-0.000924738
-0.2103597
0.813405
0.7611439
0.8823055
-0.5207287
-0.3400105
0.0406647
-2.028922
0.7868294
-1.642326
2.048250
1.12439
-0.04063317
-0.566126
-0.3082045
-1.077161
-0.2181437
-1.220581
0.3298041
1.346202
-0.02966322
1.717313
0.4011670
-0.3754557
-0.2371158
-0.5918958
-0.9034307
0.09842361
-0.6788724
0.1260886
0.8681847
-0.4043686
-1.601999
-0.5377435
1.848800
0.4529302
0.03846184
-0.5543365
1.328605
-0.6097636
0.1180388
-0.368855
-0.8833668
1.308186
-0.6356865
0.08359273
0.232562
-0.1129929
0.0680052
-0.3308623
-0.5045014
0.2078456
-0.1626281
0.3645143
0.00064744
-0.1553178
2.314378
-0.1988702
-0.1938972
-2.028922
1.215413
1.194277
0.3160483
0.9273472
-0.3145717
-0.5195207
-0.2897668
-0.3856837
-0.2131179
1.426255
-0.2148754
-0.3212294
0.1955892
-0.5717437
-0.09594525
-0.5717437
1.886454
-0.4190197
0.707552
-0.1196637
2.043665
0.06517842
0.02186497
-0.6992773
0.6542482
1.168017
-0.5463241
1.338091
-0.7660662
-1.164468
-0.633399
-0.232037
0.8190104
-0.6654387
0.3442484
0.01852945
-0.4498833
-1.353897
-0.08888628
-0.832775
-1.308193
0.0755969
-0.3459565
0.6720206
-0.3754557
0.1178265
0.09499379
-0.4173224
-0.2151266
0.3595593
-2.028922
0.2246903
1.134345
0.1671401
0.08423972
1.872230
0.7196805
0.5910089
-1.050718
0.1479674
-0.3644691
0.6243631
0.037139
1.576367
0.3191552
0.9785385
1.048184
0.5029157
-0.2506449
-0.851976
0.07343064
0.6846438
-1.196695
-0.4229871
-0.2526959
1.911742
-1.230222
-0.7570778
-0.6856396
-0.08771228
-0.6788724
0.3082628
-0.2076056
-0.2684139
5.017249
-1.027698
-1.175076
-0.1976257
-0.0385717
0.6200663
-2.028922
-2.028922
-0.3023886
0.6407987
0.6708394
-0.2327979
-2.028922
0.3035791
-0.136925
0.2947716
-2.028922
0.9889745
-0.1304336
-0.07018671
-0.4266799
-2.028922
-0.1726653
-0.1335563
-0.4807736
0.3191552
0.1687993
-0.5524837
0.1966132
-0.4693372
-1.09358
-0.3962549
0.7047198
-1.425161
1.712445
0.3764782
-0.1035034
0.3288380
-0.3865158
-0.6664416
2.145329
-1.601999
0.2240837
-1.561251
-0.1631164
0.2080493
-0.4731400
0.1056937
0.2502238
0.86031
0.3094323
-0.5438674
-2.028922
-0.438669
1.367734
0.4757745
0.006028543
0.2131359
0.4164943
-0.03148736
-0.6958548
-0.3394710
-0.05212493
0.9056893
-0.5571202
-0.3990481
-0.6788724
2.000472
0.2002955
-0.5045014
-0.4498833
-0.001823673
1.763852
0.6457437
1.001180
-0.1558043
-1.082923
0.5326167
-0.003847735
-0.961614
0.5192405
-0.3212294
-0.80491
0.5941376
-0.2666031
0.1269342
0.6200663
0.4235647
-0.8515889
-0.3768342
2.126731
-1.074293
-0.2503886
0.9399592
-0.3220301
-1.721063
-0.4012862
0.9808103
-2.028922
-0.02102118
0.07212981
-0.06461155
0.5272746
1.47601
-0.3010695
-0.4955604
-1.078598
-0.5270866
-0.354915
-0.7642634
0.9211754
0.4805
-0.4672933
0.07299712
-0.5131944
0.1091063
-0.4822459
-0.8176332
0.8547849
0.2582069
0.4420742
-0.2226788
-0.09547385
0.3795072
0.2402056
-0.2921264
0.4431804
0.3047509
0.09756667
-0.4074568
-2.028922
-0.4173224
-0.3639217
-0.7392889
-0.5874635
0.2039717
-0.5811551
-0.1553178
-0.6788724
0.3446324
-0.2537224
0.7213378
0.3094323
-0.9701869
-0.07251438
-0.2048557
0.170043
-0.08419453
0.9788415
-0.02943532
0.321095
0.0855331
-0.3039728
0.2748812
-1.289469
0.8724282
-0.3644691
1.019919
0.2159793
-0.2201579
-0.04476254
0.7960383
-0.1485206
-0.6647705
0.5723329
-1.499985
-0.52648
-0.0853664
-0.260924
-0.07251438
-0.2176405
1.284205
-0.6788724
-0.4603061
0.3951594
0.1625706
0.5854375
0.2369904
-0.03788501
-0.3338166
0.6105887
1.593641
-0.1687419
-0.1582385
0.08962358
1.148717
0.232159
0.7334059
-1.099444
0.1265114
1.616961
0.01630275
-0.4352344
-0.3156352
-0.6567774
2.105845
0.4011670
2.199126
-0.1704573
-0.1926561
-0.2552631
-2.028922
-0.1618958
0.5375927
0.6465954
0.5609219
-0.612978
2.219124
0.3288380
0.3068977
-0.1655602
-2.028922
-1.659195
0.5503439
0.008937374
-0.01875313
2.489207
0.06125811
-0.6020786
-0.8993894
0.01563427
4.410403
-0.1924080
0.04000409
2.232938
0.4908288
0.7887706
0.9730792
-0.1393349
0.3595593
-2.028922
-0.3456858
-0.1125173
0.7722273
1.430341
-0.09476697
-0.6033566
-0.4281025
0.826999
-2.028922
-2.028922
-0.3478528
-0.2287434
1.468462
-0.3647429
-0.3973716
0.3218704
0.9742932
0.1879974
1.692907
-0.8071457
0.2863243
-0.1256394
-0.5985701
1.010339
0.1205841
-0.3427106
0.05842219
1.312280
-0.3212294
0.595006
0.2790309
-0.7130564
2.387205
0.05383293
-2.028922
-0.09830398
0.2029511
0.4011670
-0.5276936
-0.6721389
1.426255
-0.0818529
1.688007
-0.3535546
-0.3527388
-0.919743
0.2542188
0.3404052
-2.028922
-0.919743
0.6414813
0.1594495
0.8093944
-0.01875313
-0.4398156
-0.07251438
-0.8993894
-2.028922
0.6515297
0.3278716
2.158408
-0.1636049
-0.2455275
0.1766639
-0.3427106
0.1205841
-2.028922
-0.003172823
-0.2511574
-0.4007264
-0.1558043
-0.2738576
-1.123281
1.062956
-1.146212
-0.1376476
-0.6992773
2.021226
-0.2327979
-0.6897163
0.3726866
-0.5811551
0.5414956
-0.7130564
0.3955353
-1.216084
-0.02647497
0.1269342
-0.935465
-0.03651236
1.425596
0.2500239
-0.2583486
0.3813984
0.03846184
-0.763543
-0.2532091
0.4437333
-0.3346233
-0.7926863
-0.3746292
-0.4513268
-0.2026088
-0.4258270
1.860415
-1.230792
0.1328441
-1.018637
0.1988642
-0.4173224
-0.2850572
-0.4914058
1.019919
-0.07251438
0.98686
0.6482979
-0.7396423
-1.074293
-0.2191505
-0.03148736
1.433106
0.06952574
-0.2710040
-0.7481524
1.789594
-0.7639031
-1.308193
-2.028922
-0.4713837
-0.05766478
0.3133263
-0.5116921
0.1957941
-0.2081060
-0.2526959
1.886803
-1.727041
0.3989159
-0.5316446
-2.028922
0.764082
-0.3754557
-0.2201579
0.2839614
0.8150077
-0.2176405
-0.6718031
-1.011447
-0.4015662
1.807214
-0.8214009
0.3057270
-0.5438674
-1.327415
-0.07367926
0.2727045
0.5012955
-1.015036
-0.3754557
0.840211
-0.5255704
-0.2516701
-1.010551
-0.256034
-1.074293
0.2301429
-0.1087168
-1.506050
-0.3346233
0.5941376
0.1374763
-0.7311879
0.1904625
0.06930859
-0.3683062
-0.5527923
0.04220531
0.9747484
-0.5655031
2.618465
1.509006
-2.028922
-0.2774961
-2.028922
-0.4707987
-0.6210461
-1.259275
0.9656325
0.637212
2.339484
0.1347403
0.2898641
-0.897777
0.8349653
0.3094323
-2.028922
-0.3265743
2.823750
0.08725637
-0.2186470
-2.028922
-1.425161
0.4714046
-2.028922
-2.028922
0.8634624
1.130021
-0.4258270
-0.3481239
-0.603037
0.5276311
-2.028922
1.090832
-1.488059
-0.3887368
-0.1191864
0.3557408
-1.091633
0.05032956
0.5295909
-0.6661073
0.03426993
4.023757
1.493129
0.9211754
0.7233252
-0.2686728
-0.0846632
-0.5497087
-0.6455328
3.706802
-0.2221744
-0.1013746
0.1003505
-0.2214179
3.079013
0.3172139
-0.787904
0.2139487
-0.03217184
0.08380842
0.01852945
0.2738920
-0.7481524
0.003115548
-0.7963777
-1.456144
0.3747727
0.5941376
0.2859306
-0.9805669
-0.2302628
-0.1753674
-0.2051055
0.5854375
-0.6291608
0.1095325
-1.218892
-0.1926561
0.2800179
0.2149642
-0.6373227
-0.962041
0.4512772
-0.5225425
-0.007901941
-0.1125173
-0.5298197
-0.9573533
-0.6597693
-1.353897
0.1646488
0.982929
0.4490716
0.1265114
0.4049143
-1.506050
-0.03240006
0.7047198
2.803048
0.1696285
2.539355
0.2430151
1.702689
-0.2647941
-0.3793183
-0.05627836
-2.028922
-0.5963419
-2.028922
-0.7787585
-0.03719857
5.408612
-0.3265743
-0.4734329
-1.314543
0.4151896
-1.314543
-0.2790578
0.7411479
-1.703787
0.3384813
0.2540193
0.6854833
-0.1572644
-0.1313939
0.7722273
0.5984768
0.03625663
0.9041361
-0.6731468
2.052606
-0.3845749
0.2502238
-0.08653899
-2.028922
0.3288380
-0.2214179
0.5644383
0.3671781
0.5499905
-0.01377242
-0.3631009
-1.142092
-2.028922
-0.1203798
-2.028922
0.790064
-0.004973089
0.5890951
0.0625657
-1.506050
-0.5015153
0.1760440
0.321095
-0.03148736
-0.2138709
-1.440449
0.07212981
-0.1101411
0.1479674
0.8032874
3.294794
0.4881148
-0.6324198
-0.09830398
0.1294690
0.1791416
0.4786836
-0.2694495
-2.028922
-0.3151034
0.5791555
0.2667577
0.5880506
0.2582069
-0.6330725
-0.393745
-0.5307319
-0.6788724
0.02851978
-0.4315218
0.3096271
2.416719
0.2365882
0.9647194
0.3094323
0.4512772
0.2996688
-0.2733384
-1.506050
0.02075373
0.5423818
0.9436404
-0.0678618
-0.3475817
-0.3047655
-0.07321322
-0.1528874
-0.1577514
-0.60144
-0.2895048
-0.4875579
0.6090346
2.099228
0.1542379
0.5765335
-0.8597447
1.264202
1.313780
1.879232
-0.3190961
-0.3481239
1.187201
1.929394
-0.3201624
0.7088837
0.2062153
-0.7445997
0.04857566
-0.1807836
0.6062694
0.2522222
-0.0301191
0.976265
-0.8232891
-1.687383
-0.5500168
0.6672927
-0.2686728
0.02696892
-0.7481524
0.2740899
-2.028922
-0.2088569
-0.02283746
-1.241714
0.7994235
-0.3182968
-0.0755445
-1.289469
-0.4398156
-2.028922
0.5796796
0.8029656
0.6650948
0.3016247
-0.5915788
-0.6571095
0.540077
-0.2086066
-0.5062959
-0.5636361
-0.1509454
-0.2973815
-1.136458
-1.027698
0.9747484
1.646462
0.3172139
-0.05743364
-0.3394710
0.6520396
1.504495
1.031852
0.1338977
-0.1292339
-0.2635031
0.9747484
-2.028922
-0.3212294
0.08423972
0.3861199
0.3107959
-0.01332023
0.3774252
-0.4896286
1.215975
-0.8993894
0.3377113
-0.3962549
-0.9082994
0.6358444
-0.7560034
3.054422
-0.7061489
-0.2026088
-2.028922
0.4828594
-0.920976
0.4967893
-2.028922
0.9442535
0.3332788
-0.4446976
-0.1196637
-0.328449
-0.05420055
-0.3166993
0.07126215
1.498817
0.6245349
-0.2214179
-0.6033566
-0.8577977
0.6200663
0.7138722
-1.472282
-0.003622739
0.1290467
0.8768222
-0.3876259
-2.028922
-0.2895048
-0.3521952
0.4383834
0.1452446
2.049255
-1.013239
-0.1876999
1.034828
3.48814
1.751216
-0.5849368
-0.324167
0.5129741
0.3557408
-1.601999
-0.3837438
-1.860842
0.4630075
-0.3754557
-0.3481239
0.08423972
0.3540205
-2.028922
1.093751
-0.02920744
3.294794
-0.03376988
-0.4215691
-0.3798709
0.4105244
-0.02261034
0.1687993
0.2180082
-0.3105895
-0.5231476
-0.4102694
-0.1441639
0.0406647
0.04945279
0.632936
2.474661
2.907535
0.5462774
-2.028922
-0.6541233
-0.4249745
-0.5116921
2.240202
3.015279
0.4786836
-0.3249691
-0.05350844
-0.02465539
-0.09241255
0.9891255
-0.445273
-0.08372598
0.2080493
-0.157021
1.122945
-1.221710
-2.028922
2.324856
0.1894357
-0.2327979
0.1696285
-1.255142
-0.590628
-0.406614
-1.086301
-0.3276453
-0.5195207
0.1052667
-1.027698
0.6711769
-0.3968131
0.1584082
-0.7606655
0.7220005
1.188617
-1.262241
1.359675
0.247223
-0.1553178
-0.1536162
0.9898803
0.2440177
-2.028922
-0.8833668
0.737856
-0.2816637
-1.230222
-0.502112
0.2414101
0.2898641
1.789594
0.8823055
-0.3625539
-0.1436804
-2.028922
0.3440564
0.2381966
-1.413945
-1.036842
0.09499379
-0.9650348
1.092146
-0.5874635
0.583694
-2.028922
0.360513
-0.8597447
1.346202
-0.4917022
0.0280768
1.365050
0.0625657
0.4786836
0.2740899
0.1776966
-0.2063551
-0.3063519
0.356696
-0.02488275
0.5963949
0.07082818
0.8666115
-0.1292339
-2.028922
-2.028922
-0.3145717
-0.2879338
-1.197243
-0.1665386
0.1617387
0.1687993
-0.003847735
0.4108979
0.5158407
-0.1699670
0.2323605
0.5306593
0.05273876
-1.289469
0.7679947
0.8158087
-1.027698
1.668341
-0.2926512
-0.003847735
-0.9573533
-0.2254559
0.4886578
-0.6036762
0.03471158
0.2542188
-0.7805822
-0.09594525
-0.2279843
-0.808265
-1.230222
-2.028922
2.132210
-1.161837
-0.2056053
0.4677571
0.1099587
-2.028922
-0.6684497
-0.6094426
-0.2254559
0.9898803
0.5584576
2.124537
-0.3590029
2.468992
1.084399
-0.1731563
0.5591619
0.1258771
-0.6330725
0.6000372
0.4448387
1.244356
0.3327001
0.2460215
-0.6748283
-0.3132432
-1.601999
3.303346
-0.7560034
-0.5761281
0.4931785
0.1521497
-0.6036762
-1.289469
-0.4495948
-0.5210308
0.1039853
-0.1316340
-1.353897
0.4786836
-2.028922
-0.2373701
-0.8845608
0.3898905
-2.028922
-0.4846045
-0.1536162
0.2721105
0.1174020
-0.0818529
0.1159154
-0.2855799
0.6181735
-0.4026866
-0.2483402
-1.410251
-2.028922
0.6829641
1.34944
-0.03811388
0.1056937
-0.2161317
-1.601999
0.1650642
0.4235647
-0.791581
0.3327001
0.2835673
1.426255
0.8429096
1.845038
0.1003505
0.1420986
-2.028922
-0.1891854
0.4105244
-1.046071
-0.1436804
-1.032260
0.4476001
-0.3718771
0.5450386
0.4650181
0.3082628
-1.721063
-1.81546
0.09499379
-0.3432512
-0.2046059
-0.1381296
1.853497
-0.2673789
2.021226
-0.1220517
2.335310
-0.2532091
-2.028922
-0.3212294
-2.028922
0.2532208
0.7478839
-2.028922
2.683698
-0.6210461
-0.3754557
-0.4632137
-1.635318
2.066648
-1.475566
0.0917733
0.3094323
0.1105977
-2.028922
-0.4530608
0.5021957
0.7845629
-0.09006099
0.1248195
2.654115
-0.7245337
1.440731
-0.3413601
2.034704
-0.1790585
0.7542762
-0.1306736
-0.0486704
-0.5733081
-0.7354082
-0.697565
0.9625877
-2.028922
-1.311361
-1.196695
0.03029077
-2.028922
-0.3754557
0.03449077
0.00109641
-0.437237
1.030363
0.06212992
1.373095
0.75444
-0.2176405
-0.5009187
-0.7567196
-0.2947520
-0.2378789
-2.028922
-2.028922
-0.6621009
-0.9693265
0.04154519
-0.2061051
1.457762
-1.039141
-1.006978
1.178120
-0.05166398
-0.7130564
-1.360681
-0.2532091
-0.3002786
-0.8993894
0.009608053
-0.7382294
-0.4038077
-1.432756
-0.4778331
-1.024971
0.04945279
0.3534468
-0.6958548
-0.3497512
-0.02647497
-1.353897
3.199797
-2.028922
-0.4429728
-0.3754557
-0.1436804
0.9442535
-0.0741454
0.56795
-0.1951392
0.2738920
3.286228
-0.4896286
-1.074293
-1.074293
0.185118
-0.4332342
0.4202181
0.7027188
0.1531940
-0.3658385
0.1120880
0.4077209
-0.1383706
-0.05812713
-0.0004754199
-2.028922
0.8476656
-2.028922
-0.5648805
-0.381253
0.6474468
-0.5346909
1.225929
-1.191238
-0.2429743
-0.1364434
-0.02601992
0.3384813
0.9989232
-0.590628
0.5854375
-0.02397347
-0.0935894
2.120147
0.6062694
-1.320950
0.4230072
2.448685
-0.03788501
0.836556
-0.2816637
0.4146302
1.111068
0.9288881
2.180115
-0.4790086
-0.2733384
1.317730
-0.2226788
2.762042
-0.1091915
0.1056937
-0.2404248
1.655006
-0.5466315
-0.1582385
0.794909
1.866386
0.3365558
-0.7733032
-0.2506449
0.4272777
-0.0004754199
0.2402056
-0.0818529
-1.074293
0.9876154
-0.8026785
-2.028922
-0.3879036
0.2188192
0.07776093
-0.497047
-1.893917
0.8492492
0.037139
-0.1832507
-1.353897
-0.2001156
-0.7827742
0.4244934
-0.5843058
-0.04476254
-0.2668617
2.576112
-0.3034446
-1.621663
1.329962
-2.028922
1.429419
-0.1881949
-0.3801472
-0.1049238
0.1646488
-0.04729028
0.2058075
-0.09123641
0.1205841
0.5958741
-0.09594525
1.640630
-0.7639031
0.1479674
1.413042
1.129732
0.1955892
-0.2992245
0.2631821
-0.3754557
0.3576508
2.164932
0.3671781
0.4786836
1.975972
-0.002498136
0.5326167
0.1984551
1.70513
0.8293912
-1.041446
0.1719071
2.006574
-0.1734018
0.2269133
0.4300589
-0.5286044
0.1169773
0.8349653
0.5032756
-0.3754557
-0.6958548
1.201338
-0.1820167
1.286680
-2.028922
-0.0007000665
-0.08208693
0.4604462
-2.028922
0.8058604
0.462276
-0.001149434
0.1894357
0.4453913
0.007371597
-0.2312764
0.7337357
-0.6511436
-0.2429743
-2.028922
0.9196305
0.3709784
-0.4991305
-0.3754557
0.5133326
0.6711769
0.02962683
-0.08419453
-1.425161
-0.4716762
0.004012298
-0.7510018
-0.3002786
-0.1196637
-0.4261112
0.04264527
0.2387995
0.1508959
0.08423972
1.279112
0.8508319
-2.028922
-0.8026785
0.04374477
0.1894357
0.3191552
-0.04660057
0.9898803
0.5591619
-0.1852268
-0.4475765
-2.028922
-0.3685806
-0.5934821
0.04682027
-0.6001638
-0.3292530
0.2562137
-0.4052103
1.094043
-0.6104059
1.291760
-0.2229311
-2.028922
0.4065987
-0.8523632
0.0784097
0.8650374
-2.028922
0.9091032
-0.4159093
0.05164402
-0.05512375
-0.1127551
-1.027698
-0.5304278
2.60865
-1.506050
0.07343064
0.3589870
-0.04384416
3.049489
0.01964189
-1.542154
0.5570483
1.490799
0.1383175
-0.2511574
1.813386
0.4105244
0.7696234
-1.105839
-0.4702139
0.6397744
0.4418898
0.7296093
-0.8120037
-0.2176405
0.4420742
-0.6731468
1.918674
-1.617212
-0.1956363
-0.3754557
0.990484
-0.2108609
0.2937909
-2.028922
-0.7421186
0.5810766
0.06038593
0.4913712
-0.4038077
0.2890780
0.9938022
0.5802036
-0.5695565
1.066639
0.6774137
-0.3397408
-0.4423983
-0.2715225
0.009608053
0.1391583
0.01852945
-0.300015
-0.2209138
-1.133400
1.471327
-2.028922
-0.02670253
0.5446845
-2.028922
0.4967893
-0.2874104
0.7345603
-0.1436804
-0.3413601
-0.5045014
0.1078272
-0.7304858
-1.371682
1.122800
0.9747484
-0.2026088
-0.4684609
-0.6046357
1.359675
-0.4846045
-0.692441
0.04616162
-1.253377
0.2062153
0.1873807
2.798331
-0.2929137
0.09499379
-2.028922
-0.3962549
-0.1407823
0.4768658
0.5379477
-2.028922
1.007789
-0.3212294
1.361960
-0.2176405
0.3327001
0.09284734
0.7965222
-0.7499325
-0.2976446
0.0004229177
-0.2686728
2.757093
0.7800245
0.6963728
-0.4054909
-0.2302628
-0.6788724
-0.7044277
-0.07811212
-0.2790578
-1.561251
-2.028922
-0.1901763
-0.4952633
0.07343064
-0.2816637
0.2502238
2.240309
0.2238814
1.47731
-1.289469
-1.456144
-1.106333
0.5269181
0.8791735
-1.115266
0.6846438
-0.2026088
-0.4837196
-1.353897
4.035039
0.5635597
-1.551607
-0.4661266
2.206125
-0.1926561
-0.4896286
-0.4060524
-0.488445
-0.7354082
-1.506050
0.0647432
2.111902
0.4378293
-1.111782
-0.4603061
-1.571098
-0.612978
-0.5655031
-0.5252673
0.1894357
0.1193118
-0.1729107
-0.5577396
-0.2076056
-0.1729107
-0.5786394
-1.506050
1.918674
-0.6100847
2.324856
-0.4161919
-0.1645823
-0.3201624
0.3618475
0.4494394
0.8979154
-0.4737258
-2.028922
-0.9404771
0.6711769
-2.028922
-0.5417212
1.110487
-0.04361463
0.4479681
-0.8195156
1.004937
0.0885479
-0.3979303
-0.004072756
-0.3052941
-0.2096081
-0.1077678
-0.3265743
0.5826474
0.4101508
-0.6340522
0.3764782
1.233620
0.7984567
2.399158
-1.016835
-0.4834248
-0.001149434
-0.0818529
-0.3481239
0.4562327
-0.00835291
-1.353897
-0.1220517
-0.2544926
-0.4446976
0.7038862
0.6157625
0.3096271
0.3766677
-1.425161
-0.4542178
0.4439176
0.1750105
0.2117128
-0.3005422
0.8349653
-0.768956
0.01786170
5.507208
-1.353897
-1.327415
-0.6259093
-0.2186470
-0.5868314
-0.07065202
-0.0697215
-2.028922
-0.07251438
-0.6788724
1.555707
1.983474
0.1894357
-0.3573665
2.359777
-0.4102694
0.06691843
-2.028922
-0.2008632
0.04682027
0.4402295
-2.028922
0.2701294
-2.028922
-0.1436804
1.250337
-0.7481524
-2.028922
-0.649491
-0.2191505
-2.028922
-0.6210461
-0.1951392
0.0992802
0.1750105
0.2301429
-0.3887368
-0.5432539
-1.577109
0.7573851
0.1650642
-0.5874635
0.3094323
-0.3367761
1.137225
0.05164402
-1.448243
0.2385985
0.1869695
0.01407362
3.992359
-0.255777
-0.3265743
-0.6113699
1.899467
-0.467877
-0.1030301
-1.218892
-1.414686
-0.6422429
-1.791221
-2.028922
-0.2231834
-2.028922
-0.4608872
-0.1778273
0.3897021
0.8429096
-0.2816637
0.1056937
-0.5795823
0.8524137
0.7495244
0.1248195
-0.1328352
-0.4303812
-0.4530608
-0.7842377
0.3104064
0.4852167
-0.354915
-0.575501
-0.1309137
0.2645733
-2.028922
1.148717
-0.2511574
1.409068
-0.5798967
-0.1680071
-0.01829983
-0.4315218
-0.9531094
-0.8782076
-1.586278
-0.03811388
-0.6485004
-0.7304858
0.5201344
0.900872
0.6910172
-0.4074568
-0.8758341
0.4617272
-0.6704608
-2.028922
0.5810766
-0.7297842
4.278135
-0.1127551
-0.4246904
-0.6027174
-2.028922
-0.1533733
-0.1497326
1.173001
-0.001598902
-0.2937013
-1.292557
0.2878982
0.1097456
0.6711769
-0.3859610
-1.601999
-0.1227687
1.359675
0.8349653
-0.0884166
0.3113801
-0.1601881
1.187201
0.9442535
0.02142055
0.0625657
1.141539
0.5582814
-0.4632137
1.321133
-0.2088569
0.03338633
-0.1018475
-0.300015
0.2307479
0.0406647
0.3152709
0.4931785
1.831133
-1.758912
-0.1129929
-0.612978
0.5618015
0.4142573
0.9529763
0.1812043
-2.028922
0.6000372
0.533506
3.199797
0.07992273
0.2402056
0.02962683
0.7296093
-0.3265743
-2.028922
0.4895626
-0.7165238
-0.3156352
0.8707001
0.02452948
-0.4848996
0.1448254
-0.8423366
-2.028922
2.299455
-0.1196637
-2.028922
-0.3313991
-0.2302628
-0.256291
-0.4545072
-0.2226788
-0.2741172
0.5503439
-1.113274
0.8666115
0.9898803
0.5326167
-0.7827742
-0.6788724
-0.5386605
-2.028922
1.907115
-0.354915
-1.175076
0.061912
-2.028922
-0.3034446
1.305454
-0.3135089
-0.1606759
0.02186497
-0.4446976
3.199797
1.254503
-2.028922
-0.6788724
-0.3793183
-0.7481524
-0.3845749
0.2027470
-0.2427192
1.703299
-0.02761305
0.4503585
0.05054869
-0.8214009
3.932735
0.8893403
-0.2596358
0.5681254
2.171446
-1.353897
-0.3782138
-2.028922
0.2414101
-0.2774961
0.9500715
1.779797
0.7787265
0.1374763
1.121354
0.588921
0.103558
0.8238063
0.2129326
0.03824143
-0.2381333
-0.8120037
2.069651
-0.1587257
0.2738920
-2.028922
-2.028922
-0.1729107
0.1161278
-0.2033575
0.1353720
0.3671781
1.148860
-0.1734018
0.4960675
0.4235647
-0.3383926
-1.09358
-1.333941
-0.7820431
-0.5887285
0.1099587
-0.0997206
1.222428
-0.4315218
0.1894357
0.6711769
-0.2241931
0.9747484
-2.028922
-0.7577945
-0.4655436
-0.3658385
3.308470
-0.5561918
-0.1926561
-0.300015
-0.09594525
-0.4878536
-0.01739353
-0.7252325
-0.2221744
0.1311572
-0.1352399
0.4215201
-2.028922
0.0885479
-2.028922
0.03515314
0.7961996
-0.2939639
-1.164468
-0.2604086
0.2402056
-0.2176405
-0.3823596
0.1933349
2.61356
-0.7304858
0.3288380
-0.299488
0.798779
-0.3276453
1.145848
-0.3295211
-0.3185632
-0.8176332
1.94628
0.1056937
-0.07787856
-2.028922
-0.1976257
-0.8597447
-0.5500168
-0.911557
-0.438669
1.244774
0.6930268
-2.028922
-0.1301936
-1.020895
-1.117263
-0.6049556
3.954097
0.637212
0.9288881
-0.9701869
0.0406647
-1.392821
0.005132681
-0.851976
-0.7006488
-0.3492086
0.3738247
4.225902
3.199797
-2.028922
1.753626
-0.4699216
-0.2947520
-0.02192911
-0.6788724
1.413307
-0.1077678
-1.021347
-1.37307
-0.02647497
0.5763587
-2.028922
0.3016247
-0.1802905
1.000428
-0.2151266
2.968085
-0.406614
-0.257834
-0.8793961
-0.7535002
-0.3851292
0.4235647
-0.1436804
1.820495
2.448685
0.3065075
0.4863038
-0.1815234
-0.8308718
0.4198459
0.3671781
0.8524137
-0.3010695
1.510937
1.964578
-1.384989
0.07321389
-0.2795787
-0.3842978
-0.9362988
-1.055387
0.6711769
-0.1926561
0.148386
-0.2751562
0.7352198
-0.3754557
-0.6941468
0.360513
0.1590330
-0.1458570
-2.028922
0.2918284
0.397414
-0.7252325
-0.1790585
-0.0818529
0.8158087
-0.3535546
-0.983178
-0.2001156
1.801509
-0.09476697
-1.161837
-0.378766
0.1353720
0.3624192
0.1490137
0.04813695
-0.05120314
0.1479674
-1.727041
-0.695513
0.05601955
-0.469045
-0.003847735
-1.117763
-2.028922
0.0211983
-0.02761305
0.5854375
-2.028922
-0.300015
-0.4890367
-2.028922
1.673267
1.461680
1.98052
-0.3327417
0.2731004
0.5365272
-0.2619552
-0.2366073
-2.028922
-0.4004466
1.497137
0.2454206
0.2025428
-1.566148
0.2651692
1.47601
-2.028922
-0.3481239
3.303346
0.2601983
0.2301429
0.3334717
1.360347
0.4580655
-0.7130564
0.8907452
1.108309
0.7868294
2.272209
3.61874
2.156775
0.4380140
-0.2183953
-0.5080925
0.2701294
0.7601638
-0.136925
-0.6741554
-0.3143059
0.9554202
-0.4710911
-1.073338
-0.8636485
0.3047509
0.3675584
-0.5580493
0.4967893
0.737856
-0.324167
1.409068
1.413042
-0.05396982
-0.3898484
-0.1196637
-0.6731468
-0.2960662
0.5739089
2.054838
-0.2686728
0.6972086
-0.8411852
0.3288380
-2.028922
-0.1618958
0.755913
-0.350294
-0.3535546
-1.153990
-1.314543
-0.1874525
-0.3182968
0.1479674
0.637212
0.4235647
2.70107
-0.2252033
-0.3055585
-0.3954178
0.2131359
0.6390913
-0.983178
-0.05304716
0.9114286
2.931476
1.337415
0.1163402
-0.4255427
-0.5408023
1.064430
-2.028922
-0.3611872
-0.02124812
-0.5134951
-0.03080311
0.1590330
0.3404052
-2.028922
-0.3247017
-0.03331317
0.4803184
0.9519064
0.3065075
0.532083
0.6361864
4.281746
-0.4778331
1.098126
0.2800179
-0.5679962
0.2369904
3.32892
-2.028922
0.7362087
0.9974179
0.6036744
-1.353897
0.6644182
-0.5009187
1.531089
1.375773
0.232159
0.5165568
0.400792
-0.5408023
1.542973
1.289015
-0.1582385
0.9910876
-1.727041
-0.8885495
-0.7410567
0.8535205
-0.1371659
-1.601999
-0.1553178
-1.480529
-0.4988327
-1.268208
0.09885195
-0.5811551
-0.3260390
-2.028922
-0.3013333
-0.8597447
-0.9107418
0.1056937
0.4041653
0.7753163
-0.6788724
-1.659195
-1.238826
0.2176025
0.8190104
0.7868294
-0.1436804
-0.5045014
0.1167650
0.01630275
-0.2264668
0.421706
1.079125
0.8093944
-0.3754557
-1.074293
0.1088932
-0.1053975
0.4750467
-0.4315218
-1.333941
-1.298771
0.2047878
-0.3174979
0.2641759
0.5326167
-1.341854
-0.4401023
-1.616107
0.9100336
-0.6452035
-0.4323778
0.7113791
0.8029656
0.2570112
0.7965222
0.3868745
0.1469206
0.9227196
-0.8289716
-0.09429585
-0.3383926
-2.028922
-1.027698
0.1511049
2.071540
0.4056631
0.09970837
-0.1926561
-2.028922
0.583694
1.347686
-1.537496
0.5127949
0.8832445
0.02364170
-0.9144153
0.627281
-0.1606759
0.0625657
0.03029077
-0.4925917
1.837031
-0.2790578
-0.3079397
-2.028922
-0.3669348
-0.4545072
-2.028922
3.633244
-0.7733032
-0.1053975
-1.230222
-0.2171374
0.4457595
-0.5039037
-0.5045014
1.888548
2.021226
-0.8620854
-0.1165636
2.707809
-0.8176332
-0.4562446
-0.1802905
-0.008578433
-0.1473094
-0.09264786
3.3042
-0.1148965
0.4282051
-0.7375235
-0.1981234
0.6610325
1.668341
-0.6475105
0.8029656
0.2667577
-1.456144
2.549318
-0.8408016
0.7047198
0.4823152
0.6200663
-0.9658918
-2.028922
-2.028922
0.9134425
0.9871622
0.6271095
0.2347773
2.654796
-1.175076
0.9891255
-0.0454516
0.5854375
-0.5080925
-0.4887408
1.668341
1.064430
0.3113801
-0.6958548
-0.3945812
1.156165
-0.6065565
0.4677571
-0.4275333
0.051425
-0.2236882
0.3734454
-0.2206618
-0.05512375
-0.5429472
0.2837644
1.729456
-0.1359619
-0.1196637
-0.5110916
-0.1436804
1.264202
0.2740899
-0.5481693
0.08423972
-2.028922
0.1496413
1.64609
-0.6788724
0.9842903
0.9390382
-0.3089991
1.668341
-0.6501518
-0.1692318
-0.5655031
-0.1876999
-0.2136199
2.734667
0.183265
-0.3820829
-0.4088625
-0.2955404
-0.07018671
0.1101717
-0.3446033
1.851149
0.5097454
-0.1582385
0.1067607
0.3766677
1.459069
-0.8656053
-0.9259223
0.5698794
-1.074293
0.4123915
0.7722273
-2.028922
0.1671401
-0.3212294
0.2621879
-0.1680071
0.7002156
-0.4504606
-0.3867933
0.6980442
-0.350837
-0.1948908
-0.06832656
1.072374
-0.4807736
-1.309458
-0.06553964
-0.2668617
1.004937
1.058532
0.4103376
-0.3576392
-0.2806209
0.5503439
0.1056937
-0.3639217
0.1479674
-0.846183
0.0625657
1.064283
-0.4757781
0.8791735
0.57023
-0.612978
-0.9279898
-0.1058713
0.04220531
1.359675
0.8823055
-0.4040881
-0.1070564
-0.4952633
-0.5392721
1.495974
0.1976367
1.709033
0.1479674
-0.1797976
0.3423276
-0.4813623
1.165878
-0.9884198
-0.9300611
0.4967893
-0.1106161
0.1994777
0.6699953
-0.52224
-0.1558043
-0.8404181
1.803055
0.727957
-0.3105895
-2.028922
-0.4369508
-0.8259376
0.737856
2.457835
2.28279
0.4768658
0.5903131
-0.1402997
-2.028922
0.4026666
-0.9488822
0.368699
0.5547566
-0.9814365
-0.4875579
0.3480854
-1.737799
-0.3650167
0.5517568
-0.4524826
1.165878
-0.06322023
1.131463
-0.331936
-0.9156425
0.1521497
-2.028922
-2.028922
0.783915
-0.8138773
-0.2188987
-2.028922
3.188979
0.3288380
-0.3809765
-1.506050
-0.3738031
-0.5386605
1.056318
0.2653678
0.637212
-0.8500418
-0.3749047
-1.230222
-0.9857956
-0.8123782
0.5386577
-1.607369
-1.280283
0.29065
-0.469045
0.2098818
-0.1101411
-0.3212294
0.2701294
1.106857
0.2098818
0.4714046
0.4476001
0.7375266
-0.3161672
-1.096019
-0.2302628
-1.52831
0.5737339
0.04879498
-0.6958548
-2.028922
-0.6788724
-1.123281
0.1692140
0.3544029
1.941692
0.7122104
-1.128326
-0.3762827
-0.1206185
0.3709784
1.789594
-0.3087342
1.911742
-1.150352
3.225875
-1.475566
-0.3238997
0.01941945
0.1052667
-2.028922
0.7357143
-0.2979079
-0.603037
-1.356603
0.2242859
2.321611
-0.02647497
1.86814
-0.2066052
-0.2388968
1.708911
2.39133
0.2564131
-0.3998871
-0.2550062
-0.003847735
-2.028922
-0.5518666
0.3094323
0.3000601
0.156741
-0.9156425
-2.028922
-0.05627836
-0.02647497
-0.4116776
-0.7696795
-0.2501325
-0.6259093
-1.617212
-1.241714
1.637401
1.258663
0.6055777
-2.028922
-0.7175658
0.1906678
-0.1393349
-0.04063317
-0.5195207
0.3016247
-0.08442885
1.993002
0.6028089
-0.0713502
0.3423276
0.5863088
0.06952574
0.09091367
-0.2061051
0.8190104
-0.1196637
0.6967071
-0.8142524
-0.2668617
-0.6788724
-0.8078918
-0.2777563
-0.8270744
-0.03559778
-0.4655436
0.3020157
-0.04476254
-0.6415859
0.008266474
0.2740899
-0.5279971
-0.0818529
-0.3212294
-0.4190197
0.7020515
-1.320950
-0.5153002
-0.7262815
1.278010
-0.1268368
0.1056937
-0.1196637
-0.4193028
-0.3754557
-0.01829983
-0.3867933
-1.333941
0.2361859
-0.2414442
-0.003847735
-0.4392422
-0.7849701
0.2064192
1.333758
-2.028922
-0.4919986
-2.028922
0.0906987
0.1719071
-0.2051055
1.043738
2.199557
-0.3052941
-0.4562446
1.142976
0.1756307
0.3683188
-1.601999
-1.289469
-2.028922
-0.08068313
-0.02011365
3.808305
-0.5855681
-0.4229871
-0.6065565
0.1163402
-0.2138709
4.186072
-0.1196637
-0.4054909
1.983928
-0.6849613
0.5306593
0.05448916
-1.074293
1.046406
0.8728993
-0.6132999
-0.2942265
-0.3754557
1.325890
0.2440177
-2.028922
0.9134425
1.723875
-0.3132432
0.3671781
0.1853238
-1.175076
1.463116
-0.5346909
0.2281250
0.6123144
0.0625657
0.3131318
-0.4919986
-0.7660662
2.643985
0.3480854
-0.3820829
-0.3111199
0.01630275
-0.4516157
-0.1016110
1.239202
-1.289469
-0.8240452
0.4254219
1.452531
1.663901
-0.6291608
-2.028922
1.568396
0.8930853
0.8119619
-2.028922
-0.612978
-0.1655602
-0.0935894
0.7256421
-2.028922
-0.6788724
-0.4338054
-1.245777
-0.5195207
0.7868294
2.793609
2.509333
0.7733657
1.391795
-0.0928832
-0.1601881
-0.2113622
-0.3279131
-1.327415
-0.2777563
0.4065987
-0.9127811
1.021413
-0.1558043
0.3910205
-1.456144
-2.028922
-0.1901763
0.4604462
-2.028922
-0.2018605
-0.9467748
-0.02875177
-0.009255152
-0.09476697
3.001710
0.3094323
-0.6259093
-0.2076056
-0.740703
-0.1001930
2.946885
-1.055387
1.761088
0.1125136
-2.028922
-0.921799
0.05885874
-0.3590029
-0.02465539
0.3216766
1.860533
-1.064794
-2.028922
-0.502709
0.1690067
-0.2063551
-0.3475817
-0.6324198
1.390463
-0.2947520
1.266969
-2.028922
0.4688519
0.9913893
-0.1263578
1.079125
1.278010
1.154448
-0.5871474
-0.6373227
3.659257
-0.3887368
-0.2462942
-1.542154
-0.6624343
1.692662
0.2661621
0.4750467
-0.1196637
-0.4632137
0.9898803
0.3717378
-0.8597447
-0.38319
0.5868315
2.167104
0.6320799
0.29065
-0.1196637
-0.2176405
0.4967893
0.4580655
0.0406647
0.1508959
0.4529302
1.167304
-0.2782768
2.162759
-0.3359685
-0.3212294
-0.1256394
3.674937
1.312280
-0.01512957
-0.257834
0.9641105
0.3388662
1.782428
-1.024971
-1.148797
0.5228143
-0.37711
0.396287
2.907996
-1.506050
-0.3867933
0.1857353
-2.028922
1.183089
1.711348
-2.028922
-0.7488642
-0.5941171
0.2502238
-2.028922
-0.2061051
-0.1004293
-1.074293
-0.3754557
0.8023219
-0.8656053
2.240309
0.05164402
-1.425161
0.3419432
-0.2404248
0.3480854
-0.1132307
0.03006948
0.255017
-0.3743538
-0.6627678
-2.028922
-1.094555
1.911742
3.780763
-2.028922
-1.417661
0.5485766
-0.5255704
-0.07787856
0.8052173
-0.2123653
0.5315492
-0.8214009
-0.2842735
0.9519064
-0.9989836
-0.5858838
0.4207761
-0.02647497
-0.4300962
1.346202
1.649808
3.574189
-0.3782138
0.8190104
-0.08396024
0.4235647
-0.3929092
-0.1874525
-0.2790578
-0.5273901
0.07017706
0.2436167
0.02253142
0.2021343
2.134399
0.4097771
-0.6637688
-0.1541022
-0.4781269
-1.175076
0.2744856
-0.1196637
-0.3481239
-0.5438674
0.8492492
0.4348720
-0.6455328
0.1243964
0.04945279
0.9275013
-0.3699533
-0.4032470
-0.255777
-0.6088007
0.4673921
1.298614
1.386463
-1.098464
-0.1827570
0.3133263
-0.08161888
-0.331936
1.699024
-0.5670608
-0.8714955
-0.066236
-2.028922
-0.2686728
0.8349653
-0.3998871
-0.1988702
0.4913712
-2.028922
-0.4244064
-0.8714955
-2.028922
0.6997146
2.745273
-0.7827742
0.2655664
-0.469045
0.3738247
0.82061
-0.9176908
0.2744856
0.1110236
-1.506050
0.8413225
-0.497047
-1.110293
2.251288
-0.1802905
0.4604462
1.151584
0.6677997
1.112083
-0.5316446
-1.074293
0.4159352
-0.1273160
0.3614663
-0.3685806
1.403497
0.0625657
0.1687993
-1.478042
-1.218330
0.1001364
0.2609943
-0.3145717
-0.1876999
0.3610850
-0.7481524
-0.3105895
0.8460811
0.2212505
0.1623626
0.309822
-0.03651236
0.6542482
-0.4896286
-0.1587257
-0.5423341
-2.028922
-0.0611351
-0.1265973
-0.5761281
-1.353897
0.3861199
-0.3151034
0.1039853
-0.7552877
1.284617
-0.3680318
-0.8909494
2.638033
-0.5377435
0.4439176
0.0406647
-0.082321
0.04198529
-0.3481239
3.036912
0.4895626
0.2349786
-0.8304915
1.305454
-0.5165049
0.575309
-0.6704608
-1.414686
2.272209
1.601807
0.2139487
0.523707
0.09970837
-0.3212294
-2.028922
-0.5143974
0.7073855
-0.4395289
-0.262987
0.9609118
2.110251
-0.1765970
0.7113791
3.111913
-0.3354303
1.478609
0.8029656
-0.4588544
0.3842324
-0.529212
-0.898986
-0.2588634
-0.03103117
-0.02488275
2.319411
0.2542188
3.61874
0.1282019
0.2592028
0.2486239
1.517368
-0.3233653
0.4282051
0.01852945
0.777103
-0.4562446
0.3288380
-0.6921002
-1.727041
-1.074293
-0.5243585
-1.026789
1.082056
0.4097771
0.4967893
-0.3015970
-0.2598934
0.6443805
-0.07484482
1.012437
0.1099587
-2.028922
-0.5623928
-0.5195207
-1.230222
-0.5286044
0.6200663
-1.060549
-0.06067204
1.563326
-1.143635
-0.09948443
-0.3906826
0.5591619
1.074724
-0.3079397
-0.1726653
-1.432756
0.2847493
-0.7339999
-0.300015
0.01986431
-0.3854065
0.1508959
3.367055
4.646659
0.1933349
0.6711769
-0.1096662
0.005580661
-0.3887368
-0.4229871
0.7542762
0.6995476
-0.3672090
-0.1175169
0.4161216
-0.7481524
0.1894357
-0.07437851
0.2277212
1.429946
0.7475557
-0.5195207
0.6200663
-0.003847735
2.293345
1.319092
0.232159
-0.5286044
-0.3432512
0.08423972
-1.096508
-0.3121812
0.6571336
-0.2214179
0.08208233
-0.1543453
0.1286244
0.2149642
-1.340529
-0.8308718
-0.1876999
1.079125
0.1812043
-0.2598934
0.2458212
-0.5301237
-1.055387
-2.028922
-1.074293
1.533776
0.751
-0.1988702
0.3384813
-1.213286
-1.353897
3.151469
5.050796
0.4677571
0.1311572
-0.4315218
-0.2176405
-2.028922
1.975972
-0.6314413
-2.028922
-0.2343207
-0.1743844
-0.4272488
0.3666076
1.373095
0.3637527
-0.03103117
0.369649
1.015432
0.1894357
-0.9467748
0.2084567
0.2462218
0.4967893
0.6499993
-0.6363407
-0.07111745
-0.2191505
0.06735321
0.003788148
0.3760993
0.01407362
0.2713183
-1.577109
0.4586151
-0.4837196
-0.09241255
-0.1473094
-0.2635031
-0.0507424
-0.437237
0.4444703
-0.5500168
-0.4224197
0.6067881
-0.2606663
-0.01739353
-2.028922
2.181847
-0.6934643
-1.43659
-0.2879338
1.054101
0.1996822
0.3576508
-0.9074865
-0.08935608
0.5000345
0.06843976
-0.4221361
0.7271305
1.426255
-0.6481703
1.491576
0.7706001
0.4786836
-0.3879036
-0.4401023
1.578515
2.054838
-0.1018475
0.4604462
0.4114581
-0.1035034
-0.2063551
-0.2655692
0.7542762
0.2045838
0.9265764
-0.6788724
-0.8481108
1.299983
-0.8695288
1.471457
0.9217932
-1.123281
0.7989402
-0.2366073
-0.02397347
0.3955353
-0.1743844
0.4302442
1.488857
-0.8026785
0.206623
-0.1179938
1.050404
0.5728583
-0.7297842
-0.1729107
1.05927
-0.3579118
0.2939871
-0.5171076
0.1103847
-0.2381333
-2.028922
-0.1926561
-0.3378536
0.3176023
1.034828
0.1687993
-1.353897
-0.1316340
-0.3492086
-0.1009019
-0.2686728
-0.091942
0.1195239
-2.028922
0.03161801
-1.591456
-0.7481524
-0.3809765
0.2261052
-1.129339
-0.1196637
0.007371597
-0.2619552
-0.3721521
0.1696285
-0.4646695
-0.3837438
-0.1268368
-0.6155548
0.5503439
0.1945648
0.2139487
-0.7624632
-0.1053975
-0.5122929
0.2159793
0.1877918
-0.2378789
0.1205841
1.283517
0.6102434
-1.283333
-0.1582385
0.01852945
-0.3300575
-1.274221
1.964578
-0.5915788
-0.39486
0.533506
2.324856
-0.1704573
0.1207960
0.3557408
0.08876308
-0.1441639
0.06517842
-2.028922
-0.3691295
0.9519064
1.019919
-0.3865158
0.02962683
-0.03399828
-1.039141
0.2542188
-2.028922
0.727957
-0.5286044
0.441521
-0.006774958
0.009160958
0.5021957
0.2220603
-0.1906720
-0.4937785
-0.1558043
-0.1006656
0.2914357
-0.5676843
-0.6478404
-0.5947524
0.1195239
0.7591834
1.319092
-0.8251803
-1.196695
0.5183462
-0.03788501
0.7030524
1.264202
-0.1820167
-2.028922
-0.5225425
0.008266474
-2.028922
1.4983
0.4082819
1.501399
-0.3898484
0.3923382
-0.262987
1.570928
-0.2821853
1.095210
1.037801
0.3515334
-0.3973716
0.1918992
-0.2868872
-2.028922
2.829380
-0.2176405
-0.005648602
-0.9417337
-2.028922
-0.1182322
-2.028922
-0.2101091
0.2387995
0.2625857
0.7393378
-0.09594525
-0.2947520
0.3094323
0.6320799
0.5422046
-0.5500168
-0.05627836
0.0625657
-1.074293
-0.6149102
1.159168
4.12825
1.262957
-0.1558043
-0.3644691
0.1258771
-0.03902962
-1.472282
-0.2921264
1.117012
1.825227
2.060636
0.9298123
0.1269342
-2.028922
-0.09006099
0.4420742
0.4402295
-0.1707025
0.7125428
-2.028922
0.4282051
0.6913523
0.2092711
-0.8597447
-0.4184538
-0.5947524
-0.2003648
-2.028922
0.9211754
0.02341969
0.6750555
-0.1524017
-0.2176405
-0.2637613
-1.402930
3.471597
-1.330671
2.876051
0.5183462
0.9396522
0.05383293
-0.5119924
0.7047198
-0.1316340
0.4571493
0.2072344
0.3751519
-0.3454151
-0.3459565
3.68292
-0.2832291
0.2167911
0.5854375
-0.5346909
-0.1519161
1.120631
-0.09076616
0.5093864
-0.2277313
0.1561155
0.3700289
0.7213378
-0.1716836
0.2317559
-0.06553964
0.2031553
1.841743
0.06648356
0.2180082
-0.8000801
-0.07251438
0.1114494
-0.4911094
0.8634624
-0.7769375
0.640628
-0.4793026
1.031852
-0.3172317
-0.6594366
-1.074293
0.2228699
-0.3212294
0.2920247
3.345902
-0.1746301
-0.6471807
-0.3917955
0.2351798
-1.135948
1.137225
-1.469017
-1.241714
-0.1516734
1.919828
0.4244934
0.2780436
2.022801
-0.1089541
0.4337621
0.8276371
0.7284528
0.1406290
-0.1509454
-0.1424723
-2.028922
-0.1582385
-1.425161
-0.0413208
-0.6571095
0.2273173
-0.5240557
0.5591619
-0.2307695
0.4567827
0.2738920
-1.456144
-2.028922
0.701384
-0.3743538
1.108309
0.9747484
0.1760440
0.7741786
0.1914888
0.6440395
-2.028922
-0.5969782
4.041048
0.1594495
-0.1139444
0.0647432
1.264202
0.369079
0.7030524
0.1366348
1.198092
-0.5195207
-2.028922
-0.4896286
0.003788148
0.3094323
-0.3754557
-0.3185632
0.3442484
0.7787265
0.2631821
0.7176905
0.3945954
-0.3052941
0.2331664
-0.5874635
-1.175076
1.491576
0.0625657
-0.1196637
-0.350837
-0.7078724
-2.028922
-0.4748982
-0.2327979
0.1184632
-0.3354303
0.1873807
-1.133400
1.498688
-0.2366073
0.3094323
-0.620399
-2.028922
-0.8985829
-2.028922
2.93368
-0.3492086
0.2681466
-2.028922
-0.1778273
-0.6036762
0.3614663
-1.698228
-0.8993894
-2.028922
-0.4751915
-0.5748741
-0.7660662
-0.4269643
-0.4074568
3.111913
-0.6281845
0.3288380
0.1774901
0.5941376
-0.8527505
0.3127426
-0.4681689
-0.2947520
0.3823435
0.5422046
-0.4649608
-0.9259223
-0.3140402
-0.7842377
0.135793
-0.3920739
-1.410251
-2.028922
-0.2926512
-1.308193
-0.7410567
0.1766639
-0.8993894
-0.1633607
-0.44441
-0.5365217
0.3671781
-1.340529
-0.2051055
0.1488045
-0.3749047
0.4051015
0.9288881
-0.2176405
0.5315492
-2.028922
-0.2264668
0.588921
-1.220581
-0.6788724
2.256927
0.2800179
-0.4300962
-0.5515581
-0.9362988
-1.138503
-0.646851
0.07927442
-0.6291608
-0.5795823
-1.138503
-0.02784074
-0.1020840
-0.1196637
-0.3362376
-0.7805822
0.0625657
-2.028922
-1.571098
-0.5761281
-1.074293
-0.3212294
-0.8809828
-0.6768488
-2.028922
0.1584082
-0.378766
0.02962683
-0.2021099
-0.9404771
0.3647047
-0.3440623
-0.05581643
0.872114
-2.028922
-0.5386605
0.1078272
0.3365558
-2.028922
-1.183657
-0.7956385
-0.8813798
-0.8404181
-0.1004293
-0.8120037
-0.1232469
1.196962
-0.04109156
1.291760
0.861256
0.2149642
-0.3754557
-0.4229871
-0.7499325
0.7714138
-0.3087342
-0.1172786
-0.7798524
0.8381457
-0.07811212
-1.128326
3.297788
0.1679699
-0.255777
-2.028922
-0.2272254
1.182947
-0.5137958
-0.2366073
-0.3440623
-0.1494901
-0.952686
-0.438669
0.9747484
-0.03217184
-1.123281
0.2806098
0.3448243
0.5626807
-0.07204862
2.166018
-0.1196637
0.3162426
3.767099
1.578515
-2.028922
-0.3212294
0.4940817
-0.2460386
0.05536381
-0.7769375
-0.7610248
-0.2542358
0.4067858
-0.2992245
-0.006549636
-0.8675653
1.468722
0.7852106
0.2738920
0.922102
-0.2532091
-0.4498833
0.2098818
-0.4481529
-0.02761305
0.6542482
-0.06670038
1.018274
-1.008763
0.3766677
-0.8404181
0.6677997
-0.3926307
-0.5171076
0.1976367
0.9134425
0.3738247
-0.7144422
0.1554898
0.737856
0.4457595
-0.04706035
-0.255777
0.1324225
-0.2973815
0.79168
-0.3754557
0.1584082
0.484129
-0.4315218
-2.028922
-2.028922
0.2440177
1.144412
0.5503439
1.096668
-0.05143354
-1.133400
0.7991013
0.6708394
0.01228857
-0.1101411
-0.2277313
-2.028922
-0.1983723
0.4604462
1.643609
0.3861199
0.6192061
-0.1582385
-1.425161
-0.003847735
-0.692441
-0.07204862
-1.282722
-2.028922
-1.036842
0.1311572
0.9288881
1.278010
-0.5313403
-0.2226788
-0.2176405
0.06909141
-1.752244
0.0406647
2.131114
-2.028922
0.1687993
0.3301905
-0.4156269
1.465594
0.02962683
1.621832
0.1248195
0.9046022
-2.028922
0.9996755
-0.1196637
-0.6455328
-1.018637
0.5127949
-1.283333
-0.3212294
0.2776485
-0.2686728
-0.3609141
-0.7502888
0.637212
-0.612978
0.4433647
0.1056937
0.3280649
-1.233079
-0.3212294
-0.1507027
1.038841
2.295980
0.3586053
0.309822
-0.6004827
1.215413
-0.3557318
2.505315
-0.03217184
-0.9404771
1.201338
-0.003847735
0.6440395
1.237947
-0.9744995
2.099228
1.015133
-0.7241844
-2.028922
0.8791735
-0.3105895
-0.7410567
-0.331936
-0.7392889
-2.028922
0.6711769
0.03183913
0.2301429
0.4895626
-1.410251
0.6038475
0.5084887
0.2108992
0.1548639
0.3709784
0.08811748
-1.159213
0.9365807
-0.1082423
-0.3332791
-0.5571202
0.8983824
0.1243964
-0.123486
-0.02875177
-0.4955604
-0.8157538
-0.4914058
-0.689036
-0.983178
0.9913893
-2.028922
-0.6396166
0.5036355
0.9134425
0.6880001
-0.3335479
0.7465708
0.9173115
0.5147661
-2.028922
1.860533
-0.2947520
0.360513
0.1955892
-1.246359
-0.6721389
0.1103847
-0.1618958
1.101039
-2.028922
-0.3644691
2.170361
-0.2573195
-0.3356993
-0.5630143
0.5021957
1.060008
-0.3212294
0.1056937
-0.1196637
1.491576
-0.4269643
0.7263037
-2.028922
-0.4487295
-1.074293
-0.6671107
-0.1753674
-0.1013746
0.706053
0.4235647
-0.1926561
0.6711769
0.3191552
2.234007
-0.2501325
1.623704
0.5965684
-0.4060524
-2.028922
0.3461677
-0.5780112
-0.8289716
-0.6291608
-0.05373912
-0.2842735
2.231762
-2.028922
1.256584
0.3288380
-0.141265
0.973231
0.6071338
-0.5627035
-0.01377242
0.0982094
-2.028922
-0.5780112
-0.2622131
0.6036744
-0.3920739
0.04879498
0.574084
0.8869973
0.02008670
-0.009706424
-0.1053975
-0.3346233
-1.123281
-0.3311307
-0.2929137
0.3442484
-0.1788122
1.497266
-0.7660662
-0.6781975
-0.04568134
-0.4303812
2.054838
0.2839614
0.3968506
-1.381461
-0.5708059
0.4595308
-1.123281
0.0755969
3.068297
-0.7339999
1.310234
-0.3754557
0.4779566
1.386463
0.0625657
0.4993137
0.1479674
2.130567
-0.3429809
-0.37711
0.1374763
-0.4825405
0.1404189
0.09370618
-0.07671118
-0.6455328
0.1301022
-0.05512375
0.4448387
-0.2986977
-1.143635
1.306274
1.208383
-0.1364434
-0.5617715
1.214008
-2.028922
-0.2091073
-0.1084795
-1.395692
0.05820388
-1.074293
0.3599409
-0.6788724
0.6732012
0.2729025
0.3861199
-0.3639217
-0.04086235
-0.8953625
-0.37711
1.491317
-0.5865155
0.03360727
0.6644182
1.407743
0.2740899
-0.5408023
-0.3394710
-2.028922
0.946092
0.0788421
1.613710
0.628653
-0.4470003
-0.003847735
-0.1729107
1.086447
-1.006532
0.6881678
0.2502238
-0.5162036
-2.028922
-1.220581
0.3298041
1.086447
0.7088837
3.350987
0.04967202
-1.265218
-0.2234358
0.9898803
0.5674235
-1.018637
-0.6392887
3.369588
-0.1376476
-0.1244428
0.1305243
-0.07531125
0.4604462
-0.7481524
0.1311572
1.165878
0.6880001
0.9273472
-0.9304759
1.108309
-0.688356
0.9072415
-0.02102118
0.4383834
0.03228131
2.549318
-0.05420055
-0.6314413
0.2520225
0.6711769
-0.1201410
-1.115266
0.01184206
-0.07951407
1.78661
0.2790309
-0.2947520
-0.3672090
1.105403
-0.1058713
-2.028922
-0.1137065
-0.7234861
-1.113274
-0.3052941
-0.548477
0.2045838
0.442443
-2.028922
-0.008803981
0.3671781
-0.3562765
-0.262987
1.604191
0.2959479
-0.1196637
-0.1847326
1.086154
-0.2343207
-0.1402997
-0.1748758
-1.123784
0.08897824
0.5188828
-2.028922
0.811641
-0.5836751
-0.4111142
-0.2257086
-2.028922
0.1269342
0.9839879
0.07776093
-0.603037
-0.7769375
-0.4637958
0.8823055
-0.1594568
-2.028922
-0.3521952
0.6028089
-0.4603061
0.1912835
-0.1741387
0.1479674
0.4534809
0.1873807
1.312825
0.5649654
1.071198
0.507411
-0.3987686
-1.432756
0.02962683
0.3055318
0.1781096
-1.374461
-0.2455275
-2.028922
0.1741834
0.7007164
-0.2686728
0.7761286
-0.8550773
0.3760993
-0.2113622
0.3671781
-0.07717805
0.1078272
0.1867638
-0.1857212
1.19357
0.6711769
0.1667250
0.2456209
0.3094323
0.3094323
-0.3427106
0.4047271
-0.1011383
-2.028922
-2.028922
-0.2427192
-0.2686728
1.883893
-2.028922
0.1690067
-0.7092528
0.6711769
-0.8993894
-0.3754557
-1.401475
0.2285287
-0.3892925
-0.6132999
0.5432677
-0.239406
-2.028922
0.2387995
-0.5805258
-1.860842
0.4280197
-0.4890367
-0.4421112
-0.48549
-1.480529
0.2098818
-0.5423341
0.06125811
0.5644383
0.2200352
-1.074293
1.291760
-0.5849368
-0.5080925
1.390463
-0.2277313
0.462276
0.0424253
-0.09547385
-2.028922
-0.6412575
0.5556383
0.4928172
0.4641044
-0.08302336
0.3591778
1.783623
-0.6259093
0.2159793
-1.506050
0.3576508
-1.218892
-0.05766478
1.344041
1.325346
1.565862
1.017676
-0.4323778
-0.3089991
-0.2829681
-1.767486
2.283107
-0.1282747
-1.425161
0.8539947
0.3776146
-0.488445
0.6114517
-1.029065
-0.7787585
1.161596
0.441521
-0.2666031
-2.028922
-0.8833668
-0.6788724
0.2502238
-0.02647497
0.6002105
2.686598
0.2301429
-1.074293
1.891571
-2.028922
0.7974896
-1.333941
1.108309
-0.1991192
-0.1968794
-0.5469389
1.316641
0.06648356
-0.08653899
-1.314543
-0.3153692
0.4322815
1.747598
1.009439
-1.072385
-1.027698
0.2488239
0.6508496
1.187201
-0.3212294
0.6235043
0.462276
0.1687993
-0.3095291
0.3259374
0.07299712
1.036315
-0.6788724
0.1163402
-0.1827570
-0.8597447
-1.272412
-0.793055
0.7296093
0.8317815
1.194277
-0.06090355
0.9444067
1.624951
1.079125
0.9273472
0.793295
-1.622783
-0.2837512
-0.0999568
-0.0818529
0.02519507
-0.3148375
-2.028922
3.521078
-0.2267196
-0.3180305
0.04484369
1.079125
0.4604462
0.3861199
-1.64707
0.4049143
0.7913568
0.5147661
0.4411521
0.1135772
-0.06670038
1.937329
-0.6856396
-0.3699533
-0.7842377
-1.230222
-1.367535
-0.7392889
2.191035
-0.3920739
-0.5225425
-0.2537224
0.04791756
0.2092711
-0.2416991
0.2482237
-0.6537919
1.490411
-1.353897
-1.108311
-0.6094426
1.323852
0.2853400
0.02297560
0.6711769
2.311230
0.05295764
0.44668
-0.9875444
0.1003505
-0.2450166
-0.1490053
-0.2455275
2.119048
0.03294439
-0.07204862
-0.2088569
0.6200663
-2.028922
-0.3002786
0.6542482
0.1056937
0.7047198
0.2542188
0.2180082
-0.07251438
0.8109993
0.8029656
1.079125
-1.308193
1.376442
1.046703
-0.3644691
0.4832222
0.6796016
0.9442535
0.06365473
-1.333941
-0.1582385
1.452531
0.1646488
0.2000911
3.260447
-0.851202
0.03515314
-1.255142
0.04616162
-1.381461
-0.262729
-0.9762294
0.6488084
-0.5068945
1.455147
-0.1731563
0.2750789
0.9265764
-2.028922
0.2853400
-0.2874104
-0.3954178
-0.8214009
0.4989532
-0.1254000
-0.6537919
1.173001
-2.028922
0.2301429
0.6114517
-2.028922
1.266969
0.4448387
0.2240837
0.1410490
0.3740144
0.1677624
-0.097832
-0.5062959
0.0406647
-0.1802905
-0.02647497
0.5503439
1.194277
-2.028922
0.5538747
0.1248195
-0.0461409
-0.07484482
-0.3348922
-0.7820431
2.210319
-0.566126
-0.8993894
0.1490137
-2.028922
-0.5195207
1.517368
1.587346
-0.3279131
-0.4872623
-1.727041
-0.1533733
0.9898803
-0.441824
0.2977111
-0.8481108
-0.6788724
-0.378766
0.8277967
-0.1222907
1.105258
-0.5362164
0.183265
0.826999
0.2750789
-0.2547494
-0.5286044
-0.1490053
0.2151673
0.4105244
0.2301429
0.7000486
-0.1357212
-1.601999
-0.2921264
-0.2378789
0.2301429
1.619960
-0.8120037
-0.8597447
2.637056
-0.1196637
0.3936552
1.522504
-0.1699670
-0.2947520
-0.5988887
-0.4426856
0.04638119
-0.4837196
-0.145615
-0.4822459
-0.2868872
-0.06322023
0.1955892
-0.8214009
-0.9488822
-1.440449
3.123511
0.397414
-0.3968131
0.09456467
-1.623907
-0.3212294
0.3740144
0.3614663
3.160433
-0.1533733
-0.4326632
1.680644
0.4374599
-0.1704573
0.6711769
-0.1648267
0.6317374
0.01318129
1.741561
-1.055387
0.1706645
-1.506050
1.090832
-0.2725599
0.9898803
2.829380
0.3496184
-0.0699541
0.1894357
1.987333
-0.3381230
-1.131367
-0.2699675
-0.3754557
-0.2640194
-0.4905170
-0.2686728
-2.028922
-0.1889377
-0.8210236
0.3446324
1.051884
1.848800
-0.1822635
0.1056937
0.7261383
-0.3804236
-0.2876721
-0.1196637
0.6880001
-0.2287434
-0.02261034
-0.8034219
-0.3265743
0.7601638
0.8508319
-2.028922
-0.0007000665
-0.1864630
0.03095450
-1.464156
-0.8589655
2.680796
-0.7130564
0.0406647
0.3109907
0.1884084
0.02962683
0.3375187
-0.3962549
-0.7481524
1.244356
-0.6373227
-1.659195
2.091162
0.56795
-2.028922
-0.1460990
0.06713583
0.037139
-0.5377435
0.3480854
-0.5377435
0.3230331
-2.028922
-2.028922
0.04945279
-1.440449
0.04330504
-1.733141
-1.374461
-0.4004466
0.5723329
0.6711769
-0.3837438
0.008937374
0.3154653
-0.8953625
-0.3413601
0.3864972
0.3288380
0.1456637
-1.389962
-0.2640194
1.027382
-0.5500168
-0.2046059
-2.028922
-0.1973769
-1.005196
-2.028922
0.1479674
-0.5346909
1.160168
0.6028089
-0.2751562
-0.5729951
0.1022756
0.383477
0.6916873
-1.289469
0.03272339
0.3681288
-0.3754557
0.4293175
0.4967893
0.9858022
0.3557408
-0.8365904
1.158596
-0.6788724
1.800438
-0.8442582
0.3148821
-0.6142658
-0.2310230
0.1968179
-0.5216353
0.2502238
0.523707
-0.2712633
0.6457437
-1.027243
1.523017
-0.06577174
0.3917735
0.1996822
-0.002947902
-0.786803
-1.230222
-0.3809765
0.3016247
-0.3641954
4.019992
-0.1497326
0.869757
-0.87386
-0.5500168
0.3500016
-0.5944347
0.1914888
-0.04821025
-0.07811212
-0.2414442
0.1687993
0.5281658
0.4420742
-0.2353366
-0.2751562
0.01852945
-0.9663205
-0.3346233
-2.028922
0.03183913
-1.353897
0.3480854
1.503206
0.3249697
0.0424253
0.7213378
-0.4819513
-0.4748982
-0.851202
-1.464156
-0.8597447
-0.4731400
0.02785527
0.02962683
-0.7151357
-0.1422308
-0.2973815
2.899683
0.4457595
-0.3265743
-0.6681148
1.386463
0.1054802
-0.1239643
-0.1415064
-1.623907
-0.1191864
-0.3257715
-2.028922
-1.230222
1.919828
0.3861199
0.9519064
-0.5000244
0.2301429
-0.6049556
0.3086527
0.607998
-0.4071758
0.174597
0.2898641
-0.6651046
-0.08278921
-0.2419541
-0.6917593
1.222988
-0.07998161
0.3861199
-0.7696795
-1.036842
-0.04936083
1.760006
-0.4684609
0.8691282
-0.5500168
0.01852945
-0.300015
0.1165526
-0.3993277
3.216328
-0.4878536
-0.1030301
-0.2414442
0.08423972
-0.9404771
1.292035
-0.2509011
-0.6330725
-0.3316675
-0.6033566
0.2859306
-1.548752
-0.2790578
-0.1316340
0.8823055
-1.367535
-1.187981
0.7213378
-1.255142
-0.5500168
0.2210480
0.1448254
-0.2591208
-0.1006656
-2.028922
0.3094323
0.784077
0.7542762
-0.8411852
1.854788
-0.736818
0.1123008
0.1687993
-0.5374379
-0.629812
-2.028922
-0.03696981
-0.856631
0.0211983
0.1161278
1.828063
-0.2427192
-0.8358263
0.3511505
1.256445
-0.370228
-2.028922
0.1273568
-0.03514065
-0.3535546
0.5732086
-1.027698
-1.175076
0.03294439
-1.128833
-0.6347057
-0.1006656
-0.07857933
0.4967893
0.8444958
0.9965144
-0.3906826
1.028873
0.4094034
-0.7304858
-0.5368271
-2.028922
-0.2287434
1.426255
0.3315421
-0.1393349
1.545523
-0.6788724
-0.6521361
-2.028922
-0.2211658
-0.763183
0.9227196
-2.028922
-0.4173224
0.01117211
0.06691843
1.878066
-0.4521936
0.06909141
2.240309
-1.727041
0.3528729
-2.028922
0.0406647
-0.2751562
0.9211754
0.07343064
0.1397887
1.192863
0.2898641
1.097834
0.6711769
0.3709784
-0.2963292
-0.4917022
-0.5543365
-1.659195
0.4011670
-0.04476254
-2.028922
0.3144932
0.9898803
0.2788335
1.643609
0.1976367
0.2470228
-0.7805822
-0.4088625
0.6114517
0.5326167
-0.04155006
-0.4985349
0.1385277
4.817173
-0.6452035
-0.1436804
1.305454
0.9350438
0.2301429
-0.05373912
1.504495
0.607998
-2.028922
-2.028922
-0.04775021
0.830985
1.941692
0.5854375
0.1374763
-1.559306
-0.1582385
-0.5944347
-0.4748982
1.964578
0.9747484
0.6711769
-0.04936083
0.3738247
-2.028922
-2.028922
-0.5969782
-0.5686201
-0.2018605
1.837031
-0.4298112
-0.6554497
-0.2640194
1.180109
-0.1201410
4.305889
-0.1196637
0.2402056
0.1370556
-1.320950
-1.050718
1.828772
-0.1765970
-1.123281
-0.7660662
-0.692441
-2.028922
0.4525629
-0.5371325
0.5854375
-0.2358448
-0.3672090
-1.388537
0.2653678
-0.7339999
-0.1704573
-2.028922
1.387663
-0.9238587
2.287226
-1.068582
-0.2371158
0.2603973
-0.1577514
1.655996
1.087909
-0.1027935
-0.2934387
-0.1125173
4.008682
0.9227196
-0.5201246
-0.4925917
0.1231263
0.1935399
2.397511
0.5326167
0.08423972
-0.02761305
-0.3592758
-0.6226653
0.857154
0.8029656
0.4931785
-0.3530107
-0.3976509
0.2387995
-0.6001638
-2.028922
0.1056937
-0.1628722
2.08031
-1.156075
0.5265615
0.07234667
-0.1655602
0.3459758
-0.2884573
-1.314543
0.9344288
-0.2214179
0.1322117
0.3253568
-0.4675851
-0.3212294
-0.5165049
-1.382165
0.7961996
-0.1499751
-0.09547385
1.291760
0.3319282
-1.027698
-0.4559549
0.2562137
-0.612978
0.1416788
2.312279
0.1188875
0.0625657
-0.2399153
-0.1680071
-0.04936083
-1.469832
-0.2774961
0.5521099
-0.3217631
-2.028922
-0.9107418
1.138376
0.6730326
0.9919927
-0.0585896
0.2898641
0.2053997
0.0625657
0.1157029
-1.727041
-0.6242864
-0.3252365
-0.02170209
0.0501104
6.160883
1.165878
-1.014137
1.340932
-0.1662939
-0.1775812
1.722175
-0.05627836
-1.074293
-1.317739
2.371701
-0.1244428
-1.289469
0.2106958
-0.4173224
0.5496371
-1.235947
-0.3804236
-0.1206185
-0.2989611
0.0406647
-0.2931762
-0.1631164
0.4151896
0.3442484
-0.3052941
-0.2689316
-0.8015642
0.6028089
-0.7047717
0.1912835
-2.028922
-0.6931231
-0.01399855
0.5147661
-0.1986213
0.56795
-0.5441743
-0.1460990
-0.1196637
1.555707
-0.4060524
-0.1337967
0.2592028
0.3671781
-0.5286044
-0.6043158
-0.4643782
0.1349509
-0.2176405
-0.1335563
0.9288881
-0.260924
0.5854375
-0.3590029
-0.6731468
-2.028922
-0.2720412
-0.2881955
1.741561
-0.04706035
-0.5976147
-0.9042407
-0.1020840
-0.5389663
0.5377702
-0.02283746
-0.1439221
-0.1946423
-0.6001638
-0.2196541
1.128289
-2.028922
-1.601999
-0.8026785
-0.1037400
-0.3876259
0.01941945
-0.7693177
0.4514610
0.3172139
-0.05627836
0.08337703
1.328334
0.2232746
1.034828
-0.5500168
-0.437237
2.815291
0.4155624
-0.4661266
0.8595213
-2.028922
0.3055318
-0.003847735
-0.096181
-0.8993894
-0.8597447
-0.2931762
-1.623907
1.881563
-0.5922129
-0.1137065
0.1142151
-0.1631164
-0.9087061
-0.8853574
0.5342172
0.1056937
0.7460783
0.3917735
-0.255777
0.737856
0.7171927
0.2621879
-2.028922
3.023853
0.3109907
0.01808430
0.1479674
-0.1218128
0.2996688
1.46429
-0.1378886
-0.445273
0.86031
-1.177748
0.7542762
-0.03788501
-0.07251438
0.07234667
0.8752537
0.8666115
1.261711
0.5021957
-1.176143
-0.1778273
-0.3292530
1.679416
-0.3754557
-0.02079426
-1.143635
0.03493237
-1.184736
-0.2573195
0.4441018
0.8979154
0.3528729
0.005356683
-0.255777
0.4330219
-0.08419453
0.82061
0.2402056
-0.3427106
-0.469045
0.5021957
-0.8746493
-0.001149434
-2.028922
-0.3159012
1.107583
2.453771
0.9747484
-1.300645
0.9288881
1.034828
-2.028922
0.0885479
-0.2088569
1.386463
-0.3103243
0.09370618
0.5538747
-1.317739
1.848800
-0.02533754
0.4420742
-1.131367
-0.7082174
3.785702
-0.90952
0.6320799
0.2039717
1.099874
0.5854375
-0.1299536
1.079125
0.1056937
-0.4588544
-0.627209
-0.06275668
1.252281
0.1282019
0.004684602
0.8126034
-0.2733384
1.137944
-0.1232469
-0.8026785
-0.2151266
-0.3672090
1.245331
-0.1304336
0.2641759
-0.3551872
-1.345845
-1.064794
-0.2921264
-0.3584573
-0.2738576
2.428286
0.5854375
0.4407831
1.741561
0.4967893
-0.1494901
0.09499379
-0.255777
1.729456
-0.7740292
-0.9573533
2.184443
0.00064744
0.8823055
3.264752
-1.204949
-1.529221
0.3749623
-0.3917955
2.110251
-0.2381333
-0.2986977
-0.02192911
1.116143
-0.04200867
0.7706001
-0.9034307
-0.1120418
-0.1876999
0.836556
-0.05396982
-2.028922
-0.1316340
0.1845005
0.8126034
-0.2480843
-0.3105895
-2.028922
-2.028922
0.3685089
0.3327001
-0.1165636
1.073990
-0.4187367
0.1781096
0.3172139
-0.1039767
-0.1533733
-1.123281
1.774769
-0.3346233
-1.381461
0.7542762
-0.4681689
-2.028922
-0.4684609
-0.3680318
0.4476001
0.4270922
-0.3265743
-0.5992074
-0.3694041
-0.7485083
0.03206023
1.250337
0.2898641
-0.4608872
0.4604462
-0.2616973
-0.5003224
-2.028922
2.070429
-0.5015153
0.1056937
0.6474468
-2.028922
0.4823152
-0.961614
-0.2429743
0.7475557
-0.1419893
0.3677486
0.02563868
0.9288881
0.1186754
1.886105
-1.353897
0.4133246
-0.1381296
0.2621879
-0.05166398
-0.212867
-0.1108537
-2.028922
-0.1163254
0.2228699
2.077093
-0.4429728
0.4420742
0.5854375
0.3480854
2.132210
0.1256656
-0.1842385
1.243382
-0.06229323
1.086447
-0.2404248
0.6863225
-0.2241931
-1.250445
0.4931785
1.625076
-0.5389663
0.4531137
-0.4687529
-0.1422308
1.359675
0.5326167
0.01852945
-0.497047
0.4996742
-1.289469
-0.4860805
1.128289
-1.044218
-0.5811551
-0.2429743
-0.1976257
-0.2902909
1.284892
1.069434
0.9865578
0.3063124
-1.123281
0.3949714
0.1479674
0.5414956
0.04945279
-0.559289
-0.1611637
-1.172411
-1.561251
-0.07251438
-2.028922
-0.03240006
-1.189608
0.170043
-1.289469
0.0885479
0.1374763
-0.3590029
-0.2013618
0.588921
-0.5045014
-0.6647705
0.4600801
-1.065739
1.668341
-0.6788724
-2.028922
-0.7481524
0.6028089
-0.1494901
0.2228699
-0.003847735
0.06169406
0.4494394
0.007371597
0.3055318
-2.028922
-0.3193626
-0.5231476
-0.4173224
-0.7058045
0.04044452
0.3721174
-0.2655692
0.8077886
-0.1030301
-0.1179938
1.618711
0.3526816
1.481336
0.3486604
-0.5549547
0.002442725
-1.074293
1.346472
-0.5602194
-2.028922
0.1770770
0.1163402
-2.028922
1.555707
-0.1376476
0.6380664
0.2408079
0.4721335
0.01050195
0.02408564
1.078539
-0.4010063
0.4030414
-0.2404248
0.3142988
0.6713457
-0.08653899
-0.3754557
-0.3920739
-0.04706035
-0.003847735
0.6880001
-1.571098
-0.6621009
0.3152709
-0.07507802
-2.028922
0.1056937
-0.04384416
1.238504
-0.1482783
0.3608944
-0.5463241
-0.03354151
1.470806
-0.4985349
-0.04200867
0.8349653
-0.7294335
-0.3249691
0.1894357
-1.218892
-1.088721
-0.7130564
-0.4360923
2.178383
0.7362087
0.3230331
0.3728763
0.2422128
-0.7085624
-2.028922
0.1741834
1.272356
-0.7206967
0.4786836
-0.1025570
1.235854
0.1269342
-0.003847735
-0.3962549
1.237249
-0.2790578
-0.3373148
0.4179845
2.356141
-0.7481524
-0.5748741
0.9350438
0.03183913
0.01630275
-0.1924080
2.10915
0.2098818
0.8190104
0.8106784
-2.028922
-0.1275557
-1.506050
-0.5198226
-0.7945306
0.09284734
0.7010502
-0.3535546
2.931476
4.008682
-0.692441
-0.2761958
0.4821337
0.6542482
-1.044681
2.91307
1.514025
1.291760
0.7989402
-0.6294863
0.08272978
-1.347180
0.3652757
-0.08372598
-1.218892
-0.6554497
0.1642333
-0.04407371
0.7229941
0.6975429
-0.003847735
-0.2206618
0.3635622
2.505114
-1.006087
4.721325
0.7097158
-0.1575079
1.964578
-1.230222
-0.8026785
-0.01626123
0.9671537
