0.357 1 2 1 15 50 0 0 140 83 83 120 70 136.25 1300
0.212 2 1 2 9 100 40 500 200 90 90 128 114 141.41 766
0.069 1 1 1 2 15 5 0 150 95 100 1 59 135.5 180
0.114 1 2 1 2 30 20 0 150 100 110 21 163 124.29 600
0.175 2 1 1 6 40 20 0 200 85 85 114 208 132.37 990
0.043 1 1 1 2 12 3 0 142.5 85 85 85 37 134.12 141
0.357 1 2 1 6 25 3 0 250 85 85 1 224 120 960
0.486 3 1 1 28 115 60 0 150 95 95 140 276 141.43 2035
1.663 1 1 1 44 670 276 0 275 82 82 951 528 123.88 4666
0.057 1 2 1 5 50 50 0 140 85 85 16 109 128.75 360
0.35 1 1 1 16 100 50 0 190 86 86 121 144 168.55 1267
0.192 1 1 1 9 28 57 0 135 93 90 39 141 142.05 1106
0.214 1 1 1 12 30 30 0 150 100 100 238 122 126.05 780
0.428 3 1 1 12 115 30 0 200 85 90 220 140 140.91 1373
0.325 3 1 1 18 60 40 0 120 90 100 140 205 155.71 1408
0.036 1 2 1 2 6 5 0 200 100 100 1 62 120.5 100
0.143 1 1 1 6 30 10 0 100 100 100 76 117 136.32 533
0.243 1 1 1 5 50 25 0 135 100 100 20 219 145 400
0.071 1 1 1 3 20 5 0 150 100 100 22 67 145.45 240
0.7 1 3 1 24 200 150 0 250 85 85 675 318 136.52 2534
0.801 3 1 2 24 500 200 0 150 90 90 550 165 152.18 2200
0.55 1 3 2 22 106 64 1500 135 90 90 395 60 146.84 1760
0.429 2 2 1 40 150 50 0 250 80 82 80 152 159.38 1680
0.186 3 1 1 10 75 25 0 150 100 100 106 196 130.19 784
0.114 1 1 1 4 25 25 0 140 100 100 4 244 152.5 500
0.143 1 1 1 5 25 10 0 140 100 100 1 141 120.5 550
0.358 3 1 1 14 80 20 0 100 90 90 130 223 140.77 1250
0.107 1 1 1 5 40 10 0 190 85 85 34 114 118.82 317
0.429 1 1 1 20 75 35 0 150 90 95 248 150 134.8 935
0.566 1 1 1 17 110 33 0 190 85 85 330 232 130.3 2154
0.15 1 1 1 5 30 20 0 140 90 90 1 183 120.5 350
0.072 1 1 1 3 15 10 0 175 90 100 60 75 140 195
0.667 3 1 1 32 300 100 0 135 95 95 880 126 138.1 2420
0.714 1 2 1 40 100 100 1500 300 85 85 352 164 135.06 2400
0.557 1 2 1 15 130 40 0 200 100 100 253 308 128.46 2395
0.358 1 2 1 14 100 150 750 135 100 100 250 18 129 1834
0.057 1 1 1 3 20 5 0 150 100 100 26 68 129.23 200
0.157 1 2 1 5 50 25 0 300 85 85 1 109 125.45 800
1.429 1 2 1 20 150 50 0 300 85 85 820 50 129.69 4400
0.357 1 2 1 30 200 25 1500 300 85 85 172 24 145.49 1400
0.08 1 1 1 3 20 5 0 190 90 90 1 165 130.5 192
0.143 1 2 1 5 25 25 1800 300 83 84 32 70 154.69 360
0.221 1 1 1 5 56 19 0 160 90 90 1 111 130.5 416
0.844 1 3 1 37 140 140 500 149 90 90 558 378 114.12 2992
0.357 2 2 2 14 100 50 1600 300 82 84 185 1 134.86 720
0.052 2 2 1 4 30 0 1200 350 100 100 1 46 135.45 200
0.42 1 3 1 18 100 50 0 275 85 85 254 441 126.77 1619
0.243 1 1 1 12 39 26 0 150 100 100 205 212 148.05 830
0.714 1 1 1 20 250 50 2500 190 90 90 351 110 140.8 2464
0.129 1 2 1 5 50 25 2325 350 85 90 8 78 165.63 600
0.215 1 2 1 7 50 28 750 200 90 90 20 253 130 1325
0.357 1 2 1 12 150 100 4150 300 82 84 35 85 125.71 2400
0.175 3 1 1 8 50 10 500 157.5 90 95 40 70 160 300
0.571 1 2 1 30 150 50 4000 350 86 90 44 178 142.05 2400
0.086 1 2 1 5 40 10 500 350 82 84 15 39 121.67 420
0.193 3 1 1 10 70 35 0 190 85 85 49 231 132.04 559
0.049 1 1 1 2 5 2 0 200 100 100 1 136 140.5 138
1.036 1 1 1 30 360 240 2200 190 85 85 510 100 142.68 4400
0.129 1 2 1 5 25 15 0 160 90 90 16 144 132.5 320
0.157 1 1 1 5 27 13 0 170 90 90 30 270 150 450
0.818 3 1 1 23 107 31 0 190 85 85 660 470 129.09 2542
0.179 1 1 1 4 20 20 0 190 85 85 20 95 130 634
0.557 1 1 1 18 115 15 0 190 85 85 465 82 141.53 1092
0.21 1 3 1 9 65 40 0 150 100 100 31 205 123.48 1240
0.357 1 2 1 10 100 90 0 100 85 85 1 92 145.45 1880
0.339 3 2 2 7 76 33 0 247 90 90 90 318 150 1210
0.357 1 2 1 15 20 5 0 200 85 85 1 182 130 1250
0.428 2 2 1 15 100 50 2000 300 85 85 180 1 140.56 2280
0.643 1 2 1 16 150 50 0 225 82 85 331 44 156.59 2800
0.249 1 1 2 20 100 100 0 150 95 95 410 25 160 3000
0.077 1 1 1 10 20 5 0 135 100 100 28 49 120.14 525
0.07 1 1 1 3 35 15 0 200 85 85 16 142 122.5 282
0.1 3 1 1 4 35 20 0 135 90 90 65 120 153.85 430
0.964 1 2 1 28 200 200 2700 100 80 80 104 297 145.67 3240
0.636 1 1 1 28 205 35 0 190 85 85 456 262 125.88 2218
1.945 1 2 1 55 400 200 0 135 90 90 1780 98 147.15 11589
0.036 1 1 1 2 10 5 0 160 100 100 28 12 131.43 98
0.03 1 1 1 1 8 2 0 200 90 90 5 35 140 115
0.071 1 2 1 3 20 5 0 300 100 100 24 128 125.5 300
0.339 3 1 1 15 150 40 0 190 85 85 176 244 136.14 1492
0.536 3 1 1 15 160 50 0 147 90 90 210 232 119.05 2070
0.129 1 1 1 5 20 10 0 190 90 95 1 144 130.5 256
1.428 1 2 1 60 350 150 12600 150 80 85 659 103 148.85 4600
0.143 1 1 1 14 30 10 0 165 80 90 180 36 142.78 375
0.357 1 1 2 16 40 20 0 123.75 95 95 370 91 137.84 880
0.858 1 1 2 25 200 100 0 135 90 90 1159 142 175.35 4125
0.343 1 1 2 14 120 40 0 140 90 90 245 105 153.67 990
0.3 3 2 1 12 70 80 0 180 90 90 172 318 165.99 1560
0.129 1 1 1 5 41 9 0 250 100 100 80 84 128.75 594
0.286 1 2 1 10 100 50 2000 300 82.5 84 48 104 131.25 840
0.071 1 2 1 5 25 10 0 300 82 83 52 11 113.94 300
0.079 1 1 1 3 25 10 0 175 100 100 28 94 128.57 300
0.193 1 1 1 5 40 20 0 160 90 90 10 159 126 550
0.429 1 1 1 19 150 50 500 190 85 85 425 156 146.35 1900
1.093 1 2 2 40 375 125 0 170 90 90 1210 90 146.53 7150
0.357 1 2 1 10 150 50 5000 250 84 84 200 15 152.75 1600
0.314 3 1 1 22 120 60 0 150 90 90 285 230 133.86 1638
0.281 1 2 1 10 100 50 0 150 80 80 50 98 140 1925
0.086 1 2 1 3 15 10 0 150 100 100 32 243 120 364
0.286 1 2 1 12 70 45 0 300 83 84 119 32 126.89 960
0.714 1 2 1 25 200 100 3000 150 84 84 448 47 142.32 4200
0.143 1 1 1 5 30 10 0 150 90 95 55 71 131.82 550
0.221 3 1 1 8 50 50 0 160 90 90 222 144 144.82 900
0.057 2 2 1 2 15 10 300 350 95 95 8 50 140 220
0.923 3 1 1 25 265 55 0 200 85 90 460 310 131.96 2922
0.106 1 2 1 3 20 15 0 200 100 100 16 195 150 330
0.272 3 1 1 12 180 25 1000 150 90 90 158 149 125.63 2347
0.014 1 1 1 1 5 5 0 100 85 85 1 17 140 42
0.572 1 2 1 20 110 40 1000 300 82 83 96 300 127.08 1800
0.5 1 2 1 30 50 50 0 300 85 85 88 224 121.08 1880
0.51 1 1 1 15 100 50 0 190 85 85 230 151 138.26 2528
0.193 1 1 1 8 50 25 0 160 90 90 137 110 145.62 840
0.186 1 2 1 7 70 42 750 160 100 100 60 98 165 598
0.215 2 1 1 16 50 20 0 120 90 120 60 303 140 756
0.129 1 2 1 7 100 25 900 250 82 82 90 113 147.78 1200
0.358 3 1 1 10 100 24 0 200 85 90 185 192 130 1227
0.604 1 1 1 25 155 30 0 200 85 85 330 103 138.79 1978
0.071 1 2 1 3 27 13 0 150 85 85 33 118 127.27 250
0.4 1 2 1 13 112 86 0 125 90 90 205 234 120.24 2456
1.053 3 2 1 45 235 115 1200 150 90 90 490 385 131.58 3970
0.429 1 2 1 15 60 20 0 160 100 100 252 162 139.44 1100
0.082 1 2 1 10 5 1 0 350 82 85 20 56 135.45 280
0.121 1 3 1 4 30 15 0 150 90 90 26 175 139.23 400
0.435 1 2 1 22 297 123 2375 150 90 90 398 244 124.77 3441
0.3 1 1 2 10 100 50 0 150 90 90 130 242 165.38 1500
0.222 3 3 1 10 61 31 0 135 95 95 12 221 120 1350
0.214 1 2 1 4 25 5 0 120 82 85 1 80 120 360
0.349 1 1 1 16 85 15 800 150 90 100 105 120 162.86 1107
0.472 1 2 1 30 140 45 0 135 95 105 510 95 147.84 2750
1 1 2 1 30 150 50 0 300 82 83 1 530 125.5 3800
0.35 3 1 2 20 75 25 0 120 90 90 140 180 135.5 1280
0.486 3 1 1 33 150 50 525 120 100 100 220 249 149.09 2120
0.714 3 2 1 50 100 100 1200 300 82 83 118 124 119.32 2400
0.315 3 3 1 13 114 67 300 150 90 90 146 239 163.01 1431
0.157 1 1 2 8 60 20 0 150 90 90 25 151 160 990
0.214 1 1 1 7 60 60 0 150 90 95 38 120 135.79 350
0.164 1 2 1 10 70 30 0 160 100 100 87 139 124.14 780
0.535 1 2 1 15 150 50 3000 300 85 85 216 234 145.93 2300
0.25 1 2 1 8 100 30 0 160 100 100 207 50 139.13 1300
1.571 1 2 1 40 350 150 7500 150 85 85 555 45 138.74 6600
0.644 3 1 2 41 202 68 0 170 90 95 325 694 139.54 2575
0.724 1 1 1 27 150 10 0 200 85 90 505 154 157.03 2391
0.179 2 1 1 5 40 0 0 190 85 85 30 96 140 493
0.029 1 2 2 5 10 15 0 350 85 85 1 80 125.45 200
0.143 1 2 1 10 25 25 1500 100 82 85 71 82 149.3 480
0.606 1 2 2 22 127 80 2400 150 90 90 122 692 127.79 2520
1.786 1 2 1 63 250 0 0 120 83 83 840 256 145.23 6000
0.424 1 1 1 18 130 20 0 250 85 90 98 258 138.57 1364
0.07 1 1 1 3 15 5 0 200 85 85 7 53 151.43 175
0.074 1 2 1 5 40 10 0 160 100 100 1 111 120.5 150
0.265 1 2 1 8 100 65 0 100 95 95 90 127 135 1492
0.179 1 2 1 9 50 25 500 120 90 100 130 149 143.08 855
1.714 3 2 1 65 375 125 7200 250 82 82 288 476 143.75 5760
3.572 2 2 1 105 400 400 10200 250 80 80 3519 1 154.49 17424
0.286 1 1 1 8 50 20 0 150 100 100 132 173 132.12 700
0.129 1 3 1 7 75 15 0 150 95 95 15 151 136.67 802
0.093 1 1 1 4 35 10 0 160 100 100 34 40 132.06 238
0.501 3 1 2 14 93 45 0 170 90 90 445 261 159.66 2750
0.092 3 2 1 3 14 14 500 120 95 100 5 96 120 234
0.321 1 3 1 10 75 30 0 160 90 90 10 260 120 1600
1.071 1 1 1 35 300 100 0 190 85 85 370 315 138.38 3872
0.3 1 1 2 13 80 45 0 150 90 90 175 91 142 1870
0.071 1 2 1 2 15 5 0 200 100 100 1 75 135.5 200
0.336 1 2 1 10 100 100 620 135 90 90 295 60 135.76 2843
0.2 1 2 1 16 25 0 600 150 82 82 35 162 147.14 480
0.574 3 1 1 41 104 53 0 140 100 100 410 155 142.68 1375
0.107 1 1 2 5 40 10 0 150 95 95 45 46 118.89 275
0.213 2 2 1 10 71 41 1600 120 90 90 53 177 139.81 1257
3 1 2 1 90 600 100 2600 120 82 85 1270 980 150 9000
0.357 1 1 1 14 125 25 0 100 85 85 160 196 141.25 1146
0.036 1 1 1 2 8 7 0 150 90 90 39 29 135.38 200
