-0.3824933
-1.006838
-0.5906083
0.03373652
1.698656
1.698656
0.03373652
-0.1743784
-0.3729200
-0.3824933
1.698656
-0.5906083
0.4499664
1.698656
-0.5906083
0.03373652
0.4499664
-0.5073623
0.03373652
-0.2842631
-0.5906083
-0.5906083
-0.7987232
0.03373652
0.4499664
0.4499664
1.698656
1.698656
-0.5906083
1.698656
0.03373652
-0.5906083
-0.1743784
-2.047413
0.4499664
-0.5906083
0.03373652
-0.7987232
0.03373652
0.03373652
1.698656
0.03373652
1.698656
-0.5906083
-1.214953
-1.214953
0.8029293
0.03373652
1.698656
-1.214953
-1.006838
-0.3824933
-0.5906083
-1.214953
-0.7987232
1.698656
1.594598
1.698656
0.4499664
-0.5906083
1.698656
1.698656
1.698656
-0.5906083
-0.7987232
-0.5906083
0.03373652
-0.7987232
-1.631183
-0.1743784
-0.5906083
1.698656
-0.5906083
-0.7987232
1.698656
-0.1743784
0.4499664
1.698656
0.4499664
1.698656
1.698656
1.698656
-0.3824933
0.03373652
-0.5906083
-2.047413
-0.5906083
-0.7987232
-1.006838
-1.006838
-1.214953
0.4499664
0.4499664
1.698656
-0.5906083
-0.3824933
0.03373652
0.03373652
0.03373652
-0.3824933
0.03373652
-0.5906083
0.4499664
-1.006838
1.698656
0.4499664
-0.5906083
1.698656
-0.7987232
-2.047413
1.698656
0.4499664
-0.1398313
-0.5906083
-0.7987232
1.698656
1.698656
0.03373652
-0.1743784
-0.5906083
0.4499664
-1.214953
0.4499664
-0.1743784
-0.5906083
-1.214953
-0.3824933
-0.5906083
-0.5906083
-1.214953
-0.5906083
-0.5906083
-1.214953
-0.5906083
-0.5906083
0.03373652
0.4499664
-1.214953
0.4499664
-0.3824933
-0.5906083
1.698656
1.698656
-1.631183
-2.047413
-0.5906083
0.03373652
1.698656
1.698656
0.4499664
-1.006838
-1.006838
0.03373652
-0.3824933
0.03373652
-1.214953
0.4499664
-0.5906083
-1.214953
0.4499664
1.698656
-0.5906083
0.03373652
-0.1743784
-0.3824933
-0.5906083
-0.5906083
-0.5906083
-0.3824933
1.698656
0.03373652
