3.912023
2.624669
3.039749
2.970414
3.339322
2.933857
3.194583
3.367296
3.144152
3.222868
2.97553
3.394508
2.70805
3.173878
3.496508
2.906901
1.974081
3.328627
3.508556
2.646175
3.230804
2.99072
2.624669
2.595255
2.850706
2.844909
3.173878
3.178054
2.995732
3.505557
2.681022
3.440418
2.595255
3.063391
2.734367
3.190476
3.104587
3.54674
3.284664
2.862201
3.912023
3.139833
3.465736
3.169686
2.917771
2.965273
2.960105
2.95491
3.025291
3.135494
3.00072
2.442347
3.367296
3.453157
2.879198
2.747271
3.206803
2.624669
1.974081
3.044522
2.721295
2.960105
3.912023
2.949688
2.701361
2.985682
3.077312
3.173878
2.862201
2.587764
3.015535
2.785011
3.152736
3.173878
3.314186
3.411148
2.85647
3.015535
3.427515
2.797281
3.11795
3.020425
2.995732
3.025291
3.169686
3.314186
3.877432
3.380995
3.020425
2.00148
2.949688
2.901422
2.821379
3.912023
3.086487
2.949688
3.843744
3.139833
3.456317
2.862201
3.100092
3.169686
2.322388
3.912023
3.186353
2.97553
3.487375
2.995732
3.122365
3.194583
2.424803
3.091042
3.11795
3.314186
2.388763
3.594569
3.122365
3.218876
3.126761
2.388763
3.091042
3.025291
2.341806
3.005683
2.595255
3.508556
2.631889
3.039749
2.815409
3.157
3.049273
3.387774
3.00072
3.126761
2.541602
3.387774
3.077312
2.484907
3.356897
2.901422
3.025291
3.912023
3.912023
3.131137
3.054001
2.351375
3.424263
3.618993
3.226844
2.646175
3.08191
2.928524
2.970414
3.912023
2.595255
2.747271
2.917771
2.97553
3.198673
2.995732
3.161247
2.476538
2.116256
3.397858
3.139833
3.730501
2.95491
2.572612
3.100092
3.152736
2.681022
2.509599
2.839078
3.202746
3.265759
3.299534
3.190476
2.879198
3.100092
3.273364
2.879198
2.397895
3.100092
3.65584
2.4681
1.722767
2.980619
2.965273
3.720862
3.131137
2.631889
3.178054
2.572612
3.353407
3.104587
3.912023
3.88773
3.173878
3.030134
3.218876
2.476538
3.881564
2.322388
2.014903
2.917771
3.566712
3.077312
2.97553
2.965273
3.00072
2.163323
3.280911
3.912023
2.985682
3.086487
2.844909
3.912023
3.194583
2.923162
3.126761
3.218876
3.597312
3.543854
3.277145
3.091042
3.218876
3.912023
2.572612
2.272126
3.815512
2.949688
2.778819
2.912351
2.727853
2.879198
2.091864
3.210844
3.78419
1.84055
3.020425
2.965273
2.721295
3.218876
3.190476
2.912351
3.763523
2.895912
2.70805
3.095578
3.828641
3.616309
2.939162
2.939162
2.624669
3.135494
2.564949
2.533697
2.960105
3.113515
3.756538
3.912023
3.063391
2.459589
2.261763
3.198673
3.131137
3.161247
2.674149
1.94591
2.667228
3.135494
3.165475
3.00072
1.609438
2.960105
3.589059
2.128232
2.839078
2.251292
3.148453
2.944439
3.433987
3.054001
3.010621
3.683867
3.00072
2.351375
3.109061
2.970414
2.97553
1.974081
2.66026
2.674149
2.541602
3.627004
1.94591
2.99072
2.140066
2.66026
3.077312
3.010621
2.785011
3.437208
3.589059
3.465736
3.471966
3.113515
3.025291
2.965273
2.174752
2.587764
3.273364
2.341806
3.139833
2.821379
2.809403
2.928524
3.33577
2.493205
2.884801
2.322388
3.744787
2.980619
3.280911
3.50255
3.417727
2.4681
3.11795
2.701361
3.169686
3.139833
3.182212
3.054001
3.210844
2.61007
2.99072
3.148453
2.778819
2.85647
3.779634
2.541602
3.072693
3.077312
3.148453
3.030134
3.912023
2.809403
3.091042
2.879198
3.126761
3.356897
2.873565
2.867899
2.174752
3.091042
2.624669
3.131137
3.144152
2.778819
3.394508
3.356897
3.328627
3.010621
3.11795
2.459589
2.912351
3.295837
2.128232
2.674149
3.499533
3.034953
2.525729
3.068053
3.139833
3.049273
2.80336
2.753661
2.933857
3.113515
3.478158
3.218876
2.772589
3.404525
2.970414
3.139833
2.747271
3.182212
3.054001
3.015535
2.939162
3.586293
2.99072
2.140066
3.453157
2.747271
3.11795
2.923162
2.791165
2.721295
2.587764
3.063391
3.210844
3.086487
2.839078
2.833213
3.449988
3.091042
2.815409
3.165475
3.552487
3.912023
3.063391
3.206803
3.034953
2.928524
2.549445
3.182212
3.314186
3.015535
2.944439
3.218876
3.561046
3.449988
3.034953
3.404525
2.667228
3.109061
1.609438
3.165475
3.346389
3.165475
2.917771
3.206803
2.653242
3.044522
3.194583
3.349904
3.493473
2.844909
3.077312
3.634951
3.404525
3.912023
3.144152
2.890372
2.70805
3.198673
3.772761
3.370738
3.370738
2.580217
2.61007
3.802208
3.054001
3.610918
2.639057
3.558201
2.939162
2.694627
3.025291
3.520461
2.60269
3.210844
2.734367
3.280911
2.985682
3.566712
3.044522
3.202746
3.068053
3.072693
3.010621
3.144152
3.50255
2.901422
2.714695
3.552487
2.85647
3.077312
2.572612
3.583519
3.005683
3.135494
3.299534
2.701361
3.100092
2.60269
3.148453
3.091042
3.552487
3.218876
2.906901
2.995732
2.960105
2.80336
3.332205
2.747271
3.08191
3.499533
2.965273
3.48124
2.646175
3.346389
2.379546
3.063391
2.116256
