0.097
0.113
0.09
0.064
0.099
0.111
0.064
0.108
0.066
0.055
0.098
0.074
0.07
0.064
0.087
0.06
0.081
0.083
0.069
0.086
0.08
0.061
0.063
0.067
0.061
0.087
0.06
0.056
0.083
0.06
0.06
0.056
0.08
0.082
0.058
0.061
0.06
0.083
0.08
0.069
0.092
0.083
0.071
0.071
0.06
0.064
0.107
0.056
0.07
0.102
0.061
0.088
0.071
0.083
0.074
0.074
0.062
0.055
0.065
0.109
0.057
0.068
0.06
0.087
0.07
0.062
0.084
0.058
0.07
0.083
0.082
0.063
0.062
0.06
0.065
0.088
0.078
0.083
0.078
0.086
0.074
0.06
0.079
0.084
0.095
0.104
0.062
0.074
0.071
0.091
0.078
0.07
0.084
0.062
0.083
0.069
0.077
0.084
0.061
0.056
0.069
0.084
0.086
0.081
0.064
0.062
0.087
0.067
0.08
0.091
0.061
0.064
0.061
0.066
0.078
0.076
0.096
0.072
0.062
0.074
0.06
0.09
0.072
0.081
0.099
0.063
0.081
0.07
0.079
0.071
0.074
0.086
0.089
0.081
0.09
0.058
0.074
0.06
0.06
0.077
0.079
0.064
0.066
0.065
