1.650466
2.834361
1.132511
-0.7913191
1.798453
2.686374
-0.7913191
2.464394
-0.6433322
-1.457260
1.724459
-0.05138436
-0.3473583
-0.7913191
0.9105309
-1.087293
0.46657
0.614557
-0.4213517
0.8365374
0.3925765
-1.013300
-0.8653126
-0.5693387
-1.013300
0.9105309
-1.087293
-1.383267
0.614557
-1.087293
-1.087293
-1.383267
0.3925765
0.5405635
-1.23528
-1.013300
-1.087293
0.614557
0.3925765
-0.4213517
1.280498
0.614557
-0.2733648
-0.2733648
-1.087293
-0.7913191
2.390400
-1.383267
-0.3473583
2.020433
-1.013300
0.9845243
-0.2733648
0.614557
-0.05138436
-0.05138436
-0.9393061
-1.457260
-0.7173257
2.538387
-1.309273
-0.4953452
-1.087293
0.9105309
-0.3473583
-0.9393061
0.6885504
-1.23528
-0.3473583
0.614557
0.5405635
-0.8653126
-0.9393061
-1.087293
-0.7173257
0.9845243
0.2445896
0.614557
0.2445896
0.8365374
-0.05138436
-1.087293
0.318583
0.6885504
1.502479
2.16842
-0.9393061
-0.05138436
-0.2733648
1.206505
0.2445896
-0.3473583
0.6885504
-0.9393061
0.614557
-0.4213517
0.1705961
0.6885504
-1.013300
-1.383267
-0.4213517
0.6885504
0.8365374
0.46657
-0.7913191
-0.9393061
0.9105309
-0.5693387
0.3925765
1.206505
-1.013300
-0.7913191
-1.013300
-0.6433322
0.2445896
0.0966026
1.576472
-0.1993713
-0.9393061
-0.05138436
-1.087293
1.132511
-0.1993713
0.46657
1.798453
-0.8653126
0.46657
-0.3473583
0.318583
-0.2733648
-0.05138436
0.8365374
1.058518
0.46657
1.132511
-1.23528
-0.05138436
-1.087293
-1.087293
0.1705961
0.318583
-0.7913191
-0.6433322
-0.7173257
