6
6
6
9
9
11
35
6
2
10
10
12
6
5
5
15
8
5
15
14
9
7
2
6
8
5
6
7
7
6
6
8
14
9
9
8
18
11
5
10
6
6
8
4
7
5
8
6
11
14
7
7
9
9
6
7
6
8
13
5
8
11
7
10
13
2
4
21
7
7
25
7
13
38
9
13
15
6
11
10
10
5
4
4
6
18
12
6
6
0
6
21
13
8
9
5
7
11
9
6
19
7
5
8
13
7
7
5
9
4
9
5
9
11
7
7
12
8
15
7
8
10
5
10
3
8
6
7
19
5
5
8
6
7
9
9
5
6
6
19
34
6
7
13
6
5
5
4
11
6
8
8
5
6
4
6
11
7
3
7
16
13
7
14
2
9
14
6
6
8
6
18
38
8
10
9
7
7
9
18
12
6
5
7
10
4
12
6
9
6
9
10
9
10
5
6
3
9
8
5
5
6
7
11
6
32
7
5
4
7
23
13
4
11
5
6
7
10
4
8
14
16
17
19
8
7
7
7
9
9
5
15
9
11
7
25
4
14
7
6
6
8
20
10
6
6
10
9
5
7
7
11
19
10
6
4
7
6
7
8
11
9
9
5
12
15
7
8
11
7
9
10
7
15
58
20
7
6
8
11
7
19
6
13
7
5
5
14
12
11
11
7
7
21
12
5
9
14
7
4
10
6
4
4
9
4
9
5
14
5
5
10
6
10
9
7
7
30
5
10
16
11
4
14
8
6
6
20
14
20
6
7
7
9
6
7
10
7
12
7
13
7
8
7
8
8
5
6
9
8
10
7
5
8
10
7
7
3
7
5
14
5
7
9
32
9
8
7
8
17
7
4
7
15
7
