9 26 107 10 1 1 1 22 0
7 25 107 0 1 1 1 8 0
4 5 107 0 1 1 1 31 0
12 5 106 4 2 1 1 7 0
2 21 106 10 1 1 1 19 1
10 24 106 10 2 1 1 7 1
10 11 104 6 2 3 1 7 1
12 13 106 15 1 1 1 7 1
1 24 106 1 1 1 1 37 1
8 18 106 6 1 1 1 11 0
3 1 107 1 1 1 1 31 0
3 27 106 6 3 1 1 10 1
7 19 107 1 2 1 1 37 1
4 28 105 0 1 3 1 12 1
8 9 106 10 1 1 1 17 0
3 8 106 4 1 1 1 14 1
11 11 106 9 2 1 1 14 0
7 17 107 0 1 1 1 5 0
10 6 106 2 1 1 1 19 1
12 1 106 9 1 1 1 10 0
2 2 106 10 2 1 1 15 1
9 6 108 10 1 2 1 10 0
4 7 105 0 3 3 1 23 1
7 18 106 9 1 1 1 3 1
9 12 106 6 1 1 1 25 0
4 9 105 4 1 6 1 5 0
6 21 107 0 1 1 1 8 1
8 31 106 6 2 1 1 17 1
6 13 106 4 3 1 1 10 0
5 5 107 10 1 1 1 20 0
11 1 106 15 3 1 1 17 0
6 14 106 15 1 1 1 7 0
4 20 106 10 2 1 1 14 1
8 16 106 2 1 1 2 3 0
9 28 104 10 1 6 1 27 0
7 14 105 12 1 6 1 3 0
3 13 108 1 1 2 1 15 1
10 11 106 4 1 1 1 11 1
10 9 106 2 1 1 1 10 1
1 6 106 4 1 1 1 20 0
1 24 107 9 1 1 1 7 0
10 27 106 1 2 1 1 11 1
8 11 106 6 3 1 2 41 0
10 17 106 2 1 1 1 7 0
11 2 107 2 1 1 2 8 0
11 21 106 2 1 1 1 10 0
10 6 106 10 1 1 1 7 0
12 19 104 6 1 6 1 10 0
11 1 106 9 1 1 1 19 0
10 27 106 9 2 1 1 7 1
9 28 106 1 3 1 1 8 0
7 18 107 0 1 1 2 15 0
2 3 104 10 1 3 1 22 0
9 1 107 0 1 1 1 27 0
7 25 106 1 1 1 1 4 0
5 16 105 0 1 3 1 19 0
11 21 106 4 1 1 1 11 0
2 27 107 10 1 1 1 7 0
1 6 106 4 1 2 1 12 0
8 29 107 10 1 1 1 7 0
11 1 106 1 1 1 1 10 0
10 13 106 6 2 1 1 8 0
11 16 106 6 1 1 1 10 0
2 17 104 10 1 7 1 26 1
6 29 105 1 1 6 1 12 1
1 18 104 1 1 6 1 27 1
8 14 107 10 1 1 1 5 0
3 15 107 13 1 1 1 18 1
12 1 106 0 1 1 1 15 0
5 12 106 4 1 1 1 11 0
4 24 483 1 1 1 1 13 1
10 13 106 15 1 1 1 11 0
12 11 104 1 1 1 1 30 1
8 30 106 6 1 1 2 29 1
4 7 106 10 1 1 1 8 0
11 2 106 4 1 1 2 7 1
11 16 106 6 1 1 1 6 0
8 28 107 15 1 1 1 14 0
5 24 106 10 1 1 1 19 0
6 9 106 4 1 1 1 4 0
1 6 106 4 2 1 1 7 0
9 6 106 10 1 1 1 4 0
7 16 106 4 2 1 1 27 0
4 19 106 15 1 1 1 4 0
6 13 106 1 1 1 1 7 0
8 1 104 1 1 3 1 24 0
12 7 106 2 1 1 1 19 1
12 13 107 15 1 1 1 10 0
6 30 108 0 1 2 1 15 1
3 22 106 9 1 1 1 11 1
5 4 106 15 1 1 1 10 0
8 1 106 15 2 1 1 8 1
5 1 106 1 3 1 1 17 0
2 22 107 0 1 1 1 11 0
12 14 104 15 1 1 1 14 1
8 30 106 6 1 1 1 7 0
2 1 106 1 1 1 1 8 1
5 30 106 15 1 1 1 12 0
4 18 106 15 1 1 1 0 0
8 1 106 15 1 1 1 10 0
3 7 106 4 1 1 1 27 1
7 28 104 2 3 6 1 20 0
3 28 106 6 1 1 1 7 0
1 23 107 1 1 1 1 16 1
11 22 106 13 1 1 1 7 0
12 15 106 6 2 1 3 8 0
10 12 104 8 1 6 1 5 0
10 24 107 1 1 1 1 7 0
9 25 106 1 1 2 1 4 0
11 15 106 6 2 1 11 10 0
7 6 107 12 1 1 1 15 1
9 8 106 6 1 1 1 20 0
5 10 106 4 1 1 1 7 1
4 19 106 1 1 1 1 19 1
10 9 106 6 2 1 1 5 0
1 10 107 1 1 1 1 5 0
5 26 106 14 2 1 1 22 1
11 22 106 4 1 1 1 4 1
12 20 106 10 1 1 1 31 0
10 20 106 4 3 1 1 10 0
11 29 106 8 1 1 1 15 0
1 19 106 6 1 1 1 14 0
12 14 105 8 1 3 1 11 0
11 7 106 14 3 1 1 31 1
12 4 107 10 1 1 1 4 0
2 27 107 0 1 1 1 7 0
9 25 106 10 1 1 1 7 0
3 10 104 1 1 6 1 9 0
7 3 104 9 2 6 3 53 1
5 19 107 4 1 1 1 8 0
4 21 106 6 1 1 1 7 0
10 31 106 10 2 1 1 30 1
8 1 107 4 1 1 1 14 0
11 7 106 10 3 1 1 7 1
9 27 106 1 1 1 1 32 1
7 7 106 4 1 1 1 7 0
12 12 106 6 1 1 1 3 0
5 18 104 10 1 7 1 19 1
11 3 107 0 1 1 1 6 0
6 17 483 0 2 2 1 23 1
3 30 483 1 1 3 2 55 1
1 20 107 0 1 1 1 10 0
11 27 105 10 1 6 1 10 0
12 5 106 4 2 1 1 7 0
9 19 107 10 1 1 1 15 0
9 26 106 15 1 1 1 8 0
3 22 107 4 1 1 1 4 0
10 9 106 4 1 1 1 4 0
11 1 106 10 1 1 1 7 0
8 9 106 6 1 1 1 7 0
2 27 107 10 1 1 1 4 0
8 4 106 2 1 1 1 7 0
12 27 106 10 1 1 1 8 0
3 7 106 1 1 1 1 14 0
11 6 107 10 1 1 1 14 0
3 2 106 1 1 1 1 9 0
1 30 107 10 1 1 1 17 1
9 28 106 15 1 1 1 7 0
6 28 107 0 1 1 1 7 0
7 28 106 1 1 1 1 13 0
11 3 483 2 1 2 4 10 1
7 14 104 1 1 3 1 19 1
2 8 106 15 1 1 1 23 0
10 19 106 1 1 1 1 10 0
2 12 106 4 4 1 1 18 1
1 12 106 15 1 1 1 14 0
1 5 105 10 1 6 1 13 1
5 3 106 4 1 1 1 3 0
8 8 106 10 3 1 1 7 0
10 2 106 1 1 1 1 7 0
1 16 107 11 1 1 2 8 0
8 22 106 4 2 1 1 27 1
5 11 106 1 1 1 2 31 1
1 13 106 1 1 1 1 12 0
5 19 106 10 1 1 1 16 0
1 26 107 1 1 1 1 27 1
11 28 106 10 1 1 1 22 1
8 17 106 10 2 1 1 27 0
2 10 106 4 1 1 1 14 1
3 7 107 4 1 1 1 14 1
6 13 104 6 1 1 1 30 0
12 25 106 10 2 1 1 11 1
1 24 107 4 1 1 1 7 0
10 4 106 15 1 1 1 10 0
10 30 106 4 1 1 1 11 1
10 30 107 4 1 1 1 10 0
10 13 106 6 1 1 2 13 1
11 20 106 4 1 1 1 14 1
4 24 106 4 3 1 1 30 0
8 17 107 0 1 1 1 13 0
2 21 106 10 1 1 1 11 0
5 9 107 0 1 1 1 19 1
9 8 106 6 1 1 1 12 1
7 25 106 4 1 1 1 14 0
3 28 107 1 1 1 1 4 0
11 30 104 8 1 6 1 7 0
3 28 106 1 2 1 1 7 0
6 28 106 11 1 1 1 14 0
5 9 106 1 2 1 1 20 0
10 25 106 15 1 1 1 13 0
10 17 104 10 1 3 1 16 0
5 25 106 9 1 1 1 6 0
1 12 106 6 1 1 1 7 0
7 13 106 6 1 1 1 23 1
7 28 106 15 2 1 1 18 0
10 26 483 9 2 6 1 28 1
10 25 106 4 1 1 1 10 1
3 20 107 10 1 1 1 10 0
2 3 107 0 1 1 1 7 0
3 14 106 4 1 1 1 20 0
1 25 483 14 3 1 1 18 1
9 1 106 4 1 1 1 10 1
10 24 107 9 1 1 1 17 0
2 3 106 15 1 1 1 7 0
8 21 107 0 1 1 1 19 1
5 6 107 1 1 1 1 16 0
12 27 107 4 1 1 1 7 0
6 9 106 0 1 1 1 4 0
10 18 107 10 1 1 2 7 1
4 13 105 3 1 6 1 4 0
6 20 106 15 3 1 1 20 0
8 7 483 13 1 1 1 21 1
8 2 106 1 3 1 1 25 1
1 19 104 6 1 3 1 26 1
1 16 107 15 1 2 1 16 1
12 29 106 6 3 1 1 22 0
10 5 106 14 2 1 1 26 1
3 7 107 0 1 1 1 14 0
3 24 106 9 1 1 1 23 0
7 13 106 10 1 1 2 16 0
5 19 106 15 1 1 1 17 0
2 3 105 14 3 3 2 33 1
8 23 106 10 2 1 1 23 1
7 3 105 1 1 6 1 23 1
2 24 107 10 1 1 1 7 0
7 26 108 4 1 2 1 5 1
1 3 106 15 2 1 1 10 0
4 22 107 6 2 2 1 4 1
8 25 106 2 1 1 1 19 0
4 11 106 10 1 1 1 7 0
1 9 107 10 1 1 1 7 0
5 12 107 1 1 1 1 4 1
8 31 106 4 3 1 1 17 1
9 15 104 1 1 6 2 4 0
4 27 107 1 1 1 1 10 0
3 2 106 1 1 1 1 14 0
3 20 107 6 1 1 1 10 0
11 7 104 6 1 6 1 20 0
11 24 107 10 1 1 1 10 0
7 18 106 5 1 1 1 10 0
4 11 106 1 1 1 1 19 0
6 12 108 14 1 1 1 5 1
10 31 106 2 1 1 1 10 0
2 6 106 11 3 1 1 27 1
6 12 107 0 1 1 1 8 1
7 12 107 0 1 1 2 7 0
11 29 106 15 1 1 1 7 0
12 13 106 4 1 1 1 17 1
3 7 107 1 1 1 1 14 0
3 9 106 9 1 1 1 0 0
4 6 483 1 3 7 2 16 1
7 20 104 15 1 6 1 22 1
7 12 106 10 1 1 1 0 0
8 22 106 10 1 1 1 0 1
1 23 104 1 3 3 1 10 0
11 13 105 10 1 6 1 20 0
7 18 106 4 3 1 1 10 0
6 16 106 6 2 1 1 30 0
5 1 106 10 2 1 1 7 0
3 29 107 4 1 1 1 20 1
12 14 106 6 1 1 1 15 1
6 13 106 6 1 1 1 30 0
1 26 106 1 3 1 1 17 0
4 25 104 15 1 7 1 5 0
2 15 483 4 1 2 1 16 1
4 10 107 9 1 1 1 25 1
4 28 106 6 1 1 1 5 0
5 18 106 6 1 3 1 15 0
11 24 106 15 1 1 1 13 0
10 20 106 4 1 1 1 4 0
6 23 108 1 3 2 1 29 1
7 11 106 15 1 2 1 15 1
12 6 107 14 1 1 2 15 0
4 19 106 15 1 1 1 7 1
5 22 106 9 1 1 1 4 0
7 27 106 1 1 1 1 7 0
3 6 107 0 1 1 1 4 0
1 11 105 10 1 6 1 17 1
2 13 104 4 2 7 1 32 1
9 18 106 4 1 1 1 3 0
8 7 106 6 1 1 1 14 0
8 12 106 4 2 1 1 4 1
12 8 106 4 1 1 1 7 0
10 3 107 1 3 2 1 13 1
9 20 107 0 1 1 1 18 1
10 5 106 14 1 1 1 11 0
1 27 106 15 1 1 1 17 0
4 26 104 15 1 3 1 30 1
1 11 106 4 1 1 1 4 0
10 9 105 5 1 2 1 7 1
6 20 105 1 1 6 1 9 1
12 7 107 10 1 1 1 27 1
10 30 107 14 1 1 1 10 0
9 19 107 10 1 1 1 12 0
3 10 106 4 1 1 1 10 0
2 6 107 14 1 1 2 12 1
11 10 106 4 1 1 2 7 0
3 21 107 0 1 1 1 10 0
3 8 105 4 1 3 1 19 1
4 19 106 6 1 1 1 10 0
10 17 106 10 1 1 2 4 0
2 13 106 10 1 1 1 14 1
1 4 106 15 1 1 1 4 0
10 3 105 4 1 6 1 17 1
7 13 106 15 1 1 1 1 0
10 19 105 10 1 6 1 8 0
1 27 107 12 1 1 1 8 1
9 11 483 4 1 3 2 26 1
6 26 107 1 3 1 1 17 1
2 6 107 15 1 1 1 14 1
7 17 106 6 1 1 1 10 0
5 1 106 1 1 1 1 8 0
9 25 106 10 1 1 1 8 0
6 20 106 1 1 1 2 13 1
6 1 106 10 3 1 1 7 1
10 25 107 15 1 1 1 16 0
2 7 107 15 1 1 1 15 0
1 3 106 1 1 1 1 17 0
9 26 107 0 1 1 1 28 0
1 11 106 1 1 1 1 5 0
7 24 107 9 1 1 1 10 1
1 19 107 0 1 1 1 10 0
7 10 106 15 3 1 1 23 0
4 13 106 14 1 1 1 27 1
8 18 107 10 1 1 1 17 1
7 8 106 9 2 1 1 3 0
6 6 106 15 1 1 1 6 0
5 17 106 4 3 1 1 8 0
2 17 106 14 1 1 1 18 1
11 9 107 13 1 1 2 14 0
8 25 104 1 1 3 1 12 1
4 23 107 6 3 1 1 20 0
5 3 106 6 2 1 1 15 0
5 24 107 4 1 1 1 11 1
9 1 107 10 1 1 1 18 1
2 8 106 6 1 1 1 15 1
2 1 106 15 1 1 1 5 0
8 4 105 15 1 3 1 16 0
4 5 107 13 1 1 1 23 1
8 29 104 13 2 3 1 40 0
5 16 106 1 1 1 1 7 1
11 16 107 4 1 1 2 18 0
1 12 106 10 3 1 1 4 0
9 13 106 9 1 1 1 14 1
5 1 106 6 3 1 1 14 1
11 14 107 14 1 1 1 17 1
9 22 106 6 1 1 1 14 1
12 4 107 0 1 1 1 4 0
11 9 106 9 1 1 1 21 0
8 29 107 7 1 1 1 13 0
8 28 106 4 1 1 1 34 1
7 11 106 1 1 1 1 7 0
2 23 107 1 1 1 1 16 0
7 9 106 15 2 1 1 3 0
1 4 105 1 1 3 1 19 0
11 6 106 4 1 1 1 4 0
5 22 106 4 2 1 1 25 0
5 11 106 1 1 1 1 8 1
4 25 104 1 1 6 1 4 0
7 15 106 15 4 1 2 32 1
10 31 106 1 1 1 1 27 0
6 27 107 9 1 1 1 4 1
1 31 107 10 1 1 1 10 0
5 15 106 6 1 1 1 20 1
7 13 108 12 1 7 1 5 1
