0.4699961
-0.03088312
-0.8170733
-0.03088312
0.2354071
0.7616473
-0.08160506
0.546079
0.1022620
0.7616473
-1.000940
0.4699961
0.9138131
-0.2274307
0.4953571
-0.2527916
-1.818832
0.0895815
-0.5571233
0.2227266
0.4192741
-1.539861
-0.7536708
1.008917
-1.279911
-1.425737
-0.8170733
0.4953571
0.6665436
1.046958
-1.489139
1.205464
-1.451098
0.31149
-0.06892458
0.6665436
1.35129
1.110361
0.7172656
-0.5571233
-0.2401111
-0.2908331
0.8884521
-0.9755793
-0.5951648
-2.104143
-0.2908331
-0.9375379
0.4953571
0.4699961
0.6285022
-0.6458867
0.4192741
-2.826930
0.4446351
0.6031412
0.1529839
0.4699961
-0.09428555
-1.159446
-3.498996
0.1656644
0.9962363
0.2734485
0.2227266
-1.330633
0.2354071
-0.7536708
-0.6458867
0.7616473
0.9264936
0.06422053
0.1149425
0.8630912
-0.132327
0.8630912
0.1656644
1.363970
0.546079
1.573198
-0.2908331
0.9962363
0.1783449
0.9011326
-0.2654721
-0.3859367
0.7616473
-2.002699
-0.05624409
-2.497238
0.8630912
0.6665436
-0.2781526
0.7172656
0.0895815
-0.005522147
-0.5571233
0.4699961
0.5587595
-0.132327
1.180103
0.6665436
-1.622284
-1.197488
0.007158339
-1.907595
0.336851
0.8630912
-0.005522147
-1.279911
-0.09428555
-1.622284
-0.2274307
0.2861290
1.034278
1.402012
0.520718
-0.4493392
-3.498996
0.4192741
0.7172656
-0.06892458
0.2354071
-0.3161941
-1.501820
-0.132327
1.046958
-2.896673
0.1276230
0.8884521
0.9138131
0.6285022
0.3622120
-0.8677952
0.2734485
1.325929
-0.3161941
0.2988095
-0.3605758
0.4953571
0.9962363
0.7172656
0.6665436
0.3875729
0.4953571
0.8123692
-0.3605758
-0.2274307
1.218145
0.2988095
-3.473635
0.7616473
1.110361
1.008917
1.180103
-3.277088
1.325929
0.3875729
0.6031412
0.9962363
0.1149425
0.8884521
-0.08160506
1.046958
0.4699961
0.9264936
-0.5571233
0.3622120
-1.539861
0.1529839
1.046958
0.3875729
-0.2781526
0.9455143
-0.8170733
-1.172127
-0.04356361
-0.2020697
0.007158339
-0.8994964
0.9455143
0.4192741
0.1910254
-1.083363
0.7616473
-0.06892458
