9.68 57.8 16.7 79 186 2 3 151 129 40
9.41 59.5 20.6 91.7 29 2 3 20 22 22.9
10.24 49 36.3 112.6 195 2 2 163 170 37.1
7.78 45.5 20.9 71.6 489 2 3 391 329 48.6
10.15 51.9 16.4 59.2 568 1 3 452 371 62.9
11.08 50.2 18.6 63.6 387 2 3 326 405 57.1
8.37 50.7 15.1 84.8 115 2 2 96 88 34.3
9.44 52.5 10.9 58.5 297 2 3 230 263 42.9
9.23 51.6 11.6 42.6 620 2 2 413 420 71.4
10.16 54.2 8.4 51.5 831 1 4 581 629 74.3
6.7 48.6 13 80.8 76 2 4 51 79 28.6
7.93 64.1 7.5 98.1 68 2 4 42 49 28.6
8.84 56.3 29.6 82.6 85 2 1 59 66 40
7.14 59 2.6 75.8 70 2 4 37 35 31.4
8.86 51.3 9.5 87.5 100 2 3 65 53 25.7
7.67 51.7 2.5 40.4 106 2 3 93 35 11.4
8.95 53.7 18.9 122.8 147 2 4 53 148 40
10.05 52 36.7 87.5 184 1 1 144 151 68.6
10.47 53.2 5.7 69.1 196 2 2 168 153 54.3
11.03 49.9 19.7 102.1 318 2 1 270 335 57.1
11.41 50.4 23.8 73 424 1 3 359 335 45.7
7.13 55.7 9 39.6 279 2 4 207 241 60
11.77 54.1 17.3 56 196 2 1 164 165 34.3
10.8 63.9 1.6 57.4 130 2 3 69 62 22.9
8.03 54.2 24.3 87.3 97 2 1 65 55 28.6
9.76 50.9 21.9 97 150 2 2 147 106 40
8.77 54.5 5.2 47 143 2 4 85 87 25.7
8.82 58.2 3.8 51.7 80 2 2 51 52 40
9.05 51.2 20.5 79.8 195 2 3 127 112 45.7
7.7 56.9 12.2 67.9 129 2 4 85 136 62.9
11.18 45.7 60.5 85.8 640 1 2 399 360 60
8.58 55 7.4 95.9 304 2 3 248 218 48.6
8.92 53.9 2.2 79.5 56 2 2 40 14 5.7
10.79 44.2 2.6 56.6 461 1 2 320 196 65.7
13.95 65.9 15.6 133.5 356 2 1 308 182 62.9
7.65 47.1 16.4 65.7 318 2 4 265 314 51.4
9.74 54.4 11.4 76.1 221 2 2 170 172 54.3
10.9 57.2 10.6 71.9 593 2 2 446 211 51.4
8.15 54.9 12.3 79.8 99 2 4 55 71 25.7
10.23 53.2 9.9 77.9 752 1 2 595 446 68.6
13.59 54 24.2 111.7 312 2 1 258 169 54.3
9.97 58.2 16.5 76.5 90 2 2 69 42 34.3
9.61 52.4 6.9 87.2 487 2 3 404 220 48.6
8.88 51.5 10.1 86.9 305 2 3 238 197 51.4
11.07 53.2 28.5 122 768 1 1 591 656 80
7.53 42 23.1 98.9 95 2 4 47 49 17.1
7.39 51 14.6 88.4 72 2 2 38 67 28.6
8.9 49.7 12.7 86.9 52 2 1 37 35 28.6
11.65 54.5 18.6 96.1 248 2 1 217 189 37.1
10.39 54.6 14 88.3 353 2 2 223 200 65.7
9 56.3 14.6 76.4 72 2 3 61 38 17.1
10.73 50.6 19.3 101 445 1 2 374 345 51.4
10.3 59.6 27.8 88.9 175 2 2 113 73 45.7
8.48 51.1 12.1 92.8 166 2 3 145 118 34.3
19.56 59.9 17.2 113.7 306 2 1 273 172 51.4
9.31 47.2 30.2 101.3 170 2 1 124 173 37.1
8.54 56.1 27 82.5 98 2 1 57 75 45.7
9.2 52.2 17.5 71.1 298 1 4 244 236 57.1
9.36 54.1 18.3 90.6 165 2 1 127 158 45.7
10.42 58 8 59 119 2 1 67 64 31.4
9.66 52.1 9.9 98.3 83 2 2 66 95 28.6
7.58 56.7 20.8 88 97 2 2 59 79 37.1
9.06 52.8 6.9 75.9 134 2 2 103 125 37.1
7.63 52.1 11.6 61.1 197 2 4 109 110 45.7
9.76 53.2 6.9 80.1 64 2 4 47 55 22.9
8.34 56.9 8.1 74 107 2 3 82 54 20
7.14 57.6 13.1 92.6 92 2 4 40 50 22.9
10.33 55.8 21.2 104.3 266 2 1 181 149 54.3
9.77 50.2 15.7 89.7 154 2 2 123 148 25.7
10.72 53.8 23.2 94.1 113 2 3 90 107 34.3
8.45 38.8 12.9 85 235 2 2 143 124 48.6
17.94 56.2 26.4 91.8 835 1 1 791 407 62.9
9.89 45.2 11.8 108.7 190 2 1 141 112 42.9
7.94 49.5 6.2 92.3 195 2 2 139 116 45.7
7.14 51.7 4.1 45.7 115 2 3 90 19 22.9
12.78 56.8 46 116.9 322 1 1 252 349 57.1
9.35 53.8 15.9 80.9 833 2 3 547 519 77.1
9.78 52.3 17.6 95.9 270 1 1 240 198 57.1
11.62 53.9 25.5 99.2 133 2 1 113 101 37.1
8.19 52.1 10.8 59.2 176 2 1 156 88 37.1
10.12 51.7 14.9 79.1 362 1 3 313 264 54.3
7.84 49.1 7.1 87.9 60 2 3 50 45 34.3
12.07 43.7 52.4 105.3 157 2 2 115 76 31.4
11.2 45 7 78.9 130 2 3 95 56 34.3
11.18 51 18.8 55.9 595 1 2 546 392 68.6
8.28 48.1 26 101.8 108 2 4 84 73 37.1
11.46 56.9 15.6 97.7 191 2 3 153 132 31.4
8.28 49.5 12 113.1 546 1 2 413 436 57.1
9.5 49.3 42 70.9 98 2 3 68 46 22.9
8.3 57.2 6.8 83.8 167 2 3 105 59 40
7.91 52.8 11.9 79.5 477 2 3 349 188 65.7
8.93 56 6.2 72.5 95 2 3 59 56 25.7
9.84 53 17.7 72.6 210 2 2 200 239 54.3
11.41 61.1 16.6 97.9 535 2 3 330 273 51.4
11.2 56.5 34.5 88.9 180 2 1 134 151 40
8.16 60.9 1.9 58 73 2 3 49 21 14.3
9.89 50.5 17.7 103.6 167 2 2 113 106 37.1
7.95 51.8 4.6 54.9 163 2 3 128 93 42.9
9.84 62.2 12 82.3 600 2 3 468 497 57.1
8.09 56.9 7.6 56.9 92 2 3 61 61 45.7
8.88 55.8 14.1 76.8 237 2 2 165 182 48.6
11.15 56.5 7.7 73.9 281 2 1 217 199 51.4
10.02 49.5 8.3 93 265 2 2 191 202 48.6
11.8 53.8 9.1 116.9 571 1 2 441 469 62.9
8.02 55 3.8 46.5 91 2 2 44 32 22.9
11.48 57.6 20.3 82 252 2 1 207 251 51.4
8.67 48.2 24.4 90.8 182 2 3 130 118 40
9.42 50.6 24.8 62.8 508 2 1 421 528 48.6
12.01 52.8 10.8 96.9 298 2 1 237 115 45.7
8.63 54 8.4 56.2 76 2 1 39 44 31.4
7.08 52 12.3 56.4 87 2 3 52 57 28.6
9.53 51.5 15 65.7 298 2 3 241 193 48.6
8.66 52.8 6.8 69.5 246 2 3 178 177 45.7
