0.5276
0.3096
0.2989
0.2802
0.5113
0.4121
0.4086
0.2381
0.3503
0.4819
0.477
0.5835
0.3588
0.3667
0.3185
0.4013
0.4624
0.3212
0.4313
0.5735
0.2894
0.4345
0.4325
0.3313
0.5703
0.4677
0.3007
0.4091
0.4419
0.4909
0.3089
0.2719
0.5437
0.5769
0.4007
0.4319
0.2471
0.4974
0.5581
0.4393
0.3682
0.3189
0.4035
0.3917
0.559
0.4414
0.3801
0.4326
0.4455
0.2185
0.5267
0.3498
0.3991
0.3418
0.4449
0.5523
0.5668
0.5439
0.512
0.381
0.3097
0.4325
0.5772
0.4802
0.6244
0.3214
0.4866
0.2683
0.3998
0.3195
0.3302
0.3087
0.4573
0.3004
0.4773
0.389
0.4903
0.3678
0.4401
0.4727
0.3408
0.6318
0.2578
0.4285
0.3799
0.428
0.4512
0.2406
0.5059
0.8291
0.3788
0.4388
0.4799
0.4187
0.5885
0.1593
