0.9957868
-1.028994
-1.136877
-1.32757
0.8547183
-0.03806257
-0.07069625
-1.767283
-0.626539
0.5963851
0.5528318
1.468393
-0.5440207
-0.4677888
-0.9399298
-0.1390225
0.422199
-0.9130291
0.1395299
1.385086
-1.233407
0.1688969
0.1505502
-0.8128856
1.358316
0.4697706
-1.118666
-0.06602933
0.2365578
0.676007
-1.036025
-1.413104
1.133654
1.413469
-0.1446542
0.1450412
-1.672039
0.7332134
1.255752
0.2128247
-0.4533642
-0.935941
-0.1183936
-0.2294201
1.263345
0.2319971
-0.3394861
0.1514681
0.2693485
-1.977122
0.988037
-0.6314091
-0.1596838
-0.7095783
0.2638890
1.20671
1.328973
1.135358
0.8608077
-0.3309134
-1.027990
0.1505502
1.415971
0.5812911
1.803729
-0.9110386
0.6380256
-1.450376
-0.1531062
-0.9299602
-0.8237554
-1.038034
0.3762594
-1.121699
0.5555025
-0.2549567
0.6707139
-0.4572092
0.2201317
0.5144924
-0.7193822
1.863498
-1.559695
0.1137799
-0.3413919
0.1091764
0.3211004
-1.740757
0.8076482
3.36444
-0.3518787
0.2082557
0.5786257
0.02325574
1.509849
-2.632046
