135 88 47 2.9 1 21 0 69 155 3 110 68 31 39 10
266 82 54 4.9 0 47 0 68 142 2 118 78 35 39 120
158 91 48 3.299999 1 50 0 71 180 2 136 90 36 40 45
322 87 92 3.5 1 43 1 56 120 3 120 98 32 41 60
443 185 23 19.29999 0 51 1 70 235 2 158 98 43 48 420
159 172 28 5.699999 0 65 0 70 181 1 142 81 43 49 480
251 118 38 6.599999 1 38 1 64 248 2 110 80 49 58 15
144 81 28 5.099999 1 30 0 72 165 3 118 78 31 38 180
182 85 43 4.199999 0 52 0 68 139 1 130 90 29 35 780
231 70 110 2.099999 0 71 1 63 155 3 150 78 33 41 900
170 69 64 2.7 0 20 1 64 161 2 108 70 37 40 120
241 86 63 3.799999 1 41 1 59 139 2 112 72 29 39 1560
192 56 42 4.599999 0 60 1 62 134 3 130 70 31 40 90
318 270 108 2.9 1 60 1 65 167 2 132 72 38 44 30
227 98 66 3.4 0 25 0 71 162 2 123 82 35 39 900
300 103 44 6.8 1 61 1 67 169 3 138 78 40 44 10
235 106 37 6.4 1 73 0 65 183 1 134 78 43 46 195
179 236 63 2.799999 0 55 0 75 186 2 122 74 38 38 180
190 228 57 3.299999 1 43 1 65 198 3 110 64 40 49 60
227 85 26 8.699999 1 58 0 70 211 1 144 82 38 43 480
225 83 42 5.4 0 36 0 67 192 1 149 89 40 42 30
135 88 34 4 0 29 1 65 123 3 118 61 26 37 240
293 85 94 3.099999 1 31 1 67 200 2 110 90 41 42 240
240 88 49 4.9 0 82 1 63 170 2 180 86 41 46 720
138 95 40 3.5 1 38 1 60 138 3 140 90 31 39 330
227 105 44 5.199999 1 83 1 59 125 2 150 90 35 40 300
197 120 37 5.3 1 43 0 71 179 2 146 98 37 44 30
214 67 47 4.599999 0 37 1 64 145 2 108 76 34 42 90
140 385 31 4.5 1 50 0 69 172 1 138 66 37 41 210
201 81 87 2.299999 0 48 1 68 146 3 145 95 32 41 600
219 78 67 3.299999 1 53 1 64 179 2 135 100 39 47 150
267 133 34 7.9 1 40 1 59 204 3 118 69 40 47 780
179 70 52 3.4 1 34 0 72 170 2 138 82 31 39 1170
201 100 46 4.4 0 27 1 65 145 3 121 75 32 35 60
207 102 43 4.8 1 46 1 63 179 2 212 114 38 46 150
211 225 29 7.3 0 61 1 63 144 2 190 100 40 42 120
189 75 72 2.599999 1 49 1 62 205 2 120 80 40 49 840
155 81 70 2.2 1 32 1 65 151 3 120 68 33 40 420
160 82 41 3.9 1 30 1 63 143 2 172 124 33 40 30
195 92 41 4.8 0 30 0 69 191 2 161 112 46 49 720
177 101 36 4.9 0 42 1 65 174 2 146 94 37 40 540
164 94 58 2.799999 0 28 1 67 180 3 128 94 39 43 270
208 95 32 6.5 0 56 0 68 183 2 131 75 36 39 20
244 89 92 2.7 1 21 0 71 163 2 116 76 34 39 180
156 86 34 4.599999 1 37 1 67 212 3 122 74 48 51 150
217 75 54 4 1 20 1 67 187 2 110 72 40 45 1440
226 97 70 3.2 1 20 1 64 114 3 122 64 31 39 90
179 85 50 3.599999 1 37 0 66 136 2 190 94 33 39 480
193 75 49 3.9 1 21 1 61 220 3 130 82 40 52 240
134 101 36 3.7 0 25 1 63 245 3 142 78 47 58 10
404 206 33 12.19999 1 56 0 69 159 2 162 88 38 39 570
155 58 69 2.2 0 26 0 73 174 3 110 76 30 35 180
128 223 24 5.3 0 60 0 67 196 2 110 68 42 43 450
230 86 37 6.199999 0 23 0 71 277 1 150 99 50 49 840
240 96 57 4.199999 0 54 1 65 175 2 152 100 37 43 60
255 112 34 7.5 1 82 0 66 163 3 179 89 37 43 60
226 279 52 4.3 1 84 1 60 192 3 144 88 41 48 210
232 184 114 2 0 91 1 61 127 3 170 82 35 38 120
177 87 49 3.599999 0 45 0 69 166 1 160 80 34 40 300
192 124 31 5.599999 0 30 0 72 250 2 142 79 43 51 120
225 74 36 6.3 1 53 1 63 182 1 126 80 38 46 540
223 88 42 5.3 1 74 1 62 165 2 250 100 41 46 60
212 88 36 5.9 1 37 1 64 160 3 124 82 37 45 15
296 262 60 4.9 0 74 1 63 183 1 159 99 42 48 300
160 71 44 3.599999 1 36 1 64 185 2 110 80 39 45 300
234 65 76 3.099999 0 47 0 67 230 1 137 100 45 46 480
163 83 57 2.9 0 31 1 65 120 3 136 86 29 40 240
228 76 53 4.3 1 54 0 66 170 1 121 62 36 41 420
194 87 65 3 1 54 0 69 129 3 170 96 30 37 15
269 73 34 7.9 0 41 1 62 160 2 126 90 39 41 390
179 81 35 5.099999 0 36 1 63 125 2 110 76 33 36 240
207 71 41 5 1 72 0 70 180 2 138 88 39 40 45
302 81 57 5.3 1 38 1 67 222 2 128 82 41 51 210
172 117 56 3.099999 0 48 1 63 170 2 130 82 35 42 240
214 111 59 3.599999 1 28 0 68 204 2 130 90 40 41 60
224 71 42 5.3 1 34 1 60 165 2 135 80 34 46 30
203 90 51 4 1 60 1 59 123 2 130 72 36 41 60
224 85 30 7.5 0 36 0 69 205 2 150 99 37 41 360
271 121 40 6.8 1 81 1 64 158 2 146 76 36 43 10
212 79 49 4.3 0 51 1 65 145 3 230 120 38 42 60
248 94 69 3.599999 0 34 0 71 190 1 132 86 36 42 195
147 86 34 4.3 0 38 0 69 205 3 130 96 39 41 480
171 85 61 2.799999 0 34 1 63 164 2 120 80 34 43 60
195 108 46 4.199999 1 59 1 67 172 3 150 102 38 43 300
204 113 35 5.8 0 59 0 73 187 2 148 76 38 37 90
194 54 57 3.4 1 63 0 70 181 1 184 76 37 42 60
209 91 36 5.8 1 37 0 70 262 2 130 94 42 48 450
279 270 40 7 1 60 1 68 224 1 174 90 48 50 180
216 109 86 2.5 1 45 1 67 147 2 140 102 32 38 80
204 62 70 2.9 1 27 1 67 185 2 110 90 35 44 10
262 93 43 6.099999 1 33 1 63 170 2 110 68 33 46 210
207 187 46 4.5 1 44 1 67 201 1 150 74 46 49 30
160 122 41 3.9 0 55 1 67 223 2 136 83 43 48 960
223 75 85 2.599999 0 22 1 62 137 2 120 70 28 35 960
210 81 81 2.599999 1 78 0 66 145 1 110 70 38 39 540
170 67 33 5.199999 0 65 0 69 182 1 140 65 42 39 270
136 81 51 2.7 0 22 1 66 160 1 105 85 35 40 720
254 121 39 6.5 0 67 0 68 167 1 161 118 36 39 60
194 80 34 5.699999 0 63 0 73 175 2 131 88 34 39 30
204 89 56 3.599999 1 48 0 68 196 2 170 96 38 42 90
242 108 53 4.599999 0 46 1 62 183 2 130 86 37 45 180
142 155 25 5.699999 0 45 0 69 204 1 165 115 40 43 720
143 91 37 3.9 1 61 1 65 220 1 160 92 40 50 20
254 84 52 4.9 0 43 1 62 145 2 125 70 31 38 720
235 102 42 5.599999 1 60 0 69 186 2 148 98 40 42 900
169 104 58 2.9 1 25 1 60 154 2 140 95 40 42 60
198 86 66 3 1 61 0 74 152 3 138 76 33 38 420
180 92 34 5.3 0 63 0 69 169 3 145 72 35 39 30
182 74 44 4.099999 1 30 1 62 125 2 132 80 31 39 480
307 87 58 5.3 1 49 0 67 181 3 120 80 41 42 240
143 371 46 3.099999 1 68 0 67 158 3 138 82 37 43 90
163 69 48 3.4 0 29 1 62 99 3 125 60 30 36 720
171 97 69 2.5 0 52 0 71 159 3 125 72 33 39 750
174 173 34 5.099999 0 50 0 70 263 1 159 99 51 64 210
204 173 37 5.5 1 66 0 67 146 2 138 78 36 48 1260
242 82 54 4.5 1 60 1 65 156 2 130 90 39 45 300
168 82 44 3.799999 0 33 1 66 118 3 98 66 29 35 150
157 92 47 3.299999 1 80 0 71 212 2 156 88 47 48 390
301 90 118 2.599999 1 89 1 61 115 2 218 90 31 41 210
260 67 46 5.699999 1 44 1 62 159 3 140 94 36 43 330
215 64 84 2.599999 1 37 1 59 148 2 140 100 32 42 270
281 92 41 6.9 0 66 1 62 185 1 158 88 48 44 285
196 120 67 2.9 1 52 1 62 147 2 144 94 34 42 480
150 80 38 3.9 1 35 0 73 179 2 138 92 32 37 450
337 85 62 5.4 1 35 0 72 189 2 124 84 36 44 240
164 86 40 4.099999 0 23 1 69 245 1 126 75 44 47 420
277 119 62 4.5 1 60 1 61 128 3 140 86 33 39 240
206 85 46 4.5 1 67 0 67 178 1 119 68 37 41 780
236 111 82 2.9 1 68 1 61 119 3 142 96 29 37 135
176 92 55 3.2 0 31 1 62 145 3 110 72 36 42 720
215 119 44 3.9 1 63 1 63 158 2 160 68 34 42 240
249 81 28 8.899999 1 51 1 65 200 2 122 90 43 46 150
196 115 62 3.2 1 50 0 67 140 2 176 110 35 37 60
185 67 59 3.099999 1 50 1 64 228 2 142 90 42 54 225
162 76 40 4.099999 1 43 0 67 216 1 100 70 41 44 30
235 91 37 6.4 0 79 1 65 134 3 142 70 34 38 240
179 85 52 3.4 1 32 1 62 179 2 140 96 37 47 60
254 342 37 6.9 0 75 0 68 210 1 151 87 44 45 15
306 92 56 5.5 1 74 0 69 184 1 140 72 39 41 195
204 120 44 4.599999 1 72 0 65 167 1 140 72 45 46 480
184 79 39 4.699999 1 41 0 69 154 1 136 96 34 39 600
179 80 92 1.899999 0 41 1 72 118 3 144 112 28 36 780
188 84 46 4.099999 1 43 1 66 152 3 122 80 37 41 260
162 90 46 3.5 1 60 1 63 121 2 110 64 32 34 300
147 78 42 3.5 0 23 1 61 185 3 127 71 43 47 600
277 88 45 6.199999 1 63 1 64 223 2 220 100 45 54 375
174 125 44 4 1 67 0 68 198 1 119 72 36 43 60
132 83 40 3.299999 1 28 1 68 225 2 136 86 41 52 105
189 80 40 4.699999 1 45 0 69 190 1 140 75 39 44 300
208 122 51 4.099999 0 42 1 62 141 1 118 78 33 40 720
171 92 54 3.2 0 40 0 71 214 2 138 94 41 39 240
159 100 54 2.9 0 76 0 66 188 1 116 53 40 41 180
194 269 38 5.099999 1 29 1 69 167 3 120 70 33 40 20
134 105 42 3.2 0 48 0 70 173 1 178 120 36 40 240
122 82 43 2.799999 1 36 1 71 183 3 110 80 41 45 90
204 57 74 2.799999 0 52 0 75 142 3 140 90 31 35 300
173 80 57 3 0 57 0 71 145 2 124 64 31 36 30
255 100 34 7.5 1 64 0 68 227 2 134 74 44 47 270
206 94 44 4.699999 1 61 1 63 199 2 180 96 41 47 720
268 90 48 5.599999 0 38 1 63 181 2 142 100 38 46 210
181 77 46 3.9 1 30 1 66 257 2 162 108 47 55 60
211 98 40 5.3 0 40 1 68 179 3 110 76 37 43 60
233 92 39 6 0 45 1 64 167 1 124 86 39 44 270
138 81 45 3.099999 0 57 0 73 164 3 148 81 31 37 240
193 106 63 3.099999 0 20 1 68 274 3 165 110 49 58 60
255 78 38 6.699999 1 50 1 65 183 2 130 100 37 43 180
249 90 28 8.899999 0 64 0 68 183 2 138 80 44 41 300
211 48 34 6.199999 1 58 0 67 177 2 162 78 38 43 315
242 74 55 4.4 0 70 1 66 200 2 140 65 41 47 180
239 97 55 4.3 1 35 0 74 170 3 122 62 32 38 720
186 97 50 3.7 0 70 0 67 178 1 148 88 42 41 1020
149 77 49 3 0 20 1 62 115 3 105 82 31 37 720
219 112 73 3 0 76 0 64 105 2 125 82 29 33 60
194 81 36 5.4 1 36 0 64 126 2 110 76 30 34 120
236 102 36 6.599999 0 62 0 76 160 1 150 80 35 39 270
182 85 37 4.9 0 61 1 69 174 2 176 86 49 43 330
194 95 36 5.4 1 63 1 58 210 2 140 100 44 53 240
176 90 34 5.199999 0 32 1 63 252 2 100 72 45 58 180
289 111 50 5.8 0 70 1 60 220 2 126 80 51 54 780
251 94 36 7 0 58 1 63 154 1 174 75 38 41 180
193 248 24 8 0 59 1 66 189 2 140 90 38 45 90
296 369 46 6.4 1 53 0 69 173 2 138 94 35 39 210
215 72 42 5.099999 1 40 0 70 189 2 180 122 37 39 450
243 74 42 5.8 1 43 1 64 239 2 128 90 48 53 330
216 155 30 7.199999 1 38 0 68 145 2 110 60 34 37 20
220 60 66 3.299999 0 26 0 70 150 3 136 88 33 39 300
179 90 60 3 1 26 1 60 130 3 138 84 32 40 270
219 173 31 7.099999 1 56 1 65 197 3 100 50 41 50 210
175 91 42 4.199999 1 23 1 65 235 2 110 80 44 50 10
237 118 45 5.3 0 73 1 64 174 1 162 75 38 44 300
146 77 60 2.4 0 28 1 64 126 3 120 90 28 32 180
191 83 88 2.2 0 45 1 67 151 3 130 90 33 38 1320
179 75 36 5 0 23 1 65 183 2 120 80 43 45 720
205 83 42 4.9 0 72 1 61 180 3 170 90 39 47 240
245 120 39 6.3 1 47 1 63 156 2 142 102 35 39 120
202 84 33 6.099999 1 44 0 68 157 3 125 80 33 37 180
224 341 33 6.8 1 65 0 67 197 2 160 80 42 43 390
192 89 30 6.4 1 37 0 71 195 2 136 96 36 43 630
219 112 73 3 0 59 0 66 170 2 146 92 37 40 120
207 75 44 4.699999 0 30 0 72 180 3 118 62 35 41 180
245 119 26 9.399999 1 36 0 66 179 1 150 92 37 42 390
118 95 39 3 1 47 1 64 123 3 140 76 30 36 300
213 83 47 4.5 1 33 1 65 157 2 130 90 37 41 240
202 81 55 3.7 0 64 1 62 167 2 190 118 44 47 120
174 105 117 1.5 0 20 0 70 187 2 132 86 37 41 210
184 76 42 4.4 0 66 0 74 185 2 130 75 40 41 180
231 84 91 2.5 0 33 0 69 163 3 140 70 35 38 150
159 88 43 3.7 1 38 0 68 169 1 138 79 34 40 690
213 76 40 5.3 0 72 1 59 137 1 130 60 40 40 90
229 95 74 3.099999 1 65 1 62 151 2 125 64 37 42 660
265 330 34 7.8 0 61 0 74 191 2 170 88 39 41 225
206 90 38 5.4 0 38 1 69 167 2 138 90 36 47 90
166 77 68 2.4 1 27 0 72 141 3 110 58 33 38 120
243 52 59 4.099999 0 37 1 64 233 2 110 82 49 57 90
241 92 40 6 0 27 1 63 179 2 120 75 40 42 720
263 82 92 2.9 0 66 1 66 121 3 104 64 31 33 30
284 89 54 5.3 1 51 1 63 154 2 140 100 32 43 180
170 76 60 2.799999 0 27 1 63 119 3 122 86 28 37 270
221 120 83 2.7 1 66 1 64 130 3 110 64 31 38 15
273 94 49 5.599999 1 53 1 64 174 2 160 96 34 43 30
229 91 43 5.3 1 23 0 72 180 3 110 78 34 41 60
228 79 37 6.199999 0 26 0 72 259 1 122 90 48 49 720
189 84 46 4.099999 1 41 1 63 153 2 130 80 32 40 15
203 299 43 4.699999 0 38 1 69 288 1 136 83 48 55 240
196 206 41 4.8 0 62 1 65 196 1 178 90 46 51 540
199 76 52 3.799999 1 41 1 63 197 2 120 78 41 48 255
178 64 52 3.4 1 41 1 65 188 3 130 76 35 46 5
217 81 60 3.599999 0 22 1 71 223 2 120 75 46 50 210
203 84 75 2.7 1 21 1 63 142 2 125 85 28 39 900
215 80 100 2.2 1 78 0 65 109 3 170 88 33 34 435
158 91 31 5.099999 1 50 0 70 215 1 138 89 40 45 720
148 193 14 10.6 0 54 1 67 165 2 140 65 42 42 150
183 69 51 3.599999 0 31 1 66 190 2 125 70 41 47 720
206 112 33 6.199999 1 41 1 62 184 3 104 80 39 44 10
173 131 69 2.5 0 76 1 61 102 2 160 60 31 33 1020
188 88 51 3.7 0 50 1 61 147 1 160 66 34 41 720
165 97 24 6.9 0 29 1 64 218 1 112 68 46 48 360
185 76 58 3.2 0 23 0 76 164 3 124 78 32 40 720
235 109 59 4 0 62 1 63 290 1 175 80 55 62 300
186 74 76 2.4 1 36 0 69 150 3 138 82 31 38 60
263 89 40 6.599999 0 55 1 63 202 3 108 72 45 50 240
164 71 63 2.599999 0 20 0 72 145 3 108 78 29 36 1080
215 97 46 4.699999 0 59 1 63 176 1 140 70 34 44 60
181 101 44 4.099999 1 29 0 68 180 2 130 78 38 42 720
188 77 45 4.199999 1 31 1 67 227 2 122 70 47 53 140
180 84 69 2.599999 0 40 1 68 264 2 142 98 43 54 240
249 197 44 5.699999 1 64 1 63 159 2 151 85 33 41 1140
226 100 65 3.5 1 27 0 69 289 1 130 100 48 51 75
204 71 55 3.7 1 29 1 64 120 3 110 70 33 38 90
198 118 46 4.3 0 68 1 63 124 2 130 70 32 38 60
283 83 74 3.799999 1 26 0 72 227 1 158 104 41 44 330
215 110 36 6 1 51 1 67 282 2 142 78 52 59 420
172 70 36 4.8 1 22 1 64 148 3 90 48 35 38 240
196 82 58 3.4 0 76 0 65 154 3 158 78 37 41 120
199 85 59 3.4 1 71 0 69 171 1 136 86 38 40 240
188 174 24 7.8 1 66 0 68 210 1 160 78 45 48 60
179 105 60 3 1 20 1 58 170 2 140 100 34 46 270
270 73 40 6.8 1 42 0 66 185 1 146 94 39 41 30
217 88 40 5.4 0 34 0 73 219 2 145 100 41 42 270
189 96 47 4 1 28 1 64 200 2 136 52 38 45 60
209 176 55 3.799999 1 57 1 61 150 3 115 68 36 39 780
145 84 54 2.7 0 30 1 65 165 3 102 56 33 42 720
293 87 120 2.4 1 63 1 64 179 2 142 80 47 45 30
305 91 44 6.9 0 31 0 71 211 1 100 60 40 45 540
232 87 30 7.699999 0 37 0 68 252 1 140 95 43 47 420
184 99 36 5.099999 1 28 0 67 154 3 124 94 35 38 330
200 56 51 3.9 0 40 1 62 105 3 125 64 26 33 720
201 106 53 3.799999 1 58 0 66 215 1 186 102 46 44 360
192 109 44 4.4 0 43 1 64 325 1 141 79 53 62 60
168 69 45 3.7 1 28 1 63 200 1 111 65 42 46 780
221 126 48 4.599999 1 59 1 62 177 2 130 78 39 45 60
216 79 46 4.699999 1 54 1 65 138 3 132 80 33 39 990
199 87 63 3.2 0 25 0 66 118 2 120 78 32 34 720
228 115 61 3.7 0 71 1 63 244 1 170 92 48 51 660
237 233 58 4.099999 0 49 1 62 189 1 130 90 43 47 195
292 235 55 5.3 0 79 0 70 165 3 170 90 39 41 240
168 101 59 2.799999 1 44 1 64 160 3 130 88 40 43 60
223 90 48 4.599999 0 47 1 65 232 1 120 86 46 54 900
252 161 87 2.9 1 80 1 62 162 3 160 100 44 41 1440
203 71 78 2.599999 1 45 0 66 115 3 135 88 30 34 15
205 79 32 6.4 1 75 0 69 204 1 136 90 44 42 120
271 103 90 3 0 55 1 63 114 3 180 105 30 37 15
289 267 38 7.599999 1 59 0 68 169 1 142 79 36 38 900
225 84 82 2.7 0 41 0 71 156 3 150 80 31 40 120
151 85 48 3.099999 1 33 0 69 308 1 110 90 52 58 300
222 82 87 2.599999 0 51 1 66 110 3 150 110 28 37 270
209 113 65 3.2 0 76 1 60 143 1 156 78 35 40 1200
191 76 30 6.4 1 36 0 69 183 2 100 66 36 40 225
204 128 61 3.299999 0 62 0 68 180 1 141 81 38 41 540
224 98 44 5.099999 1 78 1 63 160 1 150 81 36 45 300
260 68 60 4.3 0 69 1 59 179 1 158 98 45 48 180
209 89 43 4.9 0 31 1 67 160 2 108 58 30 44 240
214 77 48 4.5 1 40 0 72 222 2 120 84 40 44 1020
220 95 58 3.799999 1 59 1 66 138 3 138 80 32 38 30
198 92 62 3.2 1 60 0 70 163 2 126 78 36 40 795
149 138 50 3 1 26 1 62 174 2 148 92 38 46 10
183 81 60 3.099999 0 47 1 66 186 2 140 97 39 44 780
160 100 36 4.4 1 43 1 64 140 3 180 110 37 40 225
238 75 36 6.599999 1 27 1 60 170 2 130 80 35 41 720
164 91 67 2.4 1 20 1 70 141 3 122 86 32 39 390
246 104 62 4 1 66 1 66 189 2 200 94 45 46 195
217 87 40 5.4 1 33 1 62 186 3 140 90 42 46 40
180 76 46 3.9 1 40 1 64 146 2 128 82 37 43 240
293 115 54 5.4 0 50 0 71 170 2 131 75 34 39 120
185 84 52 3.599999 1 53 1 61 145 2 147 72 37 40 420
169 85 51 3.299999 0 40 1 65 180 2 106 82 40 44 780
239 85 63 3.799999 1 39 0 60 144 2 162 90 33 42 180
170 106 42 4 1 41 1 61 110 3 103 64 29 30 120
218 87 38 5.699999 1 40 0 73 200 3 120 76 38 41 210
268 85 51 5.3 1 48 0 70 120 3 150 105 32 35 120
191 81 53 3.599999 1 42 1 61 156 2 138 84 36 42 150
165 94 69 2.4 0 92 1 62 217 1 160 82 51 51 180
78 93 12 6.5 0 67 0 67 119 1 110 50 33 38 480
165 76 46 3.599999 1 22 1 63 114 3 112 78 28 35 120
207 77 46 4.5 0 68 0 55 130 3 199 115 29 33 120
173 85 58 3 0 43 1 69 210 2 130 75 44 47 720
194 86 67 2.9 0 35 0 66 159 2 115 64 31 35 720
191 74 33 5.8 1 40 0 72 270 1 136 70 45 49 150
219 106 50 4.4 1 65 1 63 233 1 140 90 40 53 45
157 74 47 3.299999 0 55 1 66 219 2 150 82 43 52 360
342 251 48 7.099999 0 63 1 65 201 2 178 88 45 46 180
209 87 34 6.099999 0 48 1 63 121 3 111 62 32 38 855
219 105 63 3.5 1 40 1 62 153 3 106 82 36 44 10
172 101 46 3.7 1 42 1 65 165 3 118 68 33 45 150
193 77 45 4.3 0 42 1 75 186 2 125 90 37 46 60
191 155 58 3.299999 0 31 1 62 237 1 140 87 53 56 240
237 87 41 5.8 0 43 1 64 181 2 104 90 36 46 240
203 82 56 3.599999 0 46 1 62 121 2 118 59 29 38 720
212 82 68 3.099999 1 63 0 70 161 2 180 110 37 40 30
215 128 34 6.3 1 38 1 58 195 2 102 68 42 50 90
269 59 66 4.099999 0 41 0 67 191 1 130 73 38 41 240
228 66 45 5.099999 0 24 1 61 113 2 100 70 33 38 210
174 93 77 2.299999 0 55 0 70 140 2 118 86 32 33 120
193 77 49 3.9 1 19 1 61 119 3 118 70 32 38 300
146 79 41 3.599999 0 19 1 60 135 2 108 58 33 40 240
169 95 29 5.8 0 62 0 66 251 1 118 72 50 47 720
187 84 64 2.9 0 21 1 63 158 3 138 88 39 43 180
218 126 32 6.8 1 35 0 69 169 2 139 90 39 41 720
178 78 59 3 0 36 0 70 161 2 130 79 34 40 720
206 83 68 3 1 52 0 69 153 3 140 98 36 40 195
244 101 39 6.3 0 44 0 71 168 2 140 89 36 39 720
132 99 34 3.9 0 21 1 65 169 1 112 62 39 43 180
160 196 33 4.8 0 49 0 71 266 1 150 98 49 45 90
190 92 44 4.3 1 27 1 65 210 2 150 106 39 47 60
195 171 29 6.699999 0 78 0 66 172 1 130 82 40 40 60
212 97 45 4.699999 0 65 1 61 187 1 158 94 43 47 360
218 68 46 4.699999 0 52 1 62 170 2 142 79 40 43 720
179 77 50 3.599999 0 29 0 68 170 3 122 68 38 39 300
199 130 48 4.099999 1 37 1 61 203 1 136 84 42 51 10
157 91 34 4.599999 0 63 0 69 166 1 106 82 39 38 420
190 84 44 4.3 0 43 1 62 163 1 135 88 40 45 720
204 94 54 3.799999 1 55 1 66 202 3 140 90 43 47 150
230 112 64 3.599999 1 20 0 67 159 2 100 90 31 39 1440
184 92 36 5.099999 1 40 1 63 285 1 142 98 50 60 690
129 110 42 3.099999 0 56 0 74 151 3 140 75 34 38 90
242 297 34 7.099999 1 53 0 69 216 1 142 96 43 45 285
152 103 32 4.8 1 40 1 52 187 2 148 82 38 49 135
255 83 90 2.799999 1 52 0 70 120 2 170 110 30 33 780
199 81 36 5.5 1 42 1 67 235 1 178 100 47 52 210
173 225 31 5.599999 0 47 0 73 260 2 150 98 42 47 60
199 153 77 2.599999 0 36 1 66 255 1 118 66 47 52 360
203 94 62 3.299999 0 27 1 67 209 2 140 80 34 43 780
213 203 75 2.799999 0 71 1 63 165 2 150 80 34 42 960
283 145 39 7.3 0 63 1 61 200 2 190 110 44 48 720
228 92 37 6.199999 0 58 1 61 256 1 190 92 49 57 180
219 130 44 5 1 45 0 67 218 1 172 110 41 45 180
181 83 44 4.099999 1 39 1 66 255 2 140 98 46 54 210
347 197 42 8.3 0 36 0 70 277 1 140 86 51 49 900
181 177 24 7.5 0 64 0 71 225 1 130 66 44 47 180
151 74 47 3.2 0 28 0 69 130 3 135 75 29 35 720
261 101 83 3.099999 1 52 1 64 198 2 152 92 42 49 20
174 90 36 4.8 1 34 0 71 210 2 142 92 37 43 90
182 206 43 4.199999 0 70 0 69 214 1 158 90 45 48 840
181 255 26 7 0 50 0 71 320 1 140 86 56 49 30
179 77 72 2.5 0 31 0 66 145 2 131 79 33 38 150
