0.806254
4.699995
1.499994
0.431252
0.131249
0.543752
0.468752
1.106248
3.899964
5.700042
0.543752
0.28125
0.7
0.806254
3.899964
0.543752
0.900001
1.143745
0.7
0.956255
1.106248
0.318751
0.731254
4.499986
1.899989
6.900098
0.5
0.431252
1.499994
4.299977
4.499986
0.993755
0.393751
0.28125
5.100014
0.543752
0.28125
0.693753
3.899964
0.506252
0.506252
0.506252
0.543752
0.356251
0.24375
0.956255
0.806254
0.993755
3.699966
0.918755
0.431252
1.031253
0.843754
1.031253
0.768754
1.299997
4.699995
1.1
3.899964
0.506252
1.299997
0.806254
4.099967
0.356251
0.581253
0.543752
0.506252
1.068751
0.393751
4.099967
0.506252
0.431252
0.731254
0.431252
4.499986
1.899989
0.993755
0.468752
3.899964
0.731254
0.20625
5.100014
0.468752
0.318751
0.24375
1.031253
1.699992
0.881255
1.899989
4.099967
0.806254
1.499994
0.618753
0.581253
1.181242
0.356251
4.499986
0.393751
0.581253
2.499982
1.1
0.24375
0.806254
0.468752
0.768754
0.468752
0.506252
0.993755
0.918755
4.299977
0.20625
0.900001
1.299997
4.699995
0.581253
7.100107
1.21874
0.468752
0.581253
0.881255
0.24375
0.581253
0.843754
5.500033
0.431252
0.506252
0.506252
0.900001
0.543752
4.499986
0.28125
0.468752
0.581253
0.393751
0.24375
0.806254
0.881255
2.699979
0.543752
0.20625
0.356251
0.543752
0.656253
4.299977
0.693753
0.356251
1.031253
0.468752
0.543752
0.506252
0.506252
0.468752
0.506252
1.068751
0.356251
0.843754
0.581253
0.768754
1.299997
0.543752
1.499994
0.506252
1.106248
0.28125
5.300023
0.506252
4.699995
