1.85127
-0.9505268
0.0801933
-0.08179013
0.7400503
-0.1687252
0.4289727
0.7986154
0.3172634
0.4908571
-0.06970935
0.8551202
-0.730974
0.3833241
1.062962
-0.2335251
-2.950269
0.71753
1.087111
-0.8932383
0.5081226
-0.03396213
-0.9505268
-1.029646
-0.3705673
-0.3848578
0.3833241
0.3925549
-0.02220702
1.081107
-0.8013928
0.9494318
-1.029646
0.1345832
-0.6630798
0.4199415
0.2283618
1.163101
0.6241915
-0.3423161
1.85127
0.3076133
1.000905
0.3740457
-0.2073225
-0.09395092
-0.1061968
-0.1185283
0.04672294
0.2979051
-0.01052771
-1.455955
0.7986154
0.9753781
-0.3007498
-0.6300276
0.4557756
-0.9505268
-2.950269
0.09120788
-0.6967217
-0.1061968
1.85127
-0.1309457
-0.7483359
-0.04579809
0.1664133
0.3833241
-0.3423161
-1.049938
0.02404723
-0.5342444
0.3364037
0.3833241
0.6870068
0.8894498
-0.3563869
0.02404723
0.9230533
-0.5033829
0.2585142
0.03542213
-0.02220702
0.04672294
0.3740457
0.6870068
1.788919
0.8271178
0.03542213
-2.853502
-0.1309457
-0.2467696
-0.4431635
1.85127
0.1873131
-0.1309457
1.727658
0.3076133
0.9817995
-0.3423161
0.2181900
0.3740457
-1.809521
1.85127
0.4108634
-0.06970935
1.044601
-0.02220702
0.2684479
0.4289727
-1.506565
0.1976660
0.2585142
0.6870068
-1.611692
1.257139
0.2684479
0.482156
0.2783248
-1.611692
0.1976660
0.04672294
-1.751067
0.001073816
-1.029646
1.087111
-0.9312417
0.0801933
-0.4580341
0.3458921
0.1021546
0.8411796
-0.01052771
0.2783248
-1.176301
0.8411796
0.1664133
-1.334674
0.7769016
-0.2467696
0.04672294
1.85127
1.85127
0.2881431
0.1130313
-1.722439
0.9163893
1.304678
0.4995126
-0.8932383
0.1768949
-0.1814979
-0.08179013
1.85127
-1.029646
-0.6300276
-0.2073225
-0.06970935
0.4379549
-0.02220702
0.3553299
-1.358358
-2.462039
0.862045
0.3076133
1.517721
-0.1185283
-1.091165
0.2181900
0.3364037
-0.8013928
-1.265259
-0.3992616
0.4468885
0.5836692
0.6559013
0.4199415
-0.3007498
0.2181900
0.5999984
-0.3007498
-1.584905
0.2181900
1.375794
-1.382318
-3.906231
-0.05771292
-0.09395092
1.499558
0.2881431
-0.9312417
0.3925549
-1.091165
0.7695991
0.2283618
1.85127
1.807539
0.3833241
0.0579523
0.482156
-1.358358
1.796396
-1.809521
-2.806577
-0.2073225
1.202522
0.1664133
-0.06970935
-0.09395092
-0.01052771
-2.307614
0.6161656
1.85127
-0.04579809
0.1873131
-0.3848578
1.85127
0.4289727
-0.1943635
0.2783248
0.482156
1.262494
1.157386
0.6081028
0.1976660
0.482156
1.85127
-1.091165
-1.963125
1.675905
-0.1309457
-0.5498702
-0.2203754
-0.679824
-0.3007498
-2.543425
0.4646166
1.618036
-3.44196
0.03542213
-0.09395092
-0.6967217
0.482156
0.4199415
-0.2203754
1.579591
-0.2601143
-0.730974
0.2079604
1.700020
1.29947
-0.1560425
-0.1560425
-0.9505268
0.2979051
-1.112107
-1.198170
-0.1061968
0.2485214
1.566549
1.85127
0.1345832
-1.406569
-1.995217
0.4379549
0.2881431
0.3553299
-0.819413
-3.051173
-0.8376058
0.2979051
0.3647129
-0.01052771
-4.383938
-0.1061968
1.246370
-2.422423
-0.3992616
-2.027794
0.3268601
-0.1434495
0.9362968
0.1130313
0.0125979
1.429409
-0.01052771
-1.722439
0.2384714
-0.08179013
-0.06970935
-2.950269
-0.85597
-0.819413
-1.176301
1.320201
-3.051173
-0.03396213
-2.383495
-0.85597
0.1664133
0.0125979
-0.5342444
0.9428786
1.246370
1.000905
1.013513
0.2485214
0.04672294
-0.09395092
-2.270623
-1.049938
0.5999984
-1.751067
0.3076133
-0.4431635
-0.4730262
-0.1814979
0.732579
-1.311270
-0.2871014
-1.809521
1.544554
-0.05771292
0.6161656
1.075083
0.9029767
-1.382318
0.2585142
-0.7483359
0.3740457
0.3076133
0.4017339
0.1130313
0.4646166
-0.9896842
-0.03396213
0.3268601
-0.5498702
-0.3563869
1.609579
-1.176301
0.1558680
0.1664133
0.3268601
0.0579523
1.85127
-0.4730262
0.1976660
-0.3007498
0.2783248
0.7769016
-0.3144981
-0.3283542
-2.270623
0.1976660
-0.9505268
0.2881431
0.3172634
-0.5498702
0.8551202
0.7769016
0.71753
0.0125979
0.2585142
-1.406569
-0.2203754
0.648031
-2.422423
-0.819413
1.069033
0.06910821
-1.220282
0.1452588
0.3076133
0.1021546
-0.488143
-0.6137178
-0.1687252
0.2485214
1.026022
0.482156
-0.5656271
0.8758062
-0.08179013
0.3076133
-0.6300276
0.4017339
0.1130313
0.02404723
-0.1560425
1.240957
-0.03396213
-2.383495
0.9753781
-0.6300276
0.2585142
-0.1943635
-0.5187489
-0.6967217
-1.049938
0.1345832
0.4646166
0.1873131
-0.3992616
-0.4137792
0.9689326
0.1976660
-0.4580341
0.3647129
1.174467
1.85127
0.1345832
0.4557756
0.06910821
-0.1814979
-1.154671
0.4017339
0.6870068
0.02404723
-0.1434495
0.482156
1.191360
0.9689326
0.06910821
0.8758062
-0.8376058
0.2384714
-4.383938
0.3647129
0.7548917
0.3647129
-0.2073225
0.4557756
-0.8745146
0.09120788
0.4289727
0.7622618
1.056866
-0.3848578
0.1664133
1.335566
0.8758062
1.85127
0.3172634
-0.2735572
-0.730974
0.4379549
1.596802
0.8057878
0.8057878
-1.070442
-0.9896842
1.651383
0.1130313
1.288997
-0.9121478
1.185750
-0.1560425
-0.765858
0.04672294
1.110891
-1.009562
0.4646166
-0.6630798
0.6161656
-0.04579809
1.202522
0.09120788
0.4468885
0.1452588
0.1558680
0.0125979
0.3172634
1.075083
-0.2467696
-0.7137688
1.174467
-0.3563869
0.1664133
-1.091165
1.235525
0.001073816
0.2979051
0.6559013
-0.7483359
0.2181900
-1.009562
0.3268601
0.1976660
1.174467
0.482156
-0.2335251
-0.02220702
-0.1061968
-0.488143
0.7250722
-0.6300276
0.1768949
1.069033
-0.09395092
1.032240
-0.8932383
0.7548917
-1.638832
0.1345832
-2.462039
