-2.3 0.568 4.78 3.99 3.17 0.125
-2.3 0.568 4.78 3.99 3.17 0.15
-2.3 0.568 4.78 3.99 3.17 0.175
-2.3 0.568 4.78 3.99 3.17 0.2
-2.3 0.568 4.78 3.99 3.17 0.225
-2.3 0.568 4.78 3.99 3.17 0.25
-2.3 0.568 4.78 3.99 3.17 0.275
-2.3 0.568 4.78 3.99 3.17 0.3
-2.3 0.568 4.78 3.99 3.17 0.325
-2.3 0.568 4.78 3.99 3.17 0.35
-2.3 0.568 4.78 3.99 3.17 0.375
-2.3 0.568 4.78 3.99 3.17 0.4
-2.3 0.568 4.78 3.99 3.17 0.425
-2.3 0.568 4.78 3.99 3.17 0.45
-2.3 0.569 4.78 3.04 3.64 0.125
-2.3 0.569 4.78 3.04 3.64 0.15
-2.3 0.569 4.78 3.04 3.64 0.175
-2.3 0.569 4.78 3.04 3.64 0.2
-2.3 0.569 4.78 3.04 3.64 0.225
-2.3 0.569 4.78 3.04 3.64 0.25
-2.3 0.569 4.78 3.04 3.64 0.275
-2.3 0.569 4.78 3.04 3.64 0.3
-2.3 0.569 4.78 3.04 3.64 0.325
-2.3 0.569 4.78 3.04 3.64 0.35
-2.3 0.569 4.78 3.04 3.64 0.375
-2.3 0.569 4.78 3.04 3.64 0.4
-2.3 0.569 4.78 3.04 3.64 0.425
-2.3 0.569 4.78 3.04 3.64 0.45
-2.3 0.565 4.78 5.35 2.76 0.125
-2.3 0.565 4.78 5.35 2.76 0.15
-2.3 0.565 4.78 5.35 2.76 0.175
-2.3 0.565 4.78 5.35 2.76 0.2
-2.3 0.565 4.78 5.35 2.76 0.225
-2.3 0.565 4.78 5.35 2.76 0.25
-2.3 0.565 4.78 5.35 2.76 0.275
-2.3 0.565 4.78 5.35 2.76 0.3
-2.3 0.565 4.78 5.35 2.76 0.325
-2.3 0.565 4.78 5.35 2.76 0.35
-2.3 0.565 4.78 5.35 2.76 0.375
-2.3 0.565 4.78 5.35 2.76 0.4
-2.3 0.565 4.78 5.35 2.76 0.425
-2.3 0.565 4.78 5.35 2.76 0.45
-2.3 0.564 5.1 3.95 3.53 0.125
-2.3 0.564 5.1 3.95 3.53 0.15
-2.3 0.564 5.1 3.95 3.53 0.175
-2.3 0.564 5.1 3.95 3.53 0.2
-2.3 0.564 5.1 3.95 3.53 0.225
-2.3 0.564 5.1 3.95 3.53 0.25
-2.3 0.564 5.1 3.95 3.53 0.275
-2.3 0.564 5.1 3.95 3.53 0.3
-2.3 0.564 5.1 3.95 3.53 0.325
-2.3 0.564 5.1 3.95 3.53 0.35
-2.3 0.564 5.1 3.95 3.53 0.375
-2.3 0.564 5.1 3.95 3.53 0.4
-2.3 0.564 5.1 3.95 3.53 0.425
-2.3 0.564 5.1 3.95 3.53 0.45
-2.4 0.574 4.36 3.96 2.76 0.125
-2.4 0.574 4.36 3.96 2.76 0.15
-2.4 0.574 4.36 3.96 2.76 0.175
-2.4 0.574 4.36 3.96 2.76 0.2
-2.4 0.574 4.36 3.96 2.76 0.225
-2.4 0.574 4.36 3.96 2.76 0.25
-2.4 0.574 4.36 3.96 2.76 0.275
-2.4 0.574 4.36 3.96 2.76 0.3
-2.4 0.574 4.36 3.96 2.76 0.325
-2.4 0.574 4.36 3.96 2.76 0.35
-2.4 0.574 4.36 3.96 2.76 0.375
-2.4 0.574 4.36 3.96 2.76 0.4
-2.4 0.574 4.36 3.96 2.76 0.425
-2.4 0.574 4.36 3.96 2.76 0.45
-2.4 0.568 4.34 2.98 3.15 0.125
-2.4 0.568 4.34 2.98 3.15 0.15
-2.4 0.568 4.34 2.98 3.15 0.175
-2.4 0.568 4.34 2.98 3.15 0.2
-2.4 0.568 4.34 2.98 3.15 0.225
-2.4 0.568 4.34 2.98 3.15 0.25
-2.4 0.568 4.34 2.98 3.15 0.275
-2.4 0.568 4.34 2.98 3.15 0.3
-2.4 0.568 4.34 2.98 3.15 0.325
-2.4 0.568 4.34 2.98 3.15 0.35
-2.4 0.568 4.34 2.98 3.15 0.375
-2.4 0.568 4.34 2.98 3.15 0.4
-2.4 0.568 4.34 2.98 3.15 0.425
-2.4 0.568 4.34 2.98 3.15 0.45
-2.3 0.562 5.14 4.95 3.17 0.125
-2.3 0.562 5.14 4.95 3.17 0.15
-2.3 0.562 5.14 4.95 3.17 0.175
-2.3 0.562 5.14 4.95 3.17 0.2
-2.3 0.562 5.14 4.95 3.17 0.225
-2.3 0.562 5.14 4.95 3.17 0.25
-2.3 0.562 5.14 4.95 3.17 0.275
-2.3 0.562 5.14 4.95 3.17 0.3
-2.3 0.562 5.14 4.95 3.17 0.325
-2.3 0.562 5.14 4.95 3.17 0.35
-2.3 0.562 5.14 4.95 3.17 0.375
-2.3 0.562 5.14 4.95 3.17 0.4
-2.3 0.562 5.14 4.95 3.17 0.425
-2.3 0.562 5.14 4.95 3.17 0.45
-2.4 0.585 4.78 3.84 3.32 0.125
-2.4 0.585 4.78 3.84 3.32 0.15
-2.4 0.585 4.78 3.84 3.32 0.175
-2.4 0.585 4.78 3.84 3.32 0.2
-2.4 0.585 4.78 3.84 3.32 0.225
-2.4 0.585 4.78 3.84 3.32 0.25
-2.4 0.585 4.78 3.84 3.32 0.275
-2.4 0.585 4.78 3.84 3.32 0.3
-2.4 0.585 4.78 3.84 3.32 0.325
-2.4 0.585 4.78 3.84 3.32 0.35
-2.4 0.585 4.78 3.84 3.32 0.375
-2.4 0.585 4.78 3.84 3.32 0.4
-2.4 0.585 4.78 3.84 3.32 0.425
-2.4 0.585 4.78 3.84 3.32 0.45
-2.2 0.546 4.78 4.13 3.07 0.125
-2.2 0.546 4.78 4.13 3.07 0.15
-2.2 0.546 4.78 4.13 3.07 0.175
-2.2 0.546 4.78 4.13 3.07 0.2
-2.2 0.546 4.78 4.13 3.07 0.225
-2.2 0.546 4.78 4.13 3.07 0.25
-2.2 0.546 4.78 4.13 3.07 0.275
-2.2 0.546 4.78 4.13 3.07 0.3
-2.2 0.546 4.78 4.13 3.07 0.325
-2.2 0.546 4.78 4.13 3.07 0.35
-2.2 0.546 4.78 4.13 3.07 0.375
-2.2 0.546 4.78 4.13 3.07 0.4
-2.2 0.546 4.78 4.13 3.07 0.425
-2.2 0.546 4.78 4.13 3.07 0.45
0 0.565 4.77 3.99 3.15 0.125
0 0.565 4.77 3.99 3.15 0.15
0 0.565 4.77 3.99 3.15 0.175
0 0.565 4.77 3.99 3.15 0.2
0 0.565 4.77 3.99 3.15 0.225
0 0.565 4.77 3.99 3.15 0.25
0 0.565 4.77 3.99 3.15 0.275
0 0.565 4.77 3.99 3.15 0.3
0 0.565 4.77 3.99 3.15 0.325
0 0.565 4.77 3.99 3.15 0.35
0 0.565 4.77 3.99 3.15 0.375
0 0.565 4.77 3.99 3.15 0.4
0 0.565 4.77 3.99 3.15 0.425
0 0.565 4.77 3.99 3.15 0.45
-5 0.565 4.77 3.99 3.15 0.125
-5 0.565 4.77 3.99 3.15 0.15
-5 0.565 4.77 3.99 3.15 0.175
-5 0.565 4.77 3.99 3.15 0.2
-5 0.565 4.77 3.99 3.15 0.225
-5 0.565 4.77 3.99 3.15 0.25
-5 0.565 4.77 3.99 3.15 0.275
-5 0.565 4.77 3.99 3.15 0.3
-5 0.565 4.77 3.99 3.15 0.325
-5 0.565 4.77 3.99 3.15 0.35
-5 0.565 4.77 3.99 3.15 0.375
-5 0.565 4.77 3.99 3.15 0.4
-5 0.565 4.77 3.99 3.15 0.425
-5 0.565 4.77 3.99 3.15 0.45
0 0.565 5.1 3.94 3.51 0.125
0 0.565 5.1 3.94 3.51 0.15
0 0.565 5.1 3.94 3.51 0.175
0 0.565 5.1 3.94 3.51 0.2
0 0.565 5.1 3.94 3.51 0.225
0 0.565 5.1 3.94 3.51 0.25
0 0.565 5.1 3.94 3.51 0.275
0 0.565 5.1 3.94 3.51 0.3
0 0.565 5.1 3.94 3.51 0.325
0 0.565 5.1 3.94 3.51 0.35
0 0.565 5.1 3.94 3.51 0.375
0 0.565 5.1 3.94 3.51 0.4
0 0.565 5.1 3.94 3.51 0.425
0 0.565 5.1 3.94 3.51 0.45
-5 0.565 5.1 3.94 3.51 0.125
-5 0.565 5.1 3.94 3.51 0.15
-5 0.565 5.1 3.94 3.51 0.175
-5 0.565 5.1 3.94 3.51 0.2
-5 0.565 5.1 3.94 3.51 0.225
-5 0.565 5.1 3.94 3.51 0.25
-5 0.565 5.1 3.94 3.51 0.275
-5 0.565 5.1 3.94 3.51 0.3
-5 0.565 5.1 3.94 3.51 0.325
-5 0.565 5.1 3.94 3.51 0.35
-5 0.565 5.1 3.94 3.51 0.375
-5 0.565 5.1 3.94 3.51 0.4
-5 0.565 5.1 3.94 3.51 0.425
-5 0.565 5.1 3.94 3.51 0.45
-2.3 0.53 5.11 3.69 3.51 0.125
-2.3 0.53 5.11 3.69 3.51 0.15
-2.3 0.53 5.11 3.69 3.51 0.175
-2.3 0.53 5.11 3.69 3.51 0.2
-2.3 0.53 5.11 3.69 3.51 0.225
-2.3 0.53 5.11 3.69 3.51 0.25
-2.3 0.53 5.11 3.69 3.51 0.275
-2.3 0.53 5.11 3.69 3.51 0.3
-2.3 0.53 5.11 3.69 3.51 0.325
-2.3 0.53 5.11 3.69 3.51 0.35
-2.3 0.53 5.11 3.69 3.51 0.375
-2.3 0.53 5.11 3.69 3.51 0.4
-2.3 0.53 5.11 3.69 3.51 0.425
-2.3 0.53 5.11 3.69 3.51 0.45
-2.3 0.53 4.76 3.68 3.16 0.125
-2.3 0.53 4.76 3.68 3.16 0.15
-2.3 0.53 4.76 3.68 3.16 0.175
-2.3 0.53 4.76 3.68 3.16 0.2
-2.3 0.53 4.76 3.68 3.16 0.225
-2.3 0.53 4.76 3.68 3.16 0.25
-2.3 0.53 4.76 3.68 3.16 0.275
-2.3 0.53 4.76 3.68 3.16 0.3
-2.3 0.53 4.76 3.68 3.16 0.325
-2.3 0.53 4.76 3.68 3.16 0.35
-2.3 0.53 4.76 3.68 3.16 0.375
-2.3 0.53 4.76 3.68 3.16 0.4
-2.3 0.53 4.76 3.68 3.16 0.425
-2.3 0.53 4.76 3.68 3.16 0.45
-2.3 0.53 4.34 2.81 3.15 0.125
-2.3 0.53 4.34 2.81 3.15 0.15
-2.3 0.53 4.34 2.81 3.15 0.175
-2.3 0.53 4.34 2.81 3.15 0.2
-2.3 0.53 4.34 2.81 3.15 0.225
-2.3 0.53 4.34 2.81 3.15 0.25
-2.3 0.53 4.34 2.81 3.15 0.275
-2.3 0.53 4.34 2.81 3.15 0.3
-2.3 0.53 4.34 2.81 3.15 0.325
-2.3 0.53 4.34 2.81 3.15 0.35
-2.3 0.53 4.34 2.81 3.15 0.375
-2.3 0.53 4.34 2.81 3.15 0.4
-2.3 0.53 4.34 2.81 3.15 0.425
-2.3 0.53 4.34 2.81 3.15 0.45
0 0.6 4.78 4.24 3.15 0.125
0 0.6 4.78 4.24 3.15 0.15
0 0.6 4.78 4.24 3.15 0.175
0 0.6 4.78 4.24 3.15 0.2
0 0.6 4.78 4.24 3.15 0.225
0 0.6 4.78 4.24 3.15 0.25
0 0.6 4.78 4.24 3.15 0.275
0 0.6 4.78 4.24 3.15 0.3
0 0.6 4.78 4.24 3.15 0.325
0 0.6 4.78 4.24 3.15 0.35
0 0.6 4.78 4.24 3.15 0.375
0 0.6 4.78 4.24 3.15 0.4
0 0.6 4.78 4.24 3.15 0.425
0 0.6 4.78 4.24 3.15 0.45
-5 0.6 4.78 4.24 3.15 0.125
-5 0.6 4.78 4.24 3.15 0.15
-5 0.6 4.78 4.24 3.15 0.175
-5 0.6 4.78 4.24 3.15 0.2
-5 0.6 4.78 4.24 3.15 0.225
-5 0.6 4.78 4.24 3.15 0.25
-5 0.6 4.78 4.24 3.15 0.275
-5 0.6 4.78 4.24 3.15 0.3
-5 0.6 4.78 4.24 3.15 0.325
-5 0.6 4.78 4.24 3.15 0.35
-5 0.6 4.78 4.24 3.15 0.375
-5 0.6 4.78 4.24 3.15 0.4
-5 0.6 4.78 4.24 3.15 0.425
-5 0.6 4.78 4.24 3.15 0.45
0 0.53 4.78 3.75 3.15 0.125
0 0.53 4.78 3.75 3.15 0.15
0 0.53 4.78 3.75 3.15 0.175
0 0.53 4.78 3.75 3.15 0.2
0 0.53 4.78 3.75 3.15 0.225
0 0.53 4.78 3.75 3.15 0.25
0 0.53 4.78 3.75 3.15 0.275
0 0.53 4.78 3.75 3.15 0.3
0 0.53 4.78 3.75 3.15 0.325
0 0.53 4.78 3.75 3.15 0.35
0 0.53 4.78 3.75 3.15 0.375
0 0.53 4.78 3.75 3.15 0.4
0 0.53 4.78 3.75 3.15 0.425
0 0.53 4.78 3.75 3.15 0.45
-5 0.53 4.78 3.75 3.15 0.125
-5 0.53 4.78 3.75 3.15 0.15
-5 0.53 4.78 3.75 3.15 0.175
-5 0.53 4.78 3.75 3.15 0.2
-5 0.53 4.78 3.75 3.15 0.225
-5 0.53 4.78 3.75 3.15 0.25
-5 0.53 4.78 3.75 3.15 0.275
-5 0.53 4.78 3.75 3.15 0.3
-5 0.53 4.78 3.75 3.15 0.325
-5 0.53 4.78 3.75 3.15 0.35
-5 0.53 4.78 3.75 3.15 0.375
-5 0.53 4.78 3.75 3.15 0.4
-5 0.53 4.78 3.75 3.15 0.425
-5 0.53 4.78 3.75 3.15 0.45
-2.3 0.6 5.1 4.17 3.51 0.125
-2.3 0.6 5.1 4.17 3.51 0.15
-2.3 0.6 5.1 4.17 3.51 0.175
-2.3 0.6 5.1 4.17 3.51 0.2
-2.3 0.6 5.1 4.17 3.51 0.225
-2.3 0.6 5.1 4.17 3.51 0.25
-2.3 0.6 5.1 4.17 3.51 0.275
-2.3 0.6 5.1 4.17 3.51 0.3
-2.3 0.6 5.1 4.17 3.51 0.325
-2.3 0.6 5.1 4.17 3.51 0.35
-2.3 0.6 5.1 4.17 3.51 0.375
-2.3 0.6 5.1 4.17 3.51 0.4
-2.3 0.6 5.1 4.17 3.51 0.425
-2.3 0.6 5.1 4.17 3.51 0.45
-2.3 0.6 4.34 4.23 2.73 0.125
-2.3 0.6 4.34 4.23 2.73 0.15
-2.3 0.6 4.34 4.23 2.73 0.175
-2.3 0.6 4.34 4.23 2.73 0.2
-2.3 0.6 4.34 4.23 2.73 0.225
-2.3 0.6 4.34 4.23 2.73 0.25
-2.3 0.6 4.34 4.23 2.73 0.275
-2.3 0.6 4.34 4.23 2.73 0.3
-2.3 0.6 4.34 4.23 2.73 0.325
-2.3 0.6 4.34 4.23 2.73 0.35
-2.3 0.6 4.34 4.23 2.73 0.375
-2.3 0.6 4.34 4.23 2.73 0.4
-2.3 0.6 4.34 4.23 2.73 0.425
-2.3 0.6 4.34 4.23 2.73 0.45
