20 125 256 6000 256 16 128
12 26 16000 32000 64 16 24
12 26 8000 32000 0 8 24
1 23 16000 32000 64 16 32
8 800 256 8000 0 1 4
4 50 2000 16000 8 3 5
19 180 512 4000 0 1 3
27 200 1000 4000 0 1 4
7 110 1000 12000 16 1 2
27 200 2000 8000 64 1 5
6 810 512 512 8 1 1
3 320 256 3000 4 1 3
12 225 2000 4000 8 3 6
18 26 8000 32000 128 24 32
18 105 2000 8000 16 4 14
12 25 2000 12000 8 1 4
8 800 256 8000 0 1 4
2 110 5000 5000 142 8 64
5 64 5240 20970 30 12 24
19 50 2000 32000 112 52 104
13 50 2000 4000 0 3 6
2 143 2300 6200 0 6 64
10 300 1000 4000 8 3 64
2 167 524 2000 8 4 15
10 140 2000 4000 8 1 20
30 480 1000 4000 0 0 0
6 320 512 8000 4 1 5
5 50 500 2000 8 1 4
17 160 1000 4000 8 1 14
12 1100 768 2000 0 1 1
29 125 2000 8000 0 2 14
10 140 2000 4000 0 4 8
10 140 2000 32000 32 1 54
16 38 4000 8000 32 16 32
3 320 128 6000 0 1 12
10 330 1000 2000 0 1 2
9 300 768 3000 0 6 24
12 900 512 1000 0 1 2
12 900 1000 4000 4 1 2
19 180 262 4000 0 1 3
15 115 2000 4000 2 1 5
1 29 8000 32000 32 8 32
16 38 4000 16000 128 16 32
14 100 1000 8000 0 2 6
13 50 2000 8000 8 3 6
19 50 4000 32000 112 52 104
12 17 4000 16000 8 6 12
16 38 8000 24000 160 4 8
2 143 3100 6200 0 5 20
15 40 8000 16000 32 8 16
5 50 2620 10480 30 12 24
16 112 1000 1000 0 1 4
8 800 256 8000 0 1 4
4 50 1000 8000 8 3 5
25 75 2000 16000 128 1 38
19 180 512 4000 0 1 3
19 180 262 4000 0 1 3
1 23 16000 64000 64 16 32
15 92 2000 8000 4 1 6
13 50 2000 16000 24 1 6
6 200 512 8000 8 1 8
2 143 1000 2000 0 5 16
15 50 4000 16000 64 5 10
10 140 2000 32000 32 1 20
12 400 2000 4000 0 1 1
14 50 2000 16000 24 6 16
17 160 1000 8000 16 1 14
12 203 1000 2000 0 1 5
18 240 512 1000 8 1 3
7 110 1000 4000 16 1 2
11 75 3000 8000 8 3 48
13 50 2000 16000 24 1 6
12 600 768 2000 0 1 1
16 38 8000 16000 64 4 8
11 105 2000 4000 8 3 19
8 800 256 8000 0 1 4
3 320 256 5000 4 1 6
15 60 4000 16000 64 5 8
1 23 16000 32000 64 16 32
17 160 512 2000 2 3 8
16 56 2000 6000 0 1 8
14 100 1000 8000 24 2 6
12 400 4000 8000 0 1 1
15 92 2000 8000 32 1 6
18 26 8000 24000 32 8 16
13 50 8000 16000 48 1 10
8 800 256 8000 0 1 4
19 30 8000 64000 96 12 176
12 115 512 6000 16 1 6
5 50 2000 8000 8 1 5
19 30 8000 64000 128 12 176
28 250 512 4000 0 4 7
6 133 1000 8000 9 3 12
18 105 2000 4000 8 3 8
10 330 1000 4000 0 3 6
13 50 2000 8000 8 1 6
2 143 512 5000 0 7 32
12 1500 768 2000 0 0 0
16 56 4000 16000 0 1 8
16 84 1000 2000 0 1 6
19 116 2000 8000 32 5 28
15 72 4000 16000 64 8 16
12 185 2000 16000 16 1 6
15 48 4000 24000 32 8 24
12 225 1000 4000 2 3 6
1 29 8000 16000 32 8 16
15 115 2000 8000 16 1 3
10 140 2000 8000 32 1 54
10 140 2000 32000 32 1 54
19 50 2000 32000 48 26 52
12 800 768 2000 0 0 0
5 56 5240 20970 30 12 24
12 225 2000 4000 8 3 6
24 125 512 1000 0 8 20
2 143 1500 6300 0 5 32
4 50 2000 16000 8 3 6
11 90 256 1000 0 3 10
11 175 256 2000 0 3 24
18 59 4000 12000 32 6 12
25 75 2000 8000 64 1 38
19 98 1000 8000 32 2 8
1 29 8000 32000 32 8 32
18 59 8000 16000 64 12 24
3 320 512 5000 4 1 5
15 38 16000 32000 128 16 32
10 140 2000 4000 0 3 6
22 60 2000 8000 65 1 8
16 56 4000 8000 0 1 8
23 200 512 16000 0 4 32
12 57 4000 16000 1 6 12
5 25 1310 2620 131 12 24
14 50 2000 16000 12 3 16
28 250 1000 16000 1 1 8
4 50 2000 16000 8 3 6
15 35 8000 32000 64 8 24
5 50 1000 4000 8 1 5
7 700 256 2000 0 1 1
7 700 384 8000 0 1 1
12 26 8000 16000 0 8 16
15 75 4000 16000 16 1 6
15 60 2000 16000 64 5 8
11 105 1000 4000 0 3 24
25 75 2000 16000 64 1 38
9 300 768 12000 6 6 24
12 1100 512 1500 0 1 1
9 180 768 12000 6 1 31
3 320 512 2000 4 1 3
16 56 1000 4000 0 1 6
15 72 2000 8000 16 6 8
15 40 8000 32000 64 8 24
16 56 2000 8000 0 1 8
27 200 1000 2000 0 1 2
15 60 4000 16000 32 1 6
5 50 2620 10480 30 12 24
12 900 2000 4000 0 3 6
12 57 4000 24000 64 12 16
23 350 64 64 0 1 4
18 52 4000 16000 32 4 12
15 30 16000 32000 256 16 24
21 400 512 3500 4 1 6
1 26 8000 32000 64 8 32
12 480 96 512 0 1 1
16 38 4000 8000 32 16 32
19 50 2000 32000 24 6 26
14 50 2000 16000 24 6 16
15 92 2000 8000 32 1 6
10 140 2000 4000 8 1 20
10 300 1000 16000 8 2 112
10 330 1000 3000 0 2 4
18 240 512 2000 8 1 5
12 1500 768 1000 0 0 0
21 400 1000 3000 0 1 2
11 105 256 2000 0 3 10
12 180 2000 16000 16 1 6
6 133 1000 12000 9 3 12
7 220 1000 8000 16 1 2
5 25 1310 2620 131 12 24
17 160 512 4000 2 1 5
12 25 2000 12000 16 3 5
12 26 16000 32000 64 8 24
12 17 4000 16000 32 6 12
7 140 1000 16000 16 1 3
9 300 192 768 6 6 24
18 70 4000 12000 8 6 8
12 900 1000 4000 8 1 2
22 50 4000 16000 65 1 8
1 23 32000 64000 128 32 64
4 50 1000 4000 8 3 5
17 160 2000 8000 32 1 13
12 180 2000 8000 8 1 6
14 100 1000 8000 24 3 6
9 300 384 12000 6 1 24
1 29 8000 32000 32 8 32
26 150 512 4000 0 8 128
7 200 1000 8000 0 1 2
19 124 1000 8000 0 1 8
9 300 768 4500 0 1 24
12 900 1000 1000 0 1 2
16 56 4000 12000 0 1 8
30 480 512 8000 32 0 0
15 38 8000 32000 64 8 24
3 320 256 6000 0 1 6
9 300 768 3000 6 6 24
6 810 1000 5000 0 1 1
28 250 512 4000 0 1 7
11 75 2000 8000 8 3 24
18 26 8000 32000 64 12 16
2 110 3100 6200 0 6 64
18 105 2000 6000 16 6 16
