1990 8 5 22 17 280.9 1 2 2 70 1 20 1
1994 11 24 17 32 425.8 5 1 2 70 2 50 1
1991 4 18 4 29 243.7 5 2 2 60 1 30 0
1993 2 16 12 35 143.5 3 1 1 80 1 50 1
1995 3 5 10 20 430.85 1 1 2 70 1 50 1
1994 10 21 18 2 350.6 6 1 2 85 2 100 1
1995 2 16 20 43 369.4 5 2 2 75 1 150 1
1995 2 10 9 23 371.15 6 1 2 75 5 100 1
1988 8 14 18 55 404.68 1 2 1 80 1 100 1
1992 1 30 17 39 370 5 1 1 75 5 70 2
1988 10 30 22 32 419.8 1 3 2 70 2 0 1
1995 2 14 17 33 274.3 3 2 1 85 20 150 4
1995 2 23 6 18 428.7 5 1 1 70 10 100 1
1991 1 14 21 29 405.65 2 1 2 80 2 50 1
1993 3 7 7 45 143.65 1 1 1 75 1 200 1
1988 9 20 18 34 425.7 3 3 1 70 1 20 1
1993 9 15 18 9 440.9 4 1 1 70 1 50 1
1993 7 27 18 47 352.32 3 2 2 60 2 50 1
1993 7 11 20 44 441.5 1 4 1 75 1 50 1
1990 2 18 18 29 248.1 1 1 2 60 2 30 1
1992 11 8 20 40 365.9 1 1 2 75 8 200 1
1993 7 12 10 14 327.8 2 1 1 60 1 50 1
1990 10 30 16 55 390.3 3 1 2 80 1 0 1
1993 5 6 18 56 407.9 5 1 2 70 2 50 1
1987 12 1 19 30 364.5 3 1 1 75 4 50 2
1992 12 27 16 13 372.5 1 1 1 75 6 50 1
1991 1 10 6 23 428.9 5 1 1 80 1 50 1
1993 12 29 22 55 421.3 4 1 2 70 1 50 1
1993 6 29 22 58 270.4 3 1 2 70 2 100 1
1990 4 8 18 37 348.3 1 2 2 60 5 20 1
1993 10 20 21 39 338.8 4 1 2 75 3 70 1
1990 7 9 22 20 285.5 2 1 2 70 3 30 2
1992 3 9 19 23 429.3 2 1 2 75 3 70 1
1988 1 16 17 25 373.75 7 1 1 70 2 30 1
1994 6 22 20 11 336.5 4 1 2 65 1 50 1
1989 3 1 16 39 429.65 4 4 1 60 1 50 1
1993 12 25 23 48 273.23 7 1 1 70 1 50 1
1992 12 20 16 16 351.5 1 5 2 85 15 100 1
1992 12 18 16 40 425.1 6 1 1 60 2 30 1
1990 9 20 20 8 238.05 5 2 1 75 3 50 1
1995 2 12 10 10 420.3 1 1 2 70 7 100 1
1995 1 18 20 11 252.45 4 1 2 57 5 40 1
1993 12 31 22 7 364.35 6 1 2 80 4 50 1
1992 12 27 16 52 413.75 1 1 1 80 3 70 1
1994 11 12 20 46 439.05 7 1 1 80 2 100 1
1990 11 29 22 31 251.2 5 1 2 75 1 50 1
1993 7 11 19 24 364 1 4 1 80 4 100 1
1988 11 18 19 23 420.25 6 1 2 70 1 20 1
1994 2 28 8 5 241.2 2 1 1 70 4 120 1
1994 3 29 18 39 246.408 3 1 2 65 3 130 1
1993 6 11 18 31 420.45 6 4 1 70 3 60 1
1995 3 11 21 37 421.7 7 2 2 60 2 50 1
1992 11 2 22 34 245.1 2 1 2 65 1 50 1
1993 1 28 6 21 420.2 5 3 1 65 3 30 1
1994 7 25 3 54 249.25 2 2 2 60 3 100 3
1993 8 9 19 25 364.45 2 2 1 80 2 50 1
1992 5 8 21 35 287.71 6 4 2 65 3 70 1
1990 1 14 17 28 424.64 1 1 2 60 1 0 1
1995 1 25 16 56 407.5 4 1 1 75 2 30 1
1992 10 8 3 45 242.6 5 2 2 50 1 0 1
1990 12 25 21 43 285.45 3 1 1 75 2 100 1
1988 2 12 20 23 426.57 6 1 1 50 1 50 1
1991 9 22 22 59 287.6 1 2 2 80 15 50 2
1994 10 10 22 34 243.4 2 1 2 70 5 150 1
1992 10 12 22 30 244.3 2 4 2 60 3 0 0
1990 1 6 8 23 392.1 7 1 2 80 1 80 1
1992 7 18 5 51 275.9 7 2 1 60 2 20 1
1994 7 13 6 22 325.36 4 1 2 70 3 100 1
1987 9 20 5 35 123.366 1 2 2 80 6 100 1
1992 12 20 6 18 350.35 1 1 2 85 4 50 1
1990 10 24 17 19 386.65 4 1 1 80 1 0 1
1993 2 13 12 14 271.29 7 1 1 80 3 50 1
1992 2 14 22 56 286.8 6 2 2 70 1 0 1
1988 11 25 22 38 327.7 6 1 2 55 1 30 1
1991 4 6 17 45 364 7 2 1 80 12 100 1
1992 11 10 21 21 287.4 3 1 1 70 2 0 0
1990 10 28 20 10 237.35 1 1 1 50 1 0 1
1994 5 12 4 36 126 5 1 2 60 4 200 0
1992 12 21 20 2 284 2 1 2 50 1 0 1
1994 9 20 22 9 276 3 2 1 75 8 60 1
1992 12 15 17 39 332.4 3 1 2 60 6 0 1
1993 4 24 17 37 273.8 7 3 1 75 7 100 1
1992 12 18 19 52 347.55 6 1 1 70 3 50 1
1988 7 14 19 39 213.4 5 2 2 75 1 50 1
1993 2 9 16 35 430.5 3 1 2 75 8 30 1
1994 10 31 20 40 285.975 2 1 2 75 2 50 1
1995 1 29 7 52 426.1 1 2 2 40 12 50 1
1992 8 9 21 18 261.6 1 2 2 70 1 100 1
1994 4 25 20 9 242.5 2 1 2 62 3 100 1
1991 3 17 19 15 423 1 1 2 60 2 50 1
1994 9 22 2 48 133.4 5 3 1 60 6 50 1
1994 8 29 19 26 363.7 2 4 1 80 2 120 1
1994 4 9 18 23 428.9 7 5 1 65 3 90 1
1992 1 11 17 23 280.05 7 1 2 82 5 100 1
1993 1 19 16 51 341.4 3 5 1 80 4 180 1
1993 8 17 6 20 420.5 3 1 1 65 1 150 1
1994 11 4 17 46 337.97 6 1 2 65 2 50 1
1993 6 28 19 28 361.1 2 2 1 70 2 50 1
1992 12 25 16 55 335.65 6 1 1 65 4 70 1
1989 9 26 20 41 404.7 3 1 1 75 5 180 1
1993 2 6 16 23 352.3 7 5 2 60 2 30 1
1993 2 14 17 35 430.05 1 1 2 70 5 100 1
1992 7 25 22 8 214 7 3 2 75 1 0 1
1992 2 7 22 39 276.2 6 2 2 60 7 50 1
1994 7 28 18 34 132.05 5 2 2 80 1 30 1
1992 1 13 22 57 285.9 2 5 2 75 8 170 3
1994 9 20 18 59 248.2 3 2 2 65 2 130 1
1988 4 29 18 33 426.4 6 4 1 60 6 30 1
1994 10 2 17 33 327 1 1 2 65 1 50 1
1989 3 17 17 45 433.55 6 2 2 60 2 30 2
1994 11 15 16 8 375.2 3 1 1 65 4 90 1
1995 1 27 6 18 429.05 6 2 1 80 10 100 1
1992 11 26 22 17 339.7 5 1 1 75 7 60 1
1990 5 2 21 29 284.8 4 1 2 50 1 30 1
1988 3 18 19 30 429.5 6 1 2 70 1 30 1
1987 4 3 6 3 419.5 6 1 1 70 5 50 0
1993 1 18 22 56 420.1 2 2 2 70 3 80 1
1992 7 20 21 56 245.2 2 2 2 60 1 0 1
1993 11 7 18 29 423.3 1 2 1 65 3 50 1
1992 10 16 22 52 261.8 6 1 2 70 5 100 1
1994 2 17 18 25 337 5 1 1 65 2 100 1
1992 11 13 21 53 435.8 6 1 2 75 2 50 1
1993 9 15 19 12 278.6 4 1 2 75 1 0 1
1990 2 15 20 24 424.35 5 1 1 60 3 50 1
1992 10 4 0 0 242.8 1 1 1 55 2 10 1
1994 12 26 17 10 406.9 2 1 2 70 2 180 1
1992 8 4 4 51 277.9 3 2 1 50 6 180 1
1989 11 10 21 50 425.9 6 1 2 65 6 50 1
1993 11 11 21 25 406.4 5 1 2 70 1 0 1
1990 7 7 9 36 278.8 7 1 1 74 2 100 0
1995 3 20 17 45 365.35 2 1 1 65 2 0 1
1993 9 29 19 29 361.5 4 1 1 80 1 20 1
1993 6 7 10 8 243.5 2 1 2 70 2 0 1
1992 10 6 21 45 425.7 3 1 2 70 2 50 1
1991 11 14 16 29 431.85 5 2 1 60 6 100 1
1989 11 10 20 11 245.1 6 2 2 60 2 100 1
1990 10 31 18 34 422.88 4 1 1 55 2 30 1
1992 11 28 22 19 262.98 7 1 2 70 4 100 1
1995 3 11 19 9 421.6 7 2 2 65 2 100 1
1993 12 21 21 4 419.7 3 1 1 70 1 130 1
1990 10 8 18 55 132.5 2 2 1 78 2 80 1
1993 5 15 18 26 426.2 7 1 1 70 7 100 1
1994 8 26 20 4 329 6 1 2 60 2 50 1
1993 1 24 16 50 339.5 1 1 1 85 4 150 1
1992 1 6 18 43 414.7 2 1 1 80 7 100 1
1993 3 7 7 25 144.6 1 1 2 70 12 0 1
1993 9 5 21 45 371 1 3 1 65 2 50 1
1994 1 6 17 25 418 5 1 2 70 2 70 1
1994 3 31 23 14 287.5 5 1 2 70 4 100 1
1990 1 9 16 50 414.75 3 1 1 75 3 50 1
1988 11 12 17 0 409 7 2 1 65 1 20 1
1992 11 1 21 10 363.9 1 1 1 75 2 50 1
1993 7 25 18 33 386.65 1 2 2 80 2 100 1
1991 1 4 6 33 419.2 6 1 1 70 1 0 1
1991 11 7 17 27 317.85 5 1 2 60 1 50 1
1993 7 21 8 44 418.72 4 2 1 75 3 35 1
1994 2 27 17 24 418.9 7 1 2 80 7 80 1
1995 2 19 22 21 331.25 1 1 1 65 1 40 1
1987 8 24 9 7 381.7 2 2 1 70 2 50 1
1994 11 30 22 20 332.25 4 1 1 65 2 50 1
1993 10 28 23 20 285.7 5 1 2 75 2 50 1
1994 5 10 23 13 287.3 3 1 2 85 5 80 1
1993 12 21 16 1 144.3 3 5 1 80 3 150 1
1988 12 13 8 12 422.3 3 1 1 75 1 150 1
1995 1 3 16 32 365.5 3 2 2 70 1 30 1
1990 3 9 18 25 429.05 6 1 1 70 3 100 1
1994 5 16 20 29 273.1 2 2 2 63 3 100 0
1993 10 26 19 49 317.4 3 1 2 60 1 30 1
1993 10 19 19 34 244.3 3 1 1 68 4 20 1
1991 11 24 21 36 338.465 1 1 1 65 1 20 1
1990 10 15 18 46 347.08 2 1 2 72 2 100 1
1993 12 19 16 17 143.5 1 2 2 80 1 50 1
1991 11 14 17 59 346.25 5 2 2 80 2 20 1
1993 7 23 16 49 382.22 6 2 2 75 2 50 1
1994 11 15 18 13 366 3 1 2 75 3 80 1
1994 10 22 21 48 350.63 7 1 2 85 2 100 1
1990 11 5 19 3 317.85 2 3 1 60 1 0 1
1995 1 26 7 54 335.6 5 2 1 80 2 50 1
1991 1 26 11 45 367.2 7 1 1 80 3 100 1
1992 11 30 21 51 432.25 2 1 2 70 1 80 1
1989 4 29 18 35 275.55 7 1 2 80 3 100 1
1994 11 3 21 8 420.7 5 1 1 65 5 50 1
1994 11 6 22 21 333.1 1 1 1 60 8 80 1
1990 10 9 20 36 269 3 3 1 65 1 50 1
1993 9 28 19 51 124.75 3 1 2 95 2 25 1
1992 5 8 18 56 273.05 6 2 2 65 2 50 1
1992 9 19 22 13 133.4 7 2 2 90 1 0 1
1993 9 23 17 39 331.1 5 1 2 65 1 30 1
1993 10 27 4 0 126.6 4 1 2 65 1 40 1
1994 2 20 19 17 429.3 1 1 2 80 1 40 1
1991 1 26 21 55 432.565 7 1 2 70 3 0 2
1995 1 19 21 47 433 5 2 2 65 4 40 1
1993 2 21 19 53 143.5 1 1 1 65 2 0 2
1990 3 1 20 13 334.87 5 1 1 60 4 50 2
1993 1 1 22 19 337.9 6 1 1 70 5 70 1
1989 7 30 19 28 433.65 1 2 2 65 1 50 1
1990 11 5 19 49 420.1 2 3 1 70 1 40 1
1991 7 18 19 32 364.5 5 2 1 75 3 50 1
1993 5 26 19 15 373.8 4 2 1 70 1 50 1
1994 1 23 17 34 429.9 1 1 2 60 4 60 1
1994 8 22 7 16 327.95 2 1 1 65 1 100 1
1994 1 16 22 24 144.3 1 1 2 39 4 100 1
1992 12 16 19 22 434.3 4 1 2 70 8 50 2
1990 11 11 21 46 242.78 1 1 2 60 2 50 1
1993 5 13 20 4 243.1 5 1 2 70 1 200 1
1994 6 12 19 47 274 1 1 2 50 12 50 1
1990 11 27 21 42 421.15 3 1 2 65 1 30 1
1992 8 5 8 29 327.6 4 2 1 60 1 20 1
1992 10 15 21 54 431.85 5 1 2 65 1 20 1
1990 12 31 21 43 424 2 1 2 70 5 30 1
1993 2 28 23 23 286 1 5 2 65 3 70 0
1989 10 19 16 56 407.05 5 2 1 70 2 80 1
1990 12 25 16 31 351.8 3 1 1 80 2 20 1
1993 5 5 22 28 332.8 4 1 1 70 2 50 1
1993 12 6 18 12 365.2 2 1 2 80 1 20 1
1991 7 11 18 32 249.6 5 3 2 90 1 50 1
1995 2 12 17 40 432.5 1 1 2 65 3 50 1
1989 11 9 20 10 337.75 5 3 1 65 2 50 1
1994 12 30 17 42 368.6 6 1 1 50 1 10 1
1993 9 3 18 32 332.6 6 1 2 65 2 80 1
1989 11 23 16 34 428.3 5 1 1 70 5 70 1
1989 10 21 18 31 424.8 7 1 1 70 2 20 1
1995 1 2 0 25 240.9 2 1 1 55 2 50 1
1995 2 28 19 8 287.3 3 1 1 75 2 0 1
1991 2 26 18 26 429.9 3 1 1 65 1 80 1
1991 7 1 20 35 423 2 1 1 70 1 0 1
1994 9 6 18 56 406.7 3 4 2 70 2 70 1
1990 1 28 19 52 238.8 1 1 1 60 4 100 1
1992 11 9 21 36 420.5 2 1 2 60 6 130 1
1992 12 4 16 20 364.1 6 1 1 80 1 50 1
1992 10 7 23 13 287.6 4 2 2 80 2 50 1
1993 10 9 15 52 285.3 7 1 1 70 1 20 1
1989 1 13 16 51 412.55 6 1 1 75 5 100 1
1994 2 19 18 21 429.7 7 1 1 80 1 50 1
1990 5 12 3 39 273.96 7 3 1 60 1 40 1
1990 11 5 4 52 240.93 2 3 2 45 1 0 1
1990 4 3 20 16 247.3 3 1 2 80 5 210 1
1993 1 23 17 1 287.4 7 1 2 65 1 20 1
1991 3 28 23 45 255.75 5 2 1 60 1 60 1
1992 11 10 21 38 273.2 3 3 1 80 3 100 1
1990 12 9 16 42 418.5 1 1 1 80 5 100 1
1992 12 15 20 22 419.9 3 1 1 70 3 20 1
1993 7 21 19 5 274.7 4 2 2 60 1 100 0
1991 9 30 17 45 363.9 2 1 1 80 4 40 1
1994 3 24 20 20 346.8 5 3 2 75 2 100 1
1994 1 2 19 11 423.8 1 1 2 70 2 50 1
1993 7 14 17 48 124.25 4 1 1 80 1 100 1
1992 12 17 20 37 364.5 5 1 2 70 1 100 1
1995 1 27 17 25 418.7 6 2 2 80 10 100 1
1995 1 9 6 20 431.1 2 1 1 45 7 50 1
1991 2 11 14 26 255.2 2 2 1 65 15 100 0
1994 1 11 16 27 433.4 3 1 1 60 5 50 1
1991 3 31 19 32 364.01 1 1 1 60 3 140 1
1992 7 19 18 53 236.79 1 3 2 70 1 0 1
1994 10 2 21 49 285.4 1 1 1 70 3 50 1
1992 7 15 18 36 422.35 4 1 1 70 1 20 1
1995 1 4 15 40 407.15 4 1 1 75 2 50 1
1992 11 29 21 32 338.7 1 1 1 70 1 100 1
1994 9 19 17 41 369.25 2 3 1 75 1 30 1
1991 10 8 19 48 287.16 3 1 2 75 6 100 1
1994 9 22 5 0 239.75 5 2 2 60 4 40 1
1989 11 13 22 33 338.8 2 3 1 65 1 40 1
1994 11 12 21 27 325.4 7 1 2 70 1 50 1
1992 10 8 17 20 256.1 5 2 2 60 3 0 1
1991 10 27 16 24 255.9 1 2 2 65 1 30 1
1987 10 19 20 59 386.9 2 4 1 80 2 0 1
1994 11 20 16 32 367.1 1 2 2 75 2 100 1
1990 5 6 21 41 338.95 1 1 1 58 5 55 1
1993 1 3 17 30 425.65 1 1 2 70 6 50 1
1991 2 20 18 21 432 4 1 1 50 1 0 1
1994 3 20 22 7 247.1 1 1 2 55 3 50 2
1989 7 11 18 38 317.9 3 3 1 60 4 50 1
1989 11 7 22 25 347.25 3 2 1 70 2 50 1
1992 12 11 7 11 337.6 6 2 1 70 5 50 1
1993 10 12 18 25 336.9 3 1 1 65 5 50 1
1993 10 28 18 32 420 5 1 1 70 2 50 1
1988 11 12 20 23 334.85 7 1 1 50 1 0 1
1989 1 11 17 28 418.66 4 2 2 70 5 50 1
1995 1 5 0 14 251.7 5 2 1 45 4 0 1
1991 2 26 14 22 430.5 3 1 2 65 26 120 2
1989 2 6 22 15 423.1 2 5 2 70 2 50 1
1994 9 26 19 9 225.956 2 1 1 85 2 80 1
1989 11 2 22 3 278.6 5 1 1 65 2 40 1
1992 10 31 17 27 423.9 7 2 2 60 1 50 1
1994 3 25 17 39 332.8 6 1 2 60 3 80 1
1987 7 25 21 51 336.1 7 2 1 65 2 100 1
1994 3 20 23 14 287.02 1 1 2 70 16 50 1
1993 11 4 22 5 351.8 5 1 1 85 2 70 1
1991 8 30 19 19 425.9 6 1 2 70 2 10 1
1987 9 26 22 3 420.44 7 3 2 65 1 10 1
1993 11 2 0 30 236.7 3 1 1 50 1 20 1
1992 11 2 18 28 329.7 2 1 2 75 1 50 1
1993 10 13 17 23 316.5 4 1 2 75 1 80 1
1994 2 9 23 17 284.43 4 5 2 57 2 30 1
1992 8 23 18 56 243.57 1 2 1 60 1 50 1
1993 1 1 16 19 364.3 6 1 1 80 8 100 2
1994 9 6 23 11 286.3 3 1 2 78 1 50 0
1991 12 23 11 37 262.8 2 2 2 65 4 100 1
1988 10 31 11 44 433.6 2 2 2 60 1 0 1
1989 8 14 17 26 421.88 2 4 2 70 3 0 1
1991 1 22 17 31 279.4 3 1 1 80 3 20 2
1991 11 20 20 20 423.2 4 1 1 65 1 20 1
1991 4 27 19 57 243 7 1 2 65 3 120 0
1994 7 28 21 30 266.81 5 2 2 50 2 30 1
1994 3 26 21 54 362.3 7 1 1 80 1 150 1
1991 2 5 12 4 143.5 3 1 2 80 5 180 1
1993 1 24 16 6 128.4 1 2 1 40 1 300 1
1988 12 18 20 12 345.9 1 1 1 75 3 50 1
1991 10 26 22 22 244.2 7 2 2 65 4 50 1
1990 12 16 6 32 418.7 1 1 1 75 4 30 1
1992 4 16 22 43 273.8 5 1 2 80 1 100 0
1993 4 4 23 23 285.8 1 2 2 75 4 200 1
1993 12 16 21 35 419.2 5 1 2 65 3 100 1
1993 1 23 17 43 434.05 7 1 2 60 4 50 1
1990 4 22 16 32 338.2 1 2 1 65 15 50 1
1993 2 18 17 59 350.9 5 1 2 85 7 200 1
1988 4 4 8 59 418.75 2 2 2 70 8 100 1
1990 2 23 16 32 255.5 6 2 1 65 12 220 0
1992 10 3 18 21 273.2 7 1 1 85 5 100 1
1993 12 2 19 2 145 5 2 2 75 1 0 1
1989 10 20 23 58 242.6 6 1 1 52 4 20 0
1992 11 30 16 26 243.85 2 1 1 65 1 80 1
1991 7 3 18 27 338.5 4 1 1 65 2 100 1
1995 2 24 17 42 368.95 6 2 1 70 5 50 1
1993 11 17 17 18 411.74 4 2 2 80 3 30 1
1988 1 14 22 15 420.1 5 2 2 68 3 0 1
1990 5 6 20 27 423.62 1 1 1 65 1 50 1
1994 8 21 21 48 285.5 1 2 1 75 1 50 1
1992 12 30 21 47 429.4 4 1 2 75 3 100 1
1990 11 29 21 45 423.4 5 1 2 70 3 50 1
1989 3 24 23 28 284.7 6 1 2 50 2 50 1
1994 1 31 17 13 405.62 2 1 2 75 5 50 1
1994 8 14 19 14 285.5 1 1 2 70 2 50 1
1994 1 15 18 21 429.9 7 1 1 75 5 60 1
1995 3 9 17 57 271.5 5 1 2 70 3 50 1
1994 1 8 22 45 407.4 7 1 2 70 4 100 1
1993 10 31 21 13 253.8 1 1 2 70 2 70 1
1988 10 24 17 45 348 2 1 2 70 1 0 1
1993 5 6 5 21 332.95 5 2 2 50 1 80 1
1993 1 28 6 41 344.7 5 3 2 85 2 100 1
1993 1 2 17 12 143.5 5 2 2 80 2 70 1
1988 4 9 20 57 365 7 1 2 75 1 30 1
1990 11 26 21 20 274.9 2 2 2 80 1 0 1
1991 10 22 22 40 328.85 3 3 1 60 2 50 1
1994 11 13 23 19 241.2 1 1 1 60 1 0 1
1994 11 20 18 59 133.7 1 1 1 90 1 0 1
1994 12 17 18 13 364.07 7 1 2 75 4 200 1
1992 11 28 17 48 365.3 7 1 1 80 7 100 1
1990 2 3 18 30 425.51 7 1 1 60 5 10 2
1993 10 17 21 40 424 1 2 2 60 2 40 1
1994 10 11 18 53 321.85 3 2 1 75 2 150 1
1995 1 7 15 43 350.3 7 1 1 75 2 200 1
1989 12 7 21 57 321.8 5 2 1 60 2 50 1
1993 6 9 19 34 258.2 4 2 2 65 7 100 1
1990 8 28 9 46 337.85 3 1 1 70 2 20 1
1990 9 23 15 53 421.5 1 1 1 60 2 50 1
1994 12 20 21 7 418.7 3 1 1 80 2 50 1
1991 8 26 21 14 361.55 2 1 1 75 1 150 1
1988 8 7 19 29 428.75 1 2 2 55 2 30 1
1992 11 26 21 38 420.1 5 1 2 60 5 50 1
1993 3 9 14 55 144.4 3 1 1 80 5 200 0
1991 2 3 17 15 411.7 1 1 2 80 2 0 1
1992 12 18 21 29 410.1 6 1 2 80 1 50 1
1993 2 10 12 25 323.5 4 1 1 60 1 50 1
1989 10 13 21 51 424 6 2 2 70 3 70 2
1994 7 7 19 5 275.5 5 2 2 85 2 130 1
1989 11 17 21 49 254 6 1 2 75 4 70 1
1994 9 18 22 35 244.38 1 3 2 65 3 0 1
1992 10 26 21 44 338.9 2 1 2 65 1 30 1
1993 12 2 16 34 366.5 5 2 2 80 2 100 1
1994 8 10 22 32 318.5 4 1 1 65 3 40 1
1995 3 17 19 45 258.5 6 2 1 65 3 0 1
1989 11 17 20 49 364.4 6 1 2 75 3 50 1
1994 2 2 23 28 285.2 4 2 2 65 3 0 1
1995 3 15 18 34 274.5 4 1 1 60 7 0 1
1988 11 9 5 48 433.5 4 1 1 60 6 20 1
1988 11 2 19 19 336.75 4 1 2 60 1 30 1
1990 11 26 22 12 238.2 2 2 2 60 2 50 1
1994 1 8 2 25 144.5 7 1 1 70 5 100 1
1995 2 28 21 51 366.4 3 1 1 75 1 30 1
1995 2 28 18 28 425.7 3 1 1 60 1 50 1
1995 3 17 22 52 255.75 6 2 2 60 6 50 1
1990 11 27 19 0 287.7 3 1 1 80 1 0 1
1990 12 4 23 51 251.2 3 1 1 60 1 50 1
1988 3 7 19 15 424.1 2 5 2 60 3 20 1
1992 11 29 21 42 424.35 1 1 2 70 3 50 1
1991 9 24 21 35 286.95 3 1 2 70 4 50 1
1989 7 4 22 54 285.9 3 1 2 70 3 10 1
1991 1 18 20 10 433.35 6 2 1 60 1 20 1
1993 9 2 20 6 329.77 5 1 2 70 1 20 1
1994 3 19 22 39 247 7 1 2 60 3 70 0
1989 1 21 21 42 327.85 7 5 2 60 1 20 1
1991 2 26 19 20 422.5 3 1 2 70 2 40 1
1993 11 18 16 22 362.58 5 3 1 80 2 50 1
1993 11 21 21 3 419.5 1 2 1 70 3 30 1
1988 12 2 17 42 364.2 6 1 1 80 1 50 1
1988 4 6 15 0 126.3 4 2 1 75 10 60 3
1989 10 25 17 24 329.5 4 1 2 60 2 50 1
1994 9 13 23 14 288.1 3 2 2 65 2 100 1
1991 3 23 13 40 255.85 7 2 2 40 7 70 0
1991 9 22 20 8 421.1 1 4 2 70 2 15 1
1990 4 10 17 22 420.5 3 1 2 70 5 40 1
1993 10 14 18 50 403.2 5 1 1 80 1 50 1
1994 12 17 16 56 387.25 7 1 2 80 2 80 1
1991 11 1 18 29 336.4 6 1 1 60 3 20 3
1990 1 10 10 21 350.25 4 2 1 73 10 80 2
1993 11 2 16 57 388.5 3 1 2 80 4 150 1
1994 12 7 16 53 410.7 4 1 1 70 1 100 1
1993 3 16 6 27 426.4 3 1 1 70 4 0 1
1990 5 6 20 12 336.45 1 1 1 55 6 80 1
1995 1 3 21 47 430.8 3 2 2 45 1 5 1
1993 9 18 18 44 321.1 7 4 1 60 2 50 1
1994 2 6 23 34 285.1 1 1 1 50 2 50 1
1988 11 22 20 58 365.45 3 2 2 80 1 100 1
1994 2 5 14 0 278.1 7 1 1 70 12 200 0
1990 7 8 4 45 223.3 1 2 2 65 3 50 1
1989 7 24 22 2 316.6 2 1 1 65 1 30 1
1990 3 15 8 8 433.1 5 2 1 60 4 50 1
1988 10 24 21 40 350.5 2 1 1 70 1 0 1
1991 2 23 13 55 144.25 7 2 2 75 3 70 1
1995 2 15 21 41 425.95 4 1 2 70 2 50 1
1995 3 14 8 40 331.4 3 1 2 60 8 50 1
1992 11 27 16 51 415.45 6 1 1 80 1 100 1
1990 4 4 16 42 420.1 4 3 1 70 2 20 1
1992 3 23 18 21 327 2 1 2 60 2 80 1
1994 2 15 19 18 429.6 3 1 2 75 8 150 2
1990 12 17 16 56 406.45 2 1 1 70 2 100 1
1995 3 13 17 26 421.5 2 1 2 60 6 80 1
1988 9 28 17 20 387.06 4 2 1 75 1 30 1
1990 1 6 20 24 425 7 5 1 65 2 50 1
1994 3 10 17 39 429.4 5 2 2 70 6 100 1
1995 1 26 20 55 428.5 5 1 1 75 1 80 2
1992 7 9 20 28 279.1 5 2 1 75 3 50 2
1991 7 2 18 28 136.16 3 1 2 75 2 100 2
1994 3 24 22 20 333.15 5 1 1 60 2 50 1
1994 3 24 18 10 287 5 2 1 70 3 100 3
1988 10 21 15 46 373.8 6 1 1 65 2 110 1
1988 11 23 20 33 424.2 4 1 1 70 1 50 1
1990 11 13 9 53 350.45 3 1 1 80 3 150 1
1991 1 1 7 23 420 3 1 2 70 8 30 1
1987 7 19 9 46 230.3 1 1 1 70 1 100 1
1995 2 13 7 46 420.1 2 1 2 65 2 150 1
1994 8 26 9 21 383.76 6 1 1 80 2 70 1
1990 11 26 21 46 339.75 2 2 2 70 1 40 1
1989 9 5 20 24 424.1 3 2 1 65 1 50 1
1987 10 21 19 19 261.65 4 1 1 60 4 80 1
1989 12 13 17 39 364.6 4 1 1 80 1 90 1
1994 12 24 16 49 250.32 7 1 2 60 3 0 1
1994 6 14 3 55 249.8 3 2 2 60 4 50 4
1994 10 26 18 42 346.2 4 1 2 85 3 0 3
1991 8 26 22 56 287.1 2 1 2 75 2 100 1
1994 12 29 18 20 373 5 1 2 70 4 30 2
1988 7 22 17 41 273.3 6 1 1 80 2 200 1
1992 12 4 21 10 365.6 6 1 1 80 6 80 1
1988 8 22 22 22 299.85 2 4 1 80 4 40 1
1991 3 29 9 19 433.55 6 1 2 60 6 0 1
1990 2 11 17 31 427.8 1 1 2 60 3 60 1
1993 8 2 6 35 337.2 2 2 2 70 4 80 1
1992 10 9 21 41 421 6 3 2 60 1 50 1
1994 9 20 20 3 336.7 3 3 1 65 1 30 1
1989 4 9 21 3 262.6 1 2 2 60 6 70 1
1993 12 29 17 42 432.5 4 1 2 70 3 50 1
1992 12 22 20 11 336.7 3 2 2 65 2 50 1
1994 6 16 6 35 241.1 5 1 1 60 1 0 1
1992 4 16 21 49 279.1 5 1 1 70 6 80 1
1994 1 24 17 34 428.8 2 1 2 75 4 40 1
1992 11 15 21 25 403.85 1 2 2 75 1 50 1
1994 11 28 17 37 327.8 2 1 2 65 2 50 1
1994 4 9 23 13 286.8 7 1 2 75 5 0 3
1993 11 30 18 55 404.5 3 1 2 80 4 80 1
1988 2 29 16 28 420 2 2 1 60 8 120 1
1992 10 7 20 5 288.3 4 2 2 70 2 50 1
1989 7 1 10 7 315.4 7 2 1 70 3 100 1
1993 10 21 16 22 120.8 5 1 1 80 1 150 0
1991 4 21 19 2 279.1 1 1 2 70 7 100 1
1995 1 29 11 15 409.1 1 5 1 80 10 100 1
1992 11 19 17 27 418.75 5 2 2 80 1 80 1
1993 10 16 16 59 331.3 7 1 1 65 2 70 1
1988 11 22 16 28 240.12 3 1 1 80 1 200 1
1992 6 20 22 58 287.7 7 2 2 80 2 0 1
1994 8 14 18 54 398.7 1 4 1 75 1 50 1
1987 12 3 20 35 351.8 5 1 2 75 10 80 1
1992 9 27 4 59 258.1 1 3 2 60 2 200 0
1990 4 15 12 13 369.25 1 2 1 75 6 100 1
1995 2 25 18 11 364 7 1 2 80 5 50 1
1990 4 12 6 27 340.3 5 1 2 60 10 30 1
1992 3 15 17 41 333.1 1 3 2 60 3 130 1
1994 11 10 16 53 327.8 5 1 1 60 1 50 1
1991 3 17 20 35 287.05 1 2 2 75 4 60 1
1995 2 28 6 21 424.3 3 2 1 70 3 150 1
1994 9 24 22 28 321.1 7 4 1 80 1 80 1
1994 10 3 17 30 322 2 1 2 75 1 100 1
1991 11 1 4 24 258.37 6 1 2 60 1 0 1
1995 3 21 18 55 244.3 3 3 1 65 3 50 1
1993 10 10 19 47 125.1 1 2 2 95 1 150 0
1988 1 13 18 27 425.8 4 1 1 70 1 0 1
1992 12 6 16 22 361.5 1 2 1 80 1 80 1
1993 11 13 21 1 422.8 7 1 1 70 1 80 1
1990 9 4 18 43 392.5 3 1 2 80 1 0 1
1991 3 26 18 19 367.25 3 1 2 80 3 40 1
1995 2 24 12 43 275.8 6 2 1 60 3 50 0
1993 11 10 18 11 350.6 4 1 1 85 1 50 1
1994 5 18 18 26 126 4 1 2 94 2 20 1
1988 11 21 16 50 422 2 5 1 65 5 20 1
1995 2 15 17 24 422.4 4 1 2 65 20 100 2
1992 1 3 22 57 286.7 6 1 2 70 1 0 1
1995 3 9 6 15 431.1 5 1 1 70 10 70 2
1991 9 23 22 37 330.75 2 3 1 60 3 20 1
1990 11 12 16 45 331.65 2 1 1 60 1 0 1
1993 3 9 17 41 370.5 3 1 1 80 10 100 1
1990 5 20 22 20 286.15 1 2 2 80 2 10 1
1994 9 23 20 19 263.7 6 3 2 60 2 50 0
1994 5 24 21 9 414.5 3 1 1 80 1 80 1
1994 11 20 22 1 241 1 1 2 45 2 50 0
1991 3 1 18 26 428.7 6 1 1 60 4 0 1
1989 5 3 18 46 410 4 1 1 75 5 50 1
1992 10 30 17 6 286.7 6 2 1 80 1 30 1
1995 3 23 18 36 418.7 5 1 1 75 3 100 1
1993 12 28 22 16 371.4 3 1 2 80 10 50 1
1991 2 27 18 26 430.2 4 1 1 80 1 0 1
1987 10 27 22 0 339.83 3 1 2 70 1 50 1
1993 5 3 18 57 242.45 2 3 1 65 2 100 1
1994 7 31 21 25 326.05 1 1 2 65 1 50 1
1993 4 8 17 43 436.6 5 1 2 55 7 30 1
1988 11 24 22 10 417.7 5 3 2 65 1 0 1
1995 2 22 17 49 341.3 4 1 2 85 3 50 1
1994 9 5 18 35 388.6 2 1 2 80 1 70 1
1992 11 29 19 9 421.7 1 1 2 65 1 30 1
1989 3 4 22 55 287.15 7 2 2 75 5 50 1
1990 2 6 17 27 426.15 3 1 2 70 3 60 2
1987 8 27 18 55 273.2 5 2 2 65 3 250 0
1992 10 30 16 40 424.7 6 2 1 70 2 50 1
1993 9 30 20 39 285.06 5 3 2 65 2 30 1
1991 3 16 10 23 143.7 7 2 1 75 16 300 0
1989 11 8 18 32 424.3 4 1 1 70 1 100 1
1991 5 8 18 12 244.25 4 2 1 65 8 20 1
1994 1 20 16 38 426.2 5 1 1 65 20 70 1
1995 3 17 22 22 248.2 6 2 1 55 2 10 1
1991 6 12 19 23 372.9 4 2 1 70 1 50 1
1994 9 16 19 0 404.2 6 2 2 70 6 30 1
1992 12 6 21 50 431.4 1 2 2 65 1 50 1
1994 1 3 22 54 420.15 2 1 2 60 16 80 1
1993 2 26 0 6 287.05 6 1 1 75 1 150 1
1991 11 27 16 43 419.652 4 2 1 70 3 70 1
1994 3 19 18 31 144.5 7 1 1 70 6 100 1
1990 3 19 16 2 364.05 2 1 1 75 4 120 1
1995 3 13 19 13 421.3 2 1 2 70 5 50 1
1994 12 20 6 16 431.65 3 1 1 55 8 80 1
1993 5 3 20 42 125.7 2 5 1 80 3 100 1
1987 12 10 17 15 420.1 5 1 2 65 1 10 1
1991 5 22 19 20 273.2 4 1 1 80 6 50 1
1992 12 21 6 19 350.35 2 1 2 80 2 50 1
1992 1 2 18 45 260.2 5 1 2 45 3 0 1
1994 9 23 17 41 261.7 6 3 2 60 1 100 0
1993 9 16 20 21 347.7 5 1 2 85 2 10 1
1995 3 1 21 3 421.9 4 5 1 70 2 100 1
1994 12 31 17 54 346.96 7 1 2 80 5 70 2
1988 10 12 18 6 350.3 4 1 1 70 1 50 1
1987 9 22 18 5 364.5 3 2 2 80 4 100 1
1993 11 15 21 45 429.4 2 1 2 80 2 30 1
1988 4 15 7 23 434.3 6 4 2 60 6 50 1
1989 12 31 20 29 419.35 1 1 1 70 3 70 1
1994 3 9 21 48 287.2 4 1 1 70 15 100 1
1994 2 17 21 2 419.3 5 1 1 70 3 50 1
1994 5 19 19 47 226.2 5 1 2 85 2 150 1
1992 3 12 17 22 426.3 5 1 2 60 5 30 1
1989 12 1 17 39 365.8 6 1 1 70 1 0 1
1994 12 7 6 30 332.7 4 1 2 70 1 100 1
1995 3 22 17 38 433.1 4 1 2 60 2 70 1
1989 11 8 22 8 254.75 4 2 2 70 8 100 1
1988 1 31 15 40 376.44 1 1 1 65 1 0 1
1991 8 12 20 0 347.15 2 2 1 70 2 40 1
1994 10 28 22 30 280.68 6 1 1 65 1 0 1
1990 11 16 6 32 420.65 6 1 1 70 6 150 1
1993 2 11 23 24 285 5 1 2 55 7 100 0
1992 12 10 6 16 425.55 5 1 1 70 2 50 1
1993 1 25 20 14 339.5 2 1 2 75 1 50 1
1995 1 27 18 26 429 6 2 1 75 1 50 1
1993 3 1 22 56 286.7 2 2 1 60 8 100 1
1994 11 13 16 58 407.1 1 1 1 60 7 50 1
1994 9 21 18 28 328.9 4 1 2 65 2 30 2
1995 3 15 17 53 346.2 4 1 2 80 3 100 1
1993 12 12 23 12 285.5 1 1 2 60 8 0 1
1995 2 16 18 17 370.2 5 2 2 75 3 50 1
1991 12 7 16 41 338.63 7 1 1 65 5 150 1
1991 1 24 18 12 279.3 5 1 1 75 3 150 1
1993 4 10 18 17 279.5 7 1 1 80 3 0 2
1992 10 14 6 22 420.6 4 1 1 70 1 20 1
1994 11 23 17 15 276.5 4 1 2 55 1 0 1
1991 9 25 23 1 285.5 4 1 2 65 2 20 1
1993 11 16 20 38 364 3 1 1 80 2 50 1
1988 3 19 20 31 422 7 5 1 60 1 100 1
1995 2 14 17 38 329.5 3 2 2 65 2 50 1
1991 11 9 20 8 236.85 7 1 1 50 1 0 1
1994 9 15 17 15 410.4 5 2 2 80 2 50 1
1994 10 23 18 4 248.9 1 2 1 60 1 30 1
1993 3 17 18 31 420 4 1 1 70 4 50 1
1994 2 6 17 33 274.2 1 1 1 82 3 25 1
1990 3 29 18 37 418.6 5 1 1 60 2 60 1
1993 10 30 16 5 330.6 7 3 1 65 1 50 1
1993 10 15 17 39 331 6 1 2 45 5 50 1
1989 11 8 17 16 415.06 4 1 2 80 1 50 1
1990 11 26 19 39 288 2 2 1 60 6 80 1
1995 3 12 21 48 369.7 1 1 1 80 4 150 1
1993 10 2 21 51 242.2 7 1 2 40 1 20 1
1994 3 3 21 56 359.5 5 1 1 60 1 80 1
1993 2 17 17 13 287.3 4 1 2 75 1 50 1
1987 4 6 19 5 273.5 2 1 1 70 1 20 1
1989 2 6 17 40 370 2 5 1 80 2 50 1
1991 3 29 19 30 366 6 1 1 80 2 50 1
1988 11 21 16 2 364.5 2 6 1 75 1 20 1
1994 8 27 18 32 424.1 7 2 1 65 6 40 1
1993 10 21 20 26 317.85 5 1 1 60 1 50 1
1994 11 14 18 36 420.5 2 1 1 70 2 100 1
1995 2 4 18 15 369.2 7 1 2 80 1 50 1
1989 6 18 19 38 441.5 1 2 2 60 1 40 1
1990 7 1 22 44 329.76 1 1 1 60 1 50 1
1991 4 1 19 25 369.6 2 2 1 75 4 0 2
1993 5 2 22 44 339.55 1 1 1 75 3 100 1
1993 4 24 20 16 237.37 7 3 1 50 1 0 1
1990 12 17 17 45 363.45 2 1 1 80 1 100 1
1991 6 14 20 9 236.7 6 2 1 60 2 20 1
1992 5 8 21 44 423.8 6 4 2 70 1 20 1
1994 7 7 18 24 329 5 2 2 65 2 100 1
1988 9 12 18 8 261.5 2 2 1 65 1 30 1
1991 3 16 18 23 431.8 7 2 1 60 2 80 1
1995 3 8 23 12 285.4 4 1 2 70 3 115 1
1993 2 25 17 48 409.5 5 1 1 80 16 100 1
1993 11 4 16 43 421.55 5 1 1 60 3 50 1
1994 8 24 7 47 273.3 4 1 2 70 2 100 1
1989 3 6 19 37 368.8 2 1 1 80 2 100 1
1995 2 23 15 14 121.9 5 1 1 85 1 100 1
1987 10 28 5 47 433.7 4 1 1 65 1 20 0
1991 5 7 21 54 275.1 3 2 1 85 1 50 1
1993 9 29 18 24 326.25 4 1 2 65 4 100 1
1989 11 9 20 11 245.1 5 3 2 60 1 50 1
1988 4 2 18 33 424.9 7 1 1 60 1 50 1
1993 5 23 7 0 367.65 1 3 2 75 1 0 1
1994 12 7 21 18 286.5 4 1 1 65 2 50 1
1991 9 22 20 23 425.4 1 4 1 70 1 10 1
1993 4 4 4 53 255.8 1 5 2 60 4 50 1
1994 3 26 17 57 274.4 7 1 2 85 7 50 1
1994 11 8 17 35 328.7 3 1 2 70 1 50 1
1990 5 27 22 40 276.4 1 1 2 60 1 100 1
1993 5 19 21 45 285.9 4 2 2 75 4 50 1
1994 8 3 20 20 131.5 4 1 2 90 2 50 1
1993 5 1 22 6 238.88 7 1 2 60 2 0 1
1992 12 26 19 10 422.4 7 1 2 65 3 50 1
1989 12 25 16 26 345.01 2 2 1 80 2 30 1
1992 10 23 21 42 331.15 6 1 1 60 1 20 1
1992 2 27 8 0 248 5 1 1 60 6 150 0
1993 10 2 17 40 373.2 7 1 1 70 3 60 1
1991 2 15 23 0 287.1 6 2 1 70 16 0 1
1992 12 12 6 20 351.4 7 1 2 80 2 80 1
