4.21
5.409999
4.309999
4.449999
14.31
8.229999
5.51
4.13
4.469999
3.75
4.389999
4.789999
4.59
6.51
6.42
5.179999
6.78
12.06999
9.279999
4.98
4.38
3.96
5.17
4.92
4.8
5.71
4.949999
4.409999
11.59
4.809999
3.75
8.81
3.98
4.099999
5.01
10.09
4.86
3.029999
2.849999
4.84
5.11
3.799999
5.599999
4.539999
4.55
3.66
3.88
4.989999
5.01
4.67
10.75
4.17
10.89999
4.389999
5.739999
5.599999
10.06999
8.399999
4.84
5.17
4.659999
6.44
5.219999
10.93
4.639999
4.67
4.61
4.11
4.139999
5.369999
4.949999
9.619999
4.65
3.589999
3.89
4.92
14.93999
5.26
4.57
5.489999
4.809999
4.619999
5.099999
8.449999
4.44
4.26
5.01
8.109999
4.4
4.84
4.9
8.569999
6.489999
4.25
4.96
6.42
4.579999
9.25
4.61
5.019999
5.469999
6.96
5.15
4.519999
4.9
4.82
5.679999
3.589999
4.67
4.28
4.809999
4.309999
4.039999
5.349999
13.06
4.769999
4.4
6.48
4.28
5.34
4.039999
5.559999
9.369999
3.97
4.659999
5.23
5.03
4.82
5.239999
4.5
9.76
5.119999
4.34
4.65
4.4
5.23
4.05
12.97
5.579999
4.69
4.05
4.179999
3.75
5.559999
4.67
5.239999
5.07
5.699999
3.619999
6.48
4.59
4.179999
13.63
4.289999
3.98
6.11
6.21
6.059999
5.489999
5.36
4.09
3.549999
4.559999
4.699999
6.349999
4.329999
7.719999
6.969999
3.97
4.69
6.489999
4.5
5.23
5.28
5.63
5.659999
4.969999
4.239999
9.39
6.96
7.139999
16.11
4.369999
3.849999
5.909999
10.97
4.199999
10.15999
3.839999
7.51
4.269999
5.46
4.75
4.869999
7.789999
4.17
10.14999
4.039999
9.18
5.059999
7.51
4.71
3.41
5.5
5.53
4.71
4.9
5.019999
5.96
4.86
15.52
4.07
4.949999
4.409999
5.039999
4.579999
4.389999
3.44
5.769999
3.759999
4.73
4.739999
4.36
12.73999
11.23999
4.489999
4.099999
3.93
4.099999
4.659999
5.559999
6.139999
4.369999
4.03
4.44
5.13
4.44
4.829999
7.48
5.17
5.78
4.51
5.03
4.88
4.789999
5.199999
9.17
4.829999
4.329999
4.44
4.219999
9.819999
3.779999
4.25
4.96
6.17
4.679999
3.579999
4.84
4.38
9.77
4.73
4.76
5.34
5.099999
4.159999
3.549999
5.349999
4.86
4.17
5.53
4.409999
3.67
6.389999
13.69999
7.869999
5.09
5.599999
11.18
2.849999
4.21
4.01
11.40999
4.36
4.38
4.639999
7.44
4.67
5.199999
5.05
4.78
4.849999
4.48
5.63
4.429999
4.09
4.03
4.619999
4.469999
3.97
7.4
4.07
4.429999
4.869999
5.28
6.139999
5.159999
5.11
5.519999
4.409999
5.63
4.98
4.63
3.69
4.82
4.4
2.68
5.349999
4.559999
5.57
12.67
4.409999
4.4
4.519999
4.739999
8.06
5.349999
4.309999
4.61
4.969999
5.139999
4.61
4.949999
4.309999
4.76
5.219999
4.4
4.869999
5.23
4.88
4.36
4.01
7.51
4.659999
5.679999
6.329999
3.89
3.329999
5.44
5.699999
5.55
4.159999
4.53
4.809999
6.13
12.15999
4.269999
4.289999
4.929999
10.47
4.739999
4.67
11.40999
8.25
4.639999
7.219999
4.03
6.34
7.53
4.01
5.119999
5.349999
7.909999
9.579999
4.969999
