-0.7359626
0.06787254
-0.660719
-0.5582591
3.18566
1.412598
0.1265792
-0.7974563
-0.5438857
-1.106833
-0.6017701
-0.3222676
-0.4589725
0.6611359
0.6165144
-0.07137692
0.7913901
2.640008
1.797471
-0.1975839
-0.609079
-0.9321842
-0.07757004
-0.2364361
-0.3155823
0.2408608
-0.2169518
-0.5872007
2.50994
-0.3089123
-1.106833
1.630881
-0.9160368
-0.8208248
-0.1783331
2.065698
-0.2757649
-1.790174
-1.986476
-0.2889825
-0.1149860
-1.064379
0.1785101
-0.4940804
-0.4870274
-1.184697
-0.9976
-0.1911548
-0.1783331
-0.4035886
2.268786
-0.766562
2.313199
-0.6017701
0.2576564
0.1785101
2.059335
1.478131
-0.2889825
-0.07757004
-0.4104602
0.6264841
-0.04672095
2.322011
-0.4242463
-0.4035886
-0.4450365
-0.8130159
-0.7897055
0.04408571
-0.2169518
1.912805
-0.4173451
-1.246595
-0.9893496
-0.2364361
3.323752
-0.02225258
-0.4729693
0.1149231
-0.3089123
-0.4380919
-0.1212652
1.497154
-0.5654693
-0.6981197
-0.1783331
1.365518
-0.5944764
-0.2889825
-0.2494921
1.542352
0.651273
-0.7056526
-0.2104824
0.6165144
-0.4659639
1.787093
-0.4450365
-0.1719424
0.1032250
0.8753755
-0.08999354
-0.5082317
-0.2494921
-0.3022548
0.2239756
-1.246595
-0.4035886
-0.6831067
-0.3089123
-0.660719
-0.8680777
0.03212577
2.892685
-0.3356787
-0.5944764
0.646331
-0.6831067
0.02612962
-0.8680777
0.1555333
1.828407
-0.9241003
-0.4104602
-0.04058586
-0.1655631
-0.3022548
-0.03446372
-0.522445
1.959115
-0.1087202
-0.6384852
-0.4173451
-0.5944764
-0.04058586
-0.8601529
2.87052
0.1670423
-0.3898909
-0.8601529
-0.7588855
-1.106833
0.1555333
-0.4035886
-0.03446372
-0.1401748
0.2352419
-1.219921
0.646331
-0.4589725
-0.7588855
3.029611
-0.6756273
-0.9160368
0.4578817
0.5099163
0.4315437
0.1149231
0.03811192
-0.8286513
-1.282509
-0.4799913
-0.3830646
0.5813736
-0.6458799
1.207552
0.879977
-0.9241003
-0.3898909
0.651273
-0.522445
-0.04058586
-0.01008839
0.1956359
0.2126695
-0.2040273
-0.713204
1.835241
0.8753755
0.957216
3.565424
-0.616406
-1.02248
0.3512071
2.33372
-0.7435859
2.087855
-1.030816
1.119155
-0.6906052
0.09736055
-0.3491455
-0.2691771
1.236484
-0.766562
2.084698
-0.8680777
1.762744
-0.1465037
1.119155
-0.3762515
-1.411472
0.1207567
0.1381924
-0.3762515
-0.2494921
-0.1719424
0.3782109
-0.2757649
3.445834
-0.8443634
-0.2169518
-0.5872007
-0.1591978
-0.4659639
-0.6017701
-1.383397
0.274365
-1.098298
-0.3626699
-0.3559012
-0.6237484
2.813168
2.411652
-0.5295765
-0.8208248
-0.956559
-0.8208248
-0.4104602
0.1555333
0.4735805
-0.616406
-0.8760205
-0.5654693
-0.1024654
-0.5654693
-0.2956124
1.106325
-0.07757004
0.2799158
-0.5153301
-0.1655631
-0.2626016
-0.3222676
-0.05902522
1.759251
-0.2956124
-0.6458799
-0.5654693
-0.728359
1.978759
-1.081294
-0.7056526
-0.2104824
0.4892037
-0.3967331
-1.255536
-0.2889825
-0.609079
1.962398
-0.3626699
-0.3424047
0.02612962
-0.1212652
-0.7742585
-1.282509
0.03212577
-0.2757649
-0.766562
0.1381924
-0.5872007
-1.175952
0.6015009
3.046028
1.269233
-0.1275556
0.1785101
2.394499
-1.986476
-0.7359626
-0.8919671
2.459767
-0.6237484
-0.609079
-0.4242463
1.089139
-0.4035886
-0.05902522
-0.1528438
-0.3289654
-0.2823675
-0.5367224
0.1956359
-0.5726972
-0.8286513
-0.8760205
-0.4380919
-0.5438857
-0.9241003
1.071860
-0.8443634
-0.5726972
-0.2691771
-0.01008839
0.4735805
-0.0837764
-0.1149860
0.1323905
-0.5872007
0.1956359
-0.1975839
-0.4311609
-1.158532
-0.3022548
-0.5944764
-2.183605
0.03212577
-0.4799913
0.1612935
2.795511
-0.5872007
-0.5944764
-0.5082317
-0.3559012
1.345696
0.03212577
-0.660719
-0.4450365
-0.2040273
-0.09622402
-0.4450365
-0.2169518
-0.660719
-0.3424047
-0.04672095
-0.5944764
-0.2691771
-0.04058586
-0.2626016
-0.6237484
-0.8919671
1.119155
-0.4104602
0.2239756
0.5712624
-0.9893496
-1.487566
0.08559812
0.2352419
0.1497638
-0.7742585
-0.5011475
-0.3089123
0.4683564
2.663819
-0.6906052
-0.6756273
-0.2299286
2.184194
-0.3559012
-0.4035886
2.459767
1.420378
-0.4242463
0.9929295
-0.8760205
0.5763225
1.127679
-0.8919671
-0.1087202
0.03212577
1.285483
1.899450
-0.2040273
