0.197872903923902
0.052917145890549
0.161633964415563
0.399361407590262
0.380517159045927
0.10655077636289
0.052917145890549
-0.257288176300824
-0.512410310439525
-0.767532444578226
-1.11397670627794
-1.36909884041664
-1.8257094782217
-2.3359537464991
0.229038391901073
0.414581762183764
0.471114507816774
0.308764058819416
0.181202991750067
0.311663173980085
0.258029543507744
-0.105809409155972
-0.231920918644987
-0.54067668325603
-0.758110320306059
-0.994388205900423
-1.21182184295045
-1.70467142026385
-1.99458293633056
-0.972209974921319
-0.79971262286163
-0.298165700066231
-0.00390551125852463
0.307749368513184
0.549825484428881
0.617954690704557
0.444007781064535
0.0961139617844883
-0.114071887363871
-0.16625596025588
-0.498204646152257
-0.654756864828277
-0.812758641084632
-1.02149493265266
-1.24762591518469
-1.45781176433305
-1.8404949655411
-2.20578347578515
-1.10759865292447
-0.904660591677777
-0.300195080678697
0.0303040476373472
0.359353618373057
0.617374867672425
0.637668673797096
0.366601406274724
-0.0697154254056658
-0.358177383892039
-0.356727826311705
-0.591556154325736
-0.826384482339766
-0.969890682792787
-1.33228007787617
-1.60334734539854
-2.07590311658727
-2.40205357216231
0.33137715707262
0.167577150494933
0.15018245953093
0.260348835636278
0.26179839321661
-0.0469573713944299
-0.209307820391785
-0.44558570598615
-0.75434147059719
-0.973224665227553
-1.37185299981927
-1.64436982492198
-2.26333091172439
-2.64601411293244
-0.432684643521181
-0.121029763749472
0.264552552619245
0.503729553374278
0.579106547551618
0.39791185000993
0.0543667034708833
-0.380500570629175
-0.396445704012843
-0.558796153010199
-0.829863420532567
-1.02845280903826
-1.24588644608829
-1.46187052555798
-1.82425992064137
-2.2968156918301
-2.71428827496615
0.395447602123361
0.524458226773047
0.654918409003065
0.675212215127733
0.604183893691389
0.405594505185697
0.243244056188341
0.099737855735323
-0.117695781314706
-0.481534733978422
-0.662729431520112
-0.971485196131153
-1.26139671219786
-1.47883034924789
-2.11808524217497
0.191784762086503
0.484595393313874
0.686083896980232
0.74116708503291
0.651294515052231
0.361382998985523
-0.0575391417308657
-0.256128530236557
-0.347450657797571
-0.673601113372614
-0.891034750422643
-1.09107369650867
-1.32735158210303
-1.59986840720574
-1.8361462928001
-0.220904281034453
0.0922001563175877
0.405304593669631
0.645931152004996
0.683619649093666
0.503874509132312
0.140035556468596
-0.297730832792131
-0.623881288367174
-0.677514918839513
-0.857260058800871
-1.16601582341191
-1.31097158144526
-1.56464415800363
-2.0560441777367
-0.249025698092924
0.0814734302231199
0.393128309994829
0.559827431733185
0.561276989313517
0.290209721791147
0.000298205724442073
-0.398330128867278
-0.688241644933983
-0.759269966370325
-0.97525404584002
-1.3376434409234
-1.59131601748177
-2.19143285573985
0.225994320982372
0.484015570281742
0.686953631528433
0.852203195686457
0.982663377916475
1.00295718404114
0.89568992309646
0.660861595082432
0.262233260490711
-0.0639171950843328
-0.15378976506501
-0.443701281131715
-0.768402179126426
-1.02207475568479
-1.25690308369882
-1.6192924787822
-2.01937037095426
-2.52671552407099
-0.187419500928748
0.290934500581315
0.550405307461017
0.773637174832379
0.904097357062398
0.853362841750725
0.56345132568402
0.218456621564639
-0.235254901079756
-0.561405356654799
-0.667223060019145
-0.883207139488842
-1.3006797226249
-1.60943548723594
0.479521941782707
0.623028142235724
0.494017517586042
0.509962650969713
0.434585656792368
0.143224583145328
-0.077108169065367
-0.404708182220745
-0.987430329514822
-0.971485196131153
-1.04541263272816
-1.42809583393621
-1.50202327053322
-0.767677400336258
-0.460371193305552
-0.153064986274844
0.191929717844535
0.390519106350228
0.500685482455575
0.445602294402902
0.283251845405548
0.24701290589721
0.24701290589721
0.046973959811182
-0.206698616747185
-0.351654374780538
-0.931477406913948
-0.548069426915729
-0.184230474252015
0.197003169375701
0.560842122039419
0.778275759089448
0.811615583437118
0.660861595082432
0.32746335160572
0.0679925447260196
0.0274049324766807
-0.0305773707366611
-0.19872605005535
-0.385718977918375
-1.06846059825547
-0.614749075611072
-0.174083571189679
0.266581933231711
0.671008498144766
0.853652753266789
0.834808504722454
0.575337697842754
0.114378387296691
-0.200175607635684
-0.201625165216018
-0.201625165216018
-0.406012784043045
-0.627795093834075
-1.16268184097715
0.0405959064577149
0.239185294963409
0.365296804452424
0.489958756361109
0.597226017305787
0.57693221118112
0.429077337987101
0.298617155757083
0.314562289140751
0.185551664491068
-0.108708524316638
-0.292802337018996
-0.587062525826702
-1.28140060680646
-1.70322186268352
-0.368759154228473
-0.0208653349484275
0.290789544823281
0.529966545578312
0.603893982175325
0.569104600247319
0.277743526600279
-0.0324617955910955
-0.14117861411611
-0.158573305080111
-0.377456499710474
-0.632578633849175
-0.887700767987875
-0.681138812790348
-0.389777739143308
0.0465390925370819
0.37413910569246
0.608967433706491
0.624912567090158
0.495901942440476
0.145109007999763
-0.29555649642163
-0.498494557668323
-0.465154733320653
-0.668092794567345
-0.87103085581404
-1.22037423267442
-0.679689255210013
-0.205683926440951
0.266871844747779
0.611866548867156
0.793061246408847
0.793061246408847
0.556783360814483
0.139310777678428
-0.260767114493624
-0.49704500008799
-0.479650309123987
-0.62460606715734
-0.952206080312718
-1.40591760295711
0.278613261148479
0.609112389464526
0.848289390219554
0.996144263413575
0.997593820993907
0.671443365418864
0.20033715181047
-0.0721796732922342
-0.105519497639904
-0.450514201759284
-0.538937214159629
-0.901326609243011
-1.73772133309545
-1.70003283600678
-1.53333371426843
-1.74931779373812
-2.20302931638252
-0.22641259983972
0.359208662615023
0.743341421403408
1.01875736166678
1.05789541633578
0.931783906846768
0.49691663274671
-0.0843559569670343
-0.355423224489404
-0.35397366690907
-0.606196685887105
-0.696069255867782
-1.11354183900384
-1.78468699869826
-0.377891366984574
-0.138714366229541
0.319345829155852
0.687533454560569
0.816544079210251
0.744066200193574
0.50778831459921
0.0700219253384859
-0.460516149063584
-0.751877222710624
-0.640261289024943
-0.822905544146966
-1.04178873877733
-1.53463831609073
-1.69698876508808
-0.673601113372614
-0.177852420898548
0.190335204506168
0.594761769419221
0.799149388246248
0.874526382423592
0.72957062439024
0.475898047831873
0.0569759071154837
-0.398185173109244
-0.670701998211946
-0.667802883051279
-0.866392271556973
-1.28531441227336
-1.75931974104242
0.415161585215899
0.731165137728606
1.00948019315265
1.25300586664867
1.32838286082602
1.23851029084534
0.815239477387952
0.15279166317553
-0.158863216596179
-0.248735786576856
-0.653162351489911
-0.983661479805955
-1.14746148638364
-1.44027211761101
-1.95486505862942
0.315287067930918
0.703768499460304
0.925550809251333
1.07485524002569
1.04006585809768
0.674777347853635
0.108000333943224
0.128294140067894
-0.254389061140157
-1.00381033017259
-1.25893246431129
-0.926983778414913
-1.30966697962296
-1.38069530105931
-1.78222275081169
2.01808235754871
2.1862310368674
2.17028590348373
2.11665227301139
1.73396907180334
1.29475312496228
0.856986735701555
0.290209721791147
0.365586715968492
0.129308830374126
-0.308457558886598
-0.398330128867278
-0.634608014461642
-0.815802712003332
-1.38257972591374
-1.3072027317364
1.50725826623918
1.67395738797753
1.6594618121742
1.60727773928219
1.20864940469047
0.88394850669576
0.523008669192711
0.0519024555843169
0.128729007341994
-0.214816139197052
-0.64968341329711
-0.84682324422247
-1.11644095416451
-1.0946975904595
-1.69481442871758
-1.92819319915128
0.891921073387595
1.02238125561761
1.06006975270628
1.04412461932261
0.791901600344582
0.593312211838889
0.212078568211172
-0.332955081994234
-0.238733839272557
-0.547489603883597
-1.01859581749199
-1.19979051503368
-1.52594097060873
-1.5592807949564
-1.8665870019871
-2.02893745098446
0.557073272330551
0.761460891157577
0.783204254862581
0.787552927603582
0.483145835733542
0.196133434827501
-0.235834724111888
-0.831602889628967
-0.62721527080194
-0.840300235110969
-1.38098521257537
-1.46795866739539
-1.68249318928475
-1.76801708652443
-2.00139585695812
-2.05068081468946
0.142209892839094
0.358193972308791
0.593022300322821
0.700289561267503
0.552434688073482
0.477057693896141
0.658252391437832
0.582875397260487
0.23498157798044
0.0856771472060886
-0.334694551090635
-0.665193679406679
-1.12325387479207
-1.67263619773848
-0.617938102287807
-0.181621270607415
0.272090252036978
0.543157519559348
0.741746908065042
0.775086732412712
0.701159295815703
0.424293797972
0.422844240391666
0.347467246214323
0.0532070574066171
-0.222208882856754
-0.425146944103446
-0.809279702891831
-1.12238414024387
-1.74424434220696
-0.771591205803159
-0.0627575490200646
0.44458760409667
0.753343368707708
0.896849569160728
0.895400011580396
0.69536106549437
0.293833615741982
0.111189360619957
0.0735008635312865
-0.20046551915175
-0.510670841343125
-0.620837217448473
-1.36590981373991
-0.466604290900985
0.168301929285099
0.620563894349157
0.891631161871527
0.961209925727539
0.866988683005859
0.590123185162156
0.149457680740763
-0.0911688775946035
-0.149151180807943
-0.35353879963497
-0.739121116003689
-0.997142365303057
0.372254680838025
0.370805123257693
0.570844069343719
0.769433457849413
0.841911336866089
0.765084785108412
0.507063535809044
0.321520165526353
0.24614317134901
-0.0684108235833655
-0.419203758024079
-0.623591376851106
-1.17587281495818
-1.71075956210125
-2.0977914360503
-0.554737391785264
0.141050246774828
0.578816636035554
0.833938770174254
0.86872815210226
0.755662660836244
0.478797162992541
0.109159980007491
-0.277871893941561
-0.427176324715914
-0.483709070348922
-0.815657756245298
-1.18529493923035
-1.77526487442609
-2.3463905610775
-0.103635072785472
0.210918922146904
0.59940035367629
0.934248154733335
1.21256321015737
1.34447294996772
1.21836144047871
0.909605675867662
0.399361407590262
-0.221049236792485
-0.49356606189519
-0.692155450400881
-1.22124396722262
0.285716093292115
0.656802833857495
1.01049488345888
1.1974878113219
1.05688072602955
0.861190452684522
0.830749743497521
0.561132033555483
-0.110013126138939
-0.470952963641986
-0.739121116003689
-0.881177758876374
-1.0942627231854
-1.43635831214411
0.0740806865634186
0.406029372459797
0.73942761593651
1.09022055037722
1.14820285359056
0.82205239801552
0.330652378282454
0.207439983954103
-0.0273883440599266
-0.628954739898341
-0.8260945708237
-1.11600608689041
-1.13050166269374
-1.18268573558575
0.13119325522856
0.426903001616601
0.702318941879971
0.961789748759671
0.96468886392034
0.493582650311944
-0.122479321329807
-0.155819145677478
-0.299325346130497
-0.824065190211234
-0.948727142119917
-1.25458379157029
-1.32561211300663
-1.34010768880997
0.562001768103683
0.76638938693071
1.04470444235475
1.45203012242847
1.62162835932749
1.36795578276912
1.11283364863042
0.878005320616393
0.55185486504135
-0.0700053369217339
-1.16732042523421
-0.796233684668829
-0.941189442702182
-1.19341246168022
-1.66741779044928
-2.10518417971
0.384430964512827
0.829445141675219
1.05557612420725
1.13385223354526
1.21212834288327
1.09036550613526
0.507643358841176
-0.349045171135937
-0.692590317674981
-0.667947838809313
-1.06657617340103
-1.88702576386981
-1.53333371426843
-1.67394079956078
-1.76091425438079
-1.92036558821748
-2.02473373400149
1.37462374763866
1.52102906325235
1.53987331179668
1.48479012374401
0.933958243217267
0.732469739550908
0.586064423937219
0.219326356112839
-0.312661275869565
-0.441671900519249
-0.588077216132936
-0.753326780290958
-1.15775334520401
-1.41432503692305
-1.48825247352005
-1.85499054134444
1.03194833564782
1.21749170593051
1.08993063886115
0.981213820336139
0.431831497389733
0.359353618373057
0.250636799848043
-0.0247791404153261
-0.463995087256385
-0.719117221395086
-0.772750851867427
-0.938000416025449
-1.41345530237485
-1.72366062456622
-1.85122169163557
-2.07010488626593
0.359353618373057
0.507208491567078
0.544896988655749
0.50865804914741
0.289774854517047
0.236141224044708
0.218746533080705
-0.145092419583011
-0.620547305932405
-0.911908379579445
-1.00178094956012
-1.23805883515449
-1.63958628490687
-1.8222305400289
-1.98603054660659
-2.16722524414828
0.357034326244525
0.539678581366548
0.575917520874886
0.594761769419221
0.339639635280522
0.175839628702834
0.101912192105823
-0.389487827627242
-0.901181653484977
-1.11861529053501
-1.15630378762368
-1.46505955223472
-1.83034806247877
-1.93906488100378
-2.15794807563414
-2.34059233075617
0.509962650969713
0.711451154636071
0.528806899514048
0.327318395847686
-0.459791370273418
-0.22206392709872
-0.258302866607058
-0.404708182220745
-0.678674564903781
-0.623591376851106
-1.06280732369216
-1.39185689442788
-1.66727283469124
-2.43553835226801
-2.43553835226801
-2.54425517079303
-1.46201548131602
-1.296765917158
-1.27792166861366
-1.29386680199733
-1.44027211761101
-1.20109511685598
-1.19964555927565
-1.47361194195869
-1.8374508946224
-2.03748984070843
-2.22013409583045
-2.6028172970385
-2.69268986701918
-2.94781200115788
-3.00144563163022
-3.11016245015524
0.887717356404629
0.668834161774263
0.539823537124582
0.702173986121937
0.902212932207963
0.938451871716301
1.48348552192171
1.39071383678036
1.39071383678036
1.189225333114
0.877570453342291
0.565915573570586
0.0556713052931835
-0.0724695848083003
0.10872511273339
0.324709192203085
0.542142829253114
0.959615412389169
1.32200480747255
1.44811631696157
1.46551100792557
1.40897826229257
1.15385612815386
0.771172926945813
0.405884416701763
0.0782844035463874
0.242374321640141
0.406174328217831
0.625057522848192
0.880179656986891
1.17154073063393
1.4643513618613
1.60930711989466
1.51798499233364
1.37302923430029
1.02658497260058
0.533735395287181
0.168446885043133
-0.122914188603907
-0.296571186727862
0.281802287825214
0.642742125328263
0.894965144306294
1.184876660373
1.45449437031504
1.54436694029572
1.34432799420969
1.21676692714034
0.79784478642395
0.254260693798877
-0.345856144459203
-0.835806606611936
-0.0750787884529007
0.726526553471541
1.03528231808258
1.28895489464095
1.27011064609661
1.15849471241093
0.648250444133528
0.0626291816787847
-0.521542523195626
-1.08831953710603
0.117567413973426
0.520544421306144
0.77711611302518
1.12356037472489
1.30620462984692
1.26851613275824
1.01049488345888
0.71623469465117
0.12771431703576
-0.643450315701675
-1.14064856575608
0.394287956059095
0.740732217758808
1.05093753995018
1.30605967408888
1.3973818016499
1.36114286214156
1.03354284898618
0.302965828498083
-0.534878452934695
-0.471677742432154
-0.158573305080111
0.190770071780268
0.54011344864065
0.853217885992691
1.07500019578372
1.18806568704974
1.18951524463007
0.972081607580039
0.51692052735531
-0.322373311657801
-1.3080724662846
-0.698823415270417
-0.279901274554027
0.1752598056707
0.521704067370413
0.776826201509112
0.923231517122801
0.888442135194795
0.743486377161442
0.381096982078061
-0.126248171038673
-0.852476518785771
-0.689981114030383
-0.271058973313994
0.147863167402395
0.49430742910211
0.678401241804465
0.771172926945813
0.646510975037128
0.413132204603432
0.107275555153056
-0.398620040383344
-0.975543957356088
0.160184406835231
0.32833308615392
0.513876456436611
0.644336638666629
0.793641069440983
1.27199507095104
1.62278800539176
1.75469774520211
1.6459809266771
1.50102516864374
1.22850834354104
0.826980893788652
0.334131316475255
-0.342812073540502
0.0252305961061804
0.231067772513541
0.602154513078924
0.845680186574954
1.03267311443798
1.202271351337
1.29794215163901
1.10080232071366
0.755807616594278
0.24701290589721
-0.0602933011334982
-0.386443756708542
-0.748833151791923
-1.35039954763034
-0.179881801511014
-0.000136661549658001
0.197003169375701
0.285426181776049
0.355004945632056
0.69710053459077
0.968167802113136
1.01890231742481
0.871047444230792
0.757981952964777
0.644916461698761
0.404289903363397
0.127424405519694
-0.313241098901699
-0.826384482339766
-1.39461105383051
-1.76279867923523
-0.274827823022861
-0.0965322406418363
0.0803137841588537
0.241214675575875
0.345582821359889
0.651439470810265
0.810890804646952
0.806542131905951
0.748559828692609
0.487639464232573
0.319490784913886
0.115103166086858
-0.199450828845518
-0.567638454250232
-1.11991989235731
-1.72583496093672
-0.442541635067449
-0.281640743650428
-0.0497115307970644
0.0749504211116187
0.163373433511964
0.377907955401326
0.519964598274012
0.443138046516335
0.276438924777979
0.00102298451461024
-0.201915076732084
-0.351219507506438
-0.626635447769806
-0.974529267049853
-1.50506734145192
-2.19940542243168
-0.704621645591752
-0.523426948050061
-0.288598620036029
-0.163936668127346
-0.16538622570768
-0.0218800252546597
0.104231484234358
-0.0450729465399956
-0.229166759242355
-0.485738450961388
-0.579959693683068
-0.708970318332752
-0.984386258596121
-1.3337296354565
-1.8091845218059
-2.41365003280498
-0.990184488917456
-0.829283597500435
-0.521977390469727
-0.14074374684201
0.312967775802385
0.511557164308079
-0.0407242737989948
-0.427756147748047
-0.485738450961388
-0.617648190771739
-0.693025184949081
-0.935101300864781
-1.24820573821682
-1.70916504876288
0.164967946850332
0.346162644392023
0.728845845600074
0.837562664125088
0.523008669192711
-0.654032086038111
-0.820731207776465
-0.859869262445472
-0.899007317114477
-1.04831174788883
-1.03091705692483
-1.25414892429619
-1.71510823484225
-2.34131710954634
1.28591082372225
1.76426482523231
1.98894625018401
1.73962234636664
1.47145419400494
0.729280712874172
0.862640010264858
1.21343294470557
0.817703725274519
-0.234675078047622
0.403999991847331
0.759141599029045
0.821472574983383
1.21575223683411
1.58973809256015
1.63322481997016
1.64192216545216
1.4099929525988
0.959180545115071
0.122785821262627
-0.420798271362445
-0.0985616212543027
0.752328678401478
1.01469860044185
1.22343489200987
1.52349331113891
1.6959906631986
1.73802783302827
1.59887030531626
1.23793046781321
0.620418938591127
0.0217516579133798
0.0421904197960812
0.450965657450137
0.642307258054161
0.849593992041856
1.16849665971523
1.50624357593294
1.77006305555364
1.99619403808567
1.98604713502334
1.79325597683898
1.36128781789959
0.60027008822449
0.114668298812757
0.516340704323178
0.868583196344226
1.23822037932927
1.46290180428097
1.54117791361898
1.40057082832663
0.968602669387238
0.371384946289825
0.413422116119498
-0.0910239218365694
-0.743324832986656
-0.487332964299755
0.0316086494596474
0.62447769981606
1.08978568310312
1.31736622321549
1.54349720574752
1.49711136317684
1.06514320423745
0.305575032142684
0.0374068797809804
-0.0640621508423648
-0.514874558326091
-1.22776697633412
-0.890020060116409
-0.589961640987368
-0.272508530894326
0.0275498882347127
0.163808300786064
0.591427786984454
0.927725145621832
1.24662781329521
1.47275879582724
1.53508977178158
1.37708799552523
0.943670279005502
0.1783038765894
-1.26226644674606
-0.689691202514315
-0.3171549043686
0.0742256423214526
0.372834503870159
0.562726546893849
0.770013280881545
1.12370533048292
1.36723100397896
1.52088410749431
1.50928764685164
1.16864161547326
0.314852200656817
0.12901891885806
0.343553440747422
0.684199472125802
0.988606563995842
1.29301365586588
1.46985968066657
1.61191632353926
1.64235703272626
1.36259241972189
0.920477357720166
0.349351671068755
-0.562999869993166
-0.254244105382125
0.0893010411569212
0.470534684784638
0.796685140359681
1.06775240788205
1.19241435979074
1.33592056024375
1.35041613604709
1.21995595381707
0.977879837901372
0.518370084935646
-0.0889945412241031
-1.27009405767986
-1.14688166335151
-0.803336516812464
-0.533718806870429
-0.136540029859041
0.243244056188341
0.605633451271725
0.802773282197082
0.888297179436761
0.920187446204098
0.9332334644271
0.927435234105767
0.738992748662407
0.438934329533369
0.0301590918793132
-0.654032086038111
-0.8247899690014
-0.681283768548382
-0.300050124920663
-0.0115881664342919
0.297167598176748
0.604473805207457
0.856696824185492
0.943670279005502
0.958165854808837
0.898733994015163
0.820457884677153
0.761026023883479
0.536344598931781
0.275424234471747
-0.059423566585298
-0.595759871308703
-0.74477439056699
-0.275117734538927
0.0307389149114473
0.298907067273149
0.585919468179185
0.799004432488218
0.994694705833243
1.19038497917827
1.40491950106763
1.36143277365763
1.33679029479195
1.29330356738195
1.01063983921691
0.600415043982524
0.0814734302231199
-0.623011553818974
-1.51014079298309
-0.476751193963321
-0.188289235476948
0.100172723009423
0.332101935862786
0.584324954840819
0.780015228185848
0.885832931550194
0.861190452684522
0.745225846257843
0.685793985464168
0.607517876126155
0.4364700816468
0.24657803862311
0.0392913046354147
-0.240473308368955
-0.613009606514672
-1.27835653588776
-1.78729620234286
-1.60030327447984
-1.30314397051146
-1.07846254555977
-0.729119168699388
-0.323243046206001
-0.0811669302903017
0.142064937081062
0.220341046419071
0.227588834320741
0.288470252694747
0.276873792052079
0.246433082865076
0.10872511273339
-0.247866052028656
-0.713174035315719
-1.35822715856414
-2.15765816411808
-2.07938205478007
-1.87354487837271
-1.3589519373543
-0.755935983935558
-0.351509419022504
-0.252939503559825
0.168881752317233
0.647235753827294
0.237010958592908
0.0616144913725505
0.0137790912215444
-0.106534187946138
-0.444281104163849
-0.854505899398237
-1.44592539217432
-1.56435424648757
-1.46723388860522
-1.40490291265088
-1.36141618524087
-1.06135776611183
-0.0466674598783639
1.52030428446218
1.94792377066057
0.946279482650103
0.40269539002503
0.262088304732679
-0.0988515327703707
-0.184375430010049
-0.306138266758064
-0.722161292313787
-1.25965724310146
-1.14224307909444
-0.930607672365748
-0.589961640987368
0.411682647023098
1.74672517851027
2.08592165230832
1.00890037012051
0.503004774584112
0.291369367855416
-0.0695704696476338
-0.0971120636739704
-0.198581094297318
-0.411666058606346
-0.991489090739756
-1.3015494571731
-1.00149103804406
-0.995692807722723
-0.605761818613005
-0.233225520467288
1.36418693306026
2.34118874220505
1.01194444103921
0.342248838925122
0.182797505088433
-0.102765338237271
-0.133206047424275
0.129163874616094
-0.247721096270624
-0.460806060579652
-1.27125370374413
-1.0799121031401
-0.597209428889037
-0.205828882198985
0.71608973889314
1.76701898463495
1.77426677253661
0.518949907967778
0.233387064642074
-0.379775791839008
-0.518933319551026
-0.511685531649359
-0.576915622764368
-0.752312089984724
-0.872625369152406
-0.0987065770123367
0.285426181776049
0.578236813003418
0.797120007633783
0.998608511300141
1.05224214177248
1.12472002078916
1.03194833564782
0.884093462453794
0.863799656329123
0.660861595082432
0.0911854660113555
-0.221918971340686
-0.791595100411762
0.193379275424869
0.447051851983236
0.71956867708594
0.955846562680304
1.04571913266098
1.11674745409732
1.189225333114
1.00658107799198
0.676081949675933
0.510832385517913
0.419510257956899
-0.0559446283924974
-0.421233138636545
-0.714043769863919
0.0819082974972199
0.51677557159728
0.861770275716658
1.07775435518635
1.22126055563937
1.21981099805904
1.12703931291769
0.887862312162663
0.429802116777267
0.171780867477899
0.115248121844892
-0.361656322084839
-0.764633329417558
0.228603524626973
0.611286725835024
0.938886738990399
1.19255931554877
1.26358763698511
1.20560533377177
1.03890621203341
0.74464602322571
0.303980518804318
-0.0642071066003988
-0.0845009127250683
-0.67302129034048
-1.2963310498839
0.904242312820432
0.956426385712436
1.08253789520145
1.27967772612681
1.33331135659915
1.31301755047448
1.05499630117512
0.560697166281385
0.321520165526353
0.00986528575464371
-0.522122346227761
-1.18022148769918
0.255565295621177
0.620853805865225
0.912214879512263
1.14994232268696
1.27750338975631
1.27750338975631
1.16733701365097
0.839737000495587
0.346887423182189
0.000443161482476118
-0.144512596550876
-0.618517925319939
-1.3302506972637
0.350076449858923
0.747255226870311
1.03426762777635
1.21401276773771
1.19371896161303
1.08210302792735
0.863219833296991
0.51677557159728
0.00653130331987716
-0.357307649343839
-0.577640401554534
-0.977718293726588
-1.37924574347897
0.596646194273655
0.945989571134035
1.18516657188907
1.33157188750275
1.24169931752207
0.986577183383374
0.805382485841683
0.49517716365031
0.00232758633691046
-0.399199863415478
-0.599238809501504
-1.07324413827057
0.958455766324905
1.39767171316596
1.72817084148201
1.85863102371202
1.71657438083934
1.41071773138897
0.959905323905237
-0.0547849823282313
0.653323895664695
1.18676108522743
1.61148145626516
1.79702482654785
1.74629031123618
1.27808321278844
0.698260180655034
-0.0816017975644018
0.501410261245741
0.886992577614463
1.23488639689451
1.41898020959686
1.40303507621319
1.09572886918249
0.368050963855059
-0.377021632436374
0.207295028196071
0.501555217003775
0.778420714847478
1.05528621269119
1.16690214637686
0.985707448835173
0.640712744715795
-0.071020027227966
-0.636347483558042
1.25633984908344
1.40564427985779
1.70280358382617
1.92603545119753
1.98401775441087
1.96952217860754
1.88109916620719
1.53610446208781
1.15342126087976
0.569249556005353
-0.0874000278857348
-0.17582304028608
-0.228007113178087
-0.665773502438813
-1.17601777071621
-1.09919121895854
1.24430852116667
1.37766781855736
1.52842180691205
1.55161472819738
1.29794215163901
1.02687488411664
0.88481824124396
0.687678410318603
0.416611142796231
-0.147266755953511
-0.840155279352935
-0.818411915647933
-0.795218994362597
-1.24893051700699
-1.70409159723172
-1.69974292449072
0.83379381441622
0.975850457288908
1.77310712647235
2.11520271543106
2.2210204187954
1.52668233781565
0.359788485647157
0.448211498047502
0.262668127764811
-0.0127478124985581
-0.37948588032294
-0.509946062552958
-0.585323056730301
-0.988300064063022
-1.26516556190672
-1.57682044167843
1.08253789520145
1.22604409565447
1.57103879977385
1.67830606071853
1.29562285951048
-0.0858055145473685
0.0403059949416489
0.093939625413988
-0.0901541872883693
-0.436598448988082
-0.909154220176812
-1.12803741480717
-1.14833122093184
-1.51217017359556
-1.85861443529527
-2.13258081797831
0.537649200754079
0.701449207331771
0.663760710243097
0.49706158850474
-0.381370305177375
-0.510380929827059
-0.365425171793706
-0.348030480829703
-0.53212429353206
-1.00902873746179
-1.5584110604082
-1.67002699409388
-1.70771549118255
-2.01937037095426
-2.3498694992703
-2.44264118441165
0.0218966136714117
0.148008123160429
-0.0172414409975929
-0.236124635627956
-0.894223777099376
-0.804351207118696
-0.695634388593682
-0.733322885682354
-0.879728201296041
-1.50158840325912
-2.08576010813353
-2.10460435667787
-2.1060539142582
-2.38146985452157
-2.5641141096436
-2.5467194186796
0.878730099406559
1.06137435452858
1.30055135528361
1.33679029479195
0.841041602317889
-0.369338977260607
-0.0939230369972359
-0.0576840974888977
-0.240328352610923
-0.479505353365953
-0.717232796540652
-0.846243421190336
-1.21298148901472
-1.67249124198045
-0.191623217911716
-0.0278232113340267
-0.301789594017063
-0.630839164752775
-1.38170999136554
-0.97873298403282
-0.85117191696347
-0.813483419874798
-0.959888735488485
-1.49042680989055
-2.02096488429263
-2.11228701185364
-2.25869232746732
-2.64282508625571
-2.69790827430838
-2.99071890553576
