-0.68502779745175
-0.674474048930192
-0.661281863278245
-0.640833975517726
-0.614449604213831
-0.572234610127599
-0.520125476802407
-0.444270409303709
-0.363138467544232
-0.220003253220602
0.0946303745783445
0.634190767742995
1.46793690094607
2.57212284001408
-0.689645062429932
-0.681070141756166
-0.667877956104218
-0.648749286908895
-0.622364915605
-0.587405623627339
-0.538594536715133
-0.475272045585786
-0.388203620282932
-0.223301299633589
0.0985880302739287
0.698832477437538
1.61700859881308
2.72449258429407
-0.686347016016945
-0.673154830364997
-0.655345379734868
-0.635557101256947
-0.605874683540065
-0.561021252323444
-0.498358370476694
-0.414587991586827
-0.326859957001377
-0.148105841417489
0.170485442077042
0.719280365198056
1.49366166296737
2.61499744338291
-0.679091313908374
-0.669197174669413
-0.649408896191492
-0.630939836278765
-0.601917027844481
-0.562340470888639
-0.505614072585265
-0.429099395803969
-0.349946281892285
-0.162617245634631
0.1559740378599
0.726536067306628
1.54840923342295
2.62950884760005
-0.679091313908374
-0.669197174669413
-0.649408896191492
-0.630939836278765
-0.601917027844481
-0.562340470888639
-0.505614072585265
-0.429099395803969
-0.349946281892285
-0.162617245634631
0.1559740378599
0.726536067306628
1.54840923342295
2.62950884760005
-0.684368188169153
-0.675133658212789
-0.663920300408634
-0.646770459061102
-0.620386087757207
-0.58212874936656
-0.530019616041367
-0.466037515629422
-0.387544011000335
-0.239791531698523
0.0702248311222417
0.668490450438059
1.58336852540061
2.88477763996523
-0.673814439647595
-0.663260691126037
-0.646110849778505
-0.621705306322402
-0.588724842192534
-0.545190629541107
-0.488464231237733
-0.422503302977996
-0.30839089708865
-0.146127013569697
0.152016382164316
0.653979046220917
1.44089292035958
2.42700879784265
-0.679091313908374
-0.667218346821621
-0.650068505474089
-0.628301399148376
-0.602576637127079
-0.561680861606041
-0.500337198324486
-0.405353461630464
-0.310369724936442
-0.161957636352034
0.109141778795487
0.57284710446144
1.29248083177517
2.23506249660682
-0.682389360321361
-0.671176002517205
-0.656004989017466
-0.635557101256947
-0.610491948518247
-0.576192265823184
-0.528040788193575
-0.464718297064228
-0.37369221606579
-0.206151458286057
0.149377945033926
0.758197312871301
1.65856398361671
2.80826296318394
-0.68502779745175
-0.676452876777984
-0.65996264471305
-0.640174366235129
-0.607853511387857
-0.563000080171236
-0.502316026172278
-0.419205256565009
-0.299156367132287
-0.0940178802445041
0.292513159357556
0.899353699347139
1.82214708570086
2.96459036315951
-0.687666234582139
-0.680410532473568
-0.665899128256426
-0.646110849778505
-0.617088041344221
-0.571575000845002
-0.509571728280849
-0.420524475130204
-0.335434877675143
-0.173170994156189
0.14607989862094
0.694215212459356
1.58864539966139
2.72251375644628
-0.687006625299542
-0.675133658212789
-0.659303035430453
-0.637535929104739
-0.607853511387857
-0.56695773586682
-0.515508211824225
-0.444270409303709
-0.324881129153585
-0.114465768005023
0.247000118858338
0.828115896826623
1.64669101652996
2.73702516066342
-0.687006625299542
-0.676452876777984
-0.662601081843439
-0.641493584800323
-0.613789994931234
-0.576192265823184
-0.521444695367602
-0.438333925760333
-0.344669407631506
-0.181745914829955
0.125632010860421
0.686959510350785
1.49959814651075
2.54903651512317
-0.687006625299542
-0.675793267495387
-0.661941472560842
-0.642812803365518
-0.619066869192013
-0.588724842192534
-0.549148285236691
-0.495719933346304
-0.400736196652282
-0.175149822003981
0.238425198184572
0.900013308629737
1.81093372789671
2.94678091252938
-0.685687406734347
-0.677112486060581
-0.661281863278245
-0.642153194082921
-0.616428432061623
-0.583447967931755
-0.54189258312812
-0.488464231237733
-0.40139580593488
-0.196916928329694
0.215998482576261
0.888140341542984
1.77333599878866
3.03187050998444
-0.688985453147334
-0.681070141756166
-0.669197174669413
-0.650728114756687
-0.625662962017987
-0.597959372148897
-0.55706359662786
-0.512210165411238
-0.437014707195138
-0.21802442537281
0.228531058945611
0.968612674019863
2.03454127469722
3.42499764241248
-0.690304671712529
-0.680410532473568
-0.665899128256426
-0.644132021930713
-0.606534292822663
-0.549807894519289
-0.471314389890201
-0.358521202566051
-0.221322471785797
-0.00892828278944307
0.313620656400672
0.834711989652597
1.59128383679178
2.70470430581615
-0.688325843864737
-0.682389360321361
-0.66985678395201
-0.650728114756687
-0.617747650626818
-0.570255782279807
-0.504954463302667
-0.406013070913061
-0.28332574434995
-0.123700297961386
0.131568494403797
0.653979046220917
1.44880823175075
2.6677661859907
-0.681729751038763
-0.671176002517205
-0.653366551887076
-0.631599445561363
-0.601917027844481
-0.564319298736431
-0.519465867519809
-0.448228064999293
-0.332796440544753
-0.068952727505804
0.383539240355994
1.1110882790609
2.0629044738489
3.32143898504469
-0.686347016016945
-0.676452876777984
-0.661281863278245
-0.640833975517726
-0.612470776366039
-0.570255782279807
-0.519465867519809
-0.448887674281891
-0.357861593283453
-0.16789411989541
0.213360045445872
0.861096360956492
1.75750537600632
2.9929535623112
-0.691623890277724
-0.681729751038763
-0.666558737539024
-0.644132021930713
-0.610491948518247
-0.563000080171236
-0.49176227765072
-0.398097759521893
-0.276070042241379
-0.119742642265802
0.124972401577824
0.636169595590787
1.40329519125153
2.4164550493211
-0.689645062429932
-0.681070141756166
-0.668537565386816
-0.650068505474089
-0.625003352735389
-0.585426795779547
-0.518806258237212
-0.418545647282411
-0.296517930001898
-0.133594437200346
0.117057090186655
0.599891085047932
1.31820559379647
2.38545341303902
