-0.02178293
0.1375826
0.7028238
-0.8522166
-1.501189
-1.528067
-0.6206308
-0.3550719
0.2615594
0.4612033
-1.030923
-1.453749
-0.5482487
-1.275043
-0.506742
-0.7962067
0.246764
-0.9295688
-0.5873867
0.8840301
2.195934
0.806678
-0.1351309
0.8840301
0.879477
-0.8522166
-0.7778987
-1.448551
0.5982412
-1.138006
-0.4754212
-0.4293898
0.3297943
0.4612033
0.2403875
2.292786
0.4612033
-1.611067
0.4987266
1.229505
-0.506742
0.3779205
-1.397335
0.701155
-1.582995
-0.3844502
1.955223
0.153252
-1.820162
0.5751869
0.5840871
0.7260333
-0.04639191
0.8840301
-1.397335
-0.4293898
0.2081794
-0.3550719
1.06463
1.368304
-0.6716168
0.8840301
0.958348
1.494335
-0.506742
-1.205286
-0.5808073
0.2081794
0.3073213
-1.116099
-0.8522166
-1.051861
-0.0839152
-0.2146473
-0.4293898
0.2081794
-1.528067
0.153252
0.958348
0.806678
-0.3550719
0.9958714
-1.397335
0.9728682
2.271768
1.345866
1.626897
0.806678
0.4612033
1.229505
1.098773
1.772727
-0.3318928
-0.3061509
0.6606577
-0.9494105
1.096064
-0.9295688
0.3379007
-1.528067
0.5680364
-1.352396
-0.2146473
-0.8522166
0.4612033
-0.506742
0.7812432
-1.196176
-1.522661
-0.4293898
-0.2835591
-0.4599528
-1.528067
-3.901883
0.9685238
0.8840301
-1.051861
0.806678
0.806678
-1.397335
-0.2146473
1.574979
1.098773
0.2615594
-0.8522166
0.3479852
1.774623
1.27691
0.1820129
0.3897634
1.022830
1.972371
-0.3844502
-0.5709808
3.290054
-0.2474124
0.6087878
-0.0839152
-1.275043
0.03837655
-1.051861
1.059110
-0.6716168
-0.04144448
-0.3550719
-0.2146473
1.169182
-0.5709808
-0.2336914
0.03837655
-1.474687
-0.0839152
0.806678
-0.7597659
-1.397335
-0.7597659
0.8840301
0.6843862
-0.6716168
-1.284542
0.5590603
-1.611067
-1.160168
1.022830
-0.2835591
1.022830
-0.0839152
-1.495859
-1.582995
1.821412
-0.9099327
-0.1771240
-1.275043
-0.9099327
-0.3550719
1.005848
-0.2474124
-1.397335
0.3640095
1.591748
0.2928802
-1.448551
0.5734018
1.997806
-0.8522166
-1.228254
0.2824974
-0.0839152
-0.6716168
0.9757589
-1.051861
1.723732
-0.01446213
-0.9494105
0.6035218
0.2615594
-0.5742507
2.025396
0.0851657
-0.4293898
0.4132295
1.826028
2.195934
0.03837655
-1.116099
0.8840301
0.520889
-0.03404747
0.4612033
-1.474687
-1.820162
-0.4293898
0.2615594
-1.611067
-0.4293898
-0.5873867
0.5135303
-1.611067
0.5680364
0.153252
1.229505
0.3134768
0.4612033
-0.506742
0.4612033
0.2081794
-1.611067
0.6843862
-0.0839152
-1.275043
-0.4293898
0.03837655
0.03837655
-1.001993
1.560184
0.4612033
0.6843862
-0.0839152
0.4612033
-1.528067
-0.506742
-0.6716168
1.997806
0.8379988
-0.05632569
0.3379007
-0.7063859
0.2081794
-0.0839152
0.806678
0.6606577
-0.2146473
1.427253
-1.917356
-0.5873867
-0.8146933
0.9066332
-1.146839
-1.397335
0.5751869
-0.9138437
-0.5873867
0.2970175
-0.9694621
-0.6006144
0.4612033
-0.8522166
0.7732243
2.195934
-0.6716168
0.3759394
-0.8522166
0.03837655
0.1308273
1.494335
-0.03650993
1.76322
-1.298879
0.5751869
0.3114272
-1.173591
2.19745
1.098773
0.806678
0.7144641
0.8317759
0.03837655
-1.611067
-0.6716168
-0.0839152
0.052535
0.760323
-2.841487
1.187352
-1.275043
1.229505
-0.09658993
-0.0839152
-1.014337
1.997806
1.083826
-1.528067
0.4612033
-1.160168
-0.8522166
0.6418032
-0.3963303
1.714953
-0.6307188
2.195934
0.3640095
0.6843862
-1.397335
0.9096266
0.6418032
0.9872779
0.6793265
0.153252
1.521599
0.4132295
0.9815271
-0.07635086
-0.009597266
-0.75616
-0.6716168
0.4344878
1.326762
-0.0839152
-1.566349
1.233291
-0.506742
0.5536541
-1.21444
0.4612033
0.8840301
-0.8035797
-0.8712607
0.5409794
1.774623
-0.8522166
0.3540102
-1.611067
-0.741805
0.2403875
-1.051861
0.4612033
0.4612033
-1.611067
0.69614
0.2615594
0.3936947
0.153252
0.6843862
0.2297122
-1.160168
0.2189764
-0.4203163
0.03837655
-2.579013
-1.051861
-1.051861
0.1665805
-0.4293898
-0.6006144
-0.7778987
-0.0839152
0.02887846
0.3640095
-1.051861
0.4287137
0.8946118
-1.528067
0.958348
-0.6544685
-0.8522166
0.5536541
-0.2146473
1.351797
-0.1144782
1.229505
0.5079925
-0.2146473
0.3640095
1.137622
-0.2146473
-0.7063859
-0.2309590
-1.116099
-1.275043
-0.8522166
0.03837655
-1.528067
0.6843862
0.6843862
-0.2835591
0.9987272
-0.2695748
-0.8522166
-0.6006144
-0.7597659
-0.5225987
1.298958
-1.372237
0.2081794
-0.8522166
-0.3550719
1.229505
1.126985
1.050799
0.6452453
-1.275043
-0.6716168
0.009738253
1.351797
-1.030923
0.7260333
-1.051861
1.319548
0.806678
-0.6716168
1.400895
-1.611067
0.6843862
-1.528067
1.972371
-0.2146473
-0.2146473
-0.9494105
-1.073032
1.772727
-0.6716168
0.958348
2.195934
-1.275043
-0.4293898
0.2594529
1.229505
-1.030923
1.889499
0.153252
-0.5547158
0.5536541
-0.506742
0.806678
1.098773
-1.275043
0.4612033
-0.6510574
0.2382573
0.2615594
0.246764
-0.8522166
-0.7597659
1.574979
0.2382573
0.8145568
-0.6206308
-0.8522166
-1.372237
-0.6716168
1.812147
0.8411026
-0.506742
0.3640095
0.03837655
-0.3550719
-0.5612051
2.059938
0.2615594
-0.2474124
0.3358774
-0.2146473
0.7538393
-0.8522166
-0.2556929
-0.7742582
0.4612033
0.4612033
-0.506742
-0.8522166
-0.2835591
-0.4293898
-0.0839152
1.031264
-0.6307188
0.1820129
-0.5873867
-0.506742
0.6418032
-0.3061509
-0.01446213
-0.2891818
-1.275043
0.1510214
-1.051861
-1.611067
-1.611067
0.8840301
-1.051861
0.153252
1.772727
-1.196176
1.091993
-0.7597659
1.591748
-0.2146473
0.3838512
1.229505
0.2382573
1.972371
1.351797
2.195934
1.229505
1.229505
-0.4754212
-0.4293898
-1.611067
1.997806
1.677429
0.03837655
-0.7240127
-1.528067
-1.051861
1.382341
-0.3550719
-0.0839152
-0.2556929
0.2615594
-0.9099327
-1.160168
0.2615594
-0.007169509
-1.555332
0.3838512
