1 0 4.98 6 11.83517
1 0 5.72 11 11.22517
1 0 7.35 17 11.82733
2 0 5.58 6 11.58388
2 0 5.49 6 10.87048
1 0 6.52 11 11.07986
2 0 6.41 15 11.22164
1 0 5.58 6 11.22048
2 1 5.72 6 11.08517
3 0 6.45 6 11.08295
2 1 5.49 6 10.96048
0 0 5.58 4 10.87295
3 0 6.64 1 10.87295
1 0 6.17 6 11.83164
2 1 5.88 6 10.50749
1 0 5.46 6 10.65396
0 0 4.17 6 10.87048
2 0 5.21 6 10.96295
1 1 5.72 6 10.8704
3 0 6.14 6 11.46164
1 0 5.6 6 10.96048
1 0 5.6 6 11.83164
1 0 6.23 11 10.96164
2 0 5.68 6 11.22048
1 0 7.35 17 10.96295
2 1 6.98 15 11.46164
3 0 6.77 15 11.08295
2 0 4.38 6 10.87048
0 0 4.61 11 11.22517
2 0 5.79 6 11.08295
2 0 5.15 6 11.22048
1 0 5.39 6 11.35517
0 0 5.79 11 11.35517
2 0 5.34 6 11.08295
2 1 6.52 12 11.71517
2 0 6.05 6 11.22517
1 0 5.44 6 11.71295
1 0 5.46 6 10.77295
5 0 6.15 11 10.77048
1 0 7.23 15 11.71164
2 0 5.34 6 11.83164
0 0 4.61 11 10.95527
2 0 5.58 4 11.22164
1 1 5.49 6 11.08048
0 0 5.44 6 11.35517
1 0 6.64 11 10.77295
1 0 5.34 6 10.77048
1 0 5.44 4 10.86517
2 0 6.2 11 11.83164
2 0 5.15 6 10.32295
2 0 5.62 11 11.08295
6 0 4.47 12 10.96063
1 0 6.18 11 11.45985
1 0 6.28 12 11.58164
1 0 6.49 6 11.71733
2 0 6.52 11 11.82733
1 0 5.58 6 10.96295
1 0 5.28 6 10.96063
2 0 6.76 11 11.83517
1 0 5.16 6 10.86517
1 0 5.68 6 10.86517
1 1 4.58 15 10.66048
0 0 5.58 12 10.65749
2 0 6.98 15 11.22164
3 1 5.6 4 10.87048
1 1 5.46 4 10.77295
4 1 5.46 4 11.08517
1 0 5.53 6 11.71295
2 0 5.72 6 10.95749
2 0 4.94 15 11.71517
3 1 5.79 6 10.77295
0 0 6.01 12 10.76981
2 0 5.82 6 11.35396
1 0 6.64 15 10.87296
1 1 5.99 15 11.58733
1 0 5.6 6 11.35048
2 1 7.23 15 11.82831
2 1 5.44 6 11.34749
1 1 6.9 12 11.08295
2 0 6.77 15 10.87048
0 0 6.77 17 10.77295
1 1 5.44 12 11.35396
3 0 5.6 6 10.51048
1 1 5.58 6 10.95749
1 0 5.69 12 10.51517
1 0 6.41 11 10.76749
2 0 4.47 6 11.08517
1 1 4.61 6 11.22048
1 1 5.13 6 10.87295
2 0 6.01 6 10.87048
2 0 5.51 6 11.07295
4 0 6.93 15 11.83164
2 0 5.91 6 11.08048
2 0 5.58 6 11.08048
1 1 6.69 12 11.22048
0 0 6.01 15 11.35164
1 1 5.69 4 11.22517
0 0 5.58 12 11.22164
2 0 4.35 6 11.83295
1 0 5.96 4 11.46048
1 1 5.94 6 11.58164
2 0 5.46 6 11.51478
0 0 5.64 6 11.83164
0 0 5.69 4 10.87048
2 0 6.14 12 11.35048
1 0 5.76 6 10.66048
6 0 5.79 6 11.22517
1 1 5.85 6 10.51295
2 0 5.58 6 11.82831
2 0 5.69 11 11.71733
1 1 6.01 15 11.08164
1 0 5.94 6 11.08517
2 0 5.58 4 10.95517
2 0 5.27 11 11.46517
2 0 4.47 6 11.71517
2 1 5.34 6 11.35048
1 0 5.34 1 10.32063
2 1 5.44 4 11.58164
3 0 4.47 6 11.58517
2 0 5.49 6 11.08517
3 0 5.79 6 10.66048
2 0 7.27 17 11.83517
1 0 6.98 17 10.86517
2 1 5.68 6 11.08295
1 1 6.14 11 11.22517
2 0 6.06 12 11.46295
1 0 4.47 6 10.77295
1 0 6.18 11 11.83213
2 0 5.25 6 11.35517
0 0 6.14 12 11.58517
0 0 6.64 12 11.83203
1 0 5.49 6 11.83203
1 0 5.49 6 10.87048
0 0 5.49 6 10.77048
2 0 5.6 6 10.87048
0 0 6.15 12 10.77048
2 0 6.64 17 12.30517
2 0 5.44 6 11.22981
1 0 5.34 6 11.35396
1 0 5.34 6 11.22388
1 0 5.72 4 11.35527
2 0 5.15 6 11.22517
2 0 5.15 6 11.08048
2 2 6.64 17 11.83295
1 1 5.83 12 10.51048
2 0 5.6 6 10.96048
1 0 6.28 6 11.46517
5 0 5.82 4 11.22164
2 0 4.61 6 11.22396
1 0 5.49 6 11.22295
2 1 5.49 6 10.77048
5 1 5.46 6 10.96295
2 0 6.06 11 11.58749
1 0 5.88 6 10.68517
1 0 4.42 11 11.90517
2 0 5.51 6 10.95517
1 0 6.28 6 11.45832
3 0 5.44 6 11.22517
2 0 5.58 4 11.07749
2 0 6.77 17 11.08295
2 0 4.61 6 11.58048
2 0 7.55 17 11.83063
2 0 5.7 6 10.87048
2 0 4.47 6 11.22048
2 1 6.05 6 10.87295
2 0 5.67 4 10.96048
3 0 6.64 11 11.37831
3 0 5.72 6 11.08296
1 0 6.03 6 10.51048
0 0 6.64 12 11.58749
2 0 6.52 11 11.35396
2 0 6.16 17 10.95517
2 0 6.76 11 11.58733
2 0 5.58 4 11.22517
2 1 6.64 11 10.95517
0 0 5.49 6 11.08164
2 0 4.58 6 11.08063
1 0 5.51 11 11.82749
2 1 4.47 11 10.57749
3 0 4.61 6 11.45749
2 0 5.58 6 10.77295
2 0 5.68 6 10.87048
2 0 5.07 11 11.35749
2 0 5.49 6 11.22295
0 0 5.69 4 11.08063
2 1 7.35 17 11.08517
2 0 5.58 6 10.77295
0 0 5.58 12 11.08295
2 0 5.94 11 11.58517
0 0 7.24 17 11.22388
2 0 5.9 11 11.08048
1 1 5.6 4 11.22048
1 1 7.35 17 11.82733
1 0 5.25 6 11.07749
2 2 6.67 15 11.45749
1 0 7.15 6 11.22517
0 0 5.58 6 11.35295
2 1 5.93 15 11.71749
2 0 5.79 6 11.08517
1 0 6.76 11 11.83517
1 1 5.44 6 11.83517
1 0 6.64 17 11.58721
2 1 6.64 6 10.87048
1 0 6.46 12 11.08517
3 1 5.54 6 10.77164
1 0 5.7 12 11.08396
1 1 6.02 6 11.72295
1 0 6.72 15 11.83517
0 0 6.89 12 11.83517
1 0 5.72 11 11.83048
2 0 4.61 11 11.83164
2 0 6.89 15 11.72048
1 0 6.64 15 11.83478
1 0 6.89 17 11.22164
1 0 5.58 11 11.83048
8 0 5.76 6 11.08048
0 0 5.64 12 11.08517
0 0 6.01 4 11.46295
1 0 5.32 6 11.83164
2 0 6.89 15 11.22832
2 0 5.7 6 11.22048
2 0 6.41 11 11.58517
2 0 4.61 6 11.46295
1 0 5.49 6 10.95517
1 0 5.74 6 11.08048
1 0 5.79 11 11.82831
2 0 6.64 6 10.76517
2 2 5.68 6 11.83202
1 1 6.14 11 11.46063
1 1 5.46 6 10.65295
1 0 6.38 6 11.58981
0 0 5.49 6 11.46517
2 0 5.49 6 11.08048
2 0 6.01 6 11.08295
3 0 5.69 6 10.86517
2 0 5.6 6 11.08048
1 0 6.45 4 10.86517
2 0 5.49 11 10.51517
1 0 5.44 6 11.08048
3 1 5.83 6 11.83295
3 0 4.35 1 11.46296
1 0 6.28 12 11.08478
2 0 5.69 6 11.45749
4 1 5.13 6 11.08517
0 0 6.76 12 11.83388
1 0 6.28 11 11.46295
1 1 5.6 6 10.96048
2 1 5.46 6 10.51295
1 1 5.58 6 10.77295
1 0 5.7 6 11.35396
4 0 7.55 6 11.35164
3 0 5.58 1 10.87048
1 1 5.49 6 11.46063
1 0 5.68 6 10.65295
1 0 5.6 6 10.95517
1 1 5.49 6 11.35295
2 0 5.51 6 10.95517
2 0 7.35 15 11.82733
2 0 4.42 6 11.83517
1 0 6.49 15 11.71164
2 0 5.79 6 11.08517
0 0 5.34 6 10.56517
2 0 6.51 11 11.83164
4 0 5.69 6 10.76517
1 0 5.58 12 11.58517
2 0 5.49 4 11.08517
3 0 4.83 11 11.22711
2 0 5.34 6 11.22396
2 0 5.91 4 11.22164
2 0 5.44 4 11.58749
2 0 6.28 11 11.83295
1 1 5.34 12 11.22517
1 0 5.72 4 11.35527
2 0 6.28 15 11.22517
0 0 7.27 15 11.82749
2 1 5.44 11 10.76517
1 0 6.45 6 11.08048
1 0 6.1 6 11.22396
1 1 5.32 6 10.77048
1 0 5.49 6 11.08295
1 1 5.34 6 11.22517
3 0 5.58 4 10.87063
0 0 5.46 6 10.73164
0 0 5.58 4 10.96295
1 1 5.49 6 11.18048
1 0 5.93 6 11.82666
2 0 7.23 15 11.46295
1 1 6.02 6 11.82831
2 0 6.27 17 11.08048
0 0 5.58 4 11.46517
1 0 6.64 6 11.46164
1 0 5.34 6 10.87048
4 1 6.64 17 11.83164
1 0 6.23 12 11.35048
2 0 7.11 15 10.50831
5 0 5.64 6 11.83388
0 0 5.79 11 10.65517
3 0 5.15 6 10.87048
2 0 5.6 6 11.22517
1 0 4.47 12 10.86517
4 0 5.6 6 11.22517
3 0 5.79 1 11.12517
1 0 6.01 6 10.96048
2 0 5.36 4 11.83164
2 0 4.25 6 11.83295
1 1 5.34 4 10.87048
2 1 4.52 6 11.82981
2 0 4.35 6 10.86749
1 1 5.93 12 11.72048
0 0 5.25 1 10.96295
2 0 5.79 6 11.82986
1 0 5.6 6 11.08048
2 0 6.89 17 11.71213
3 0 5.72 6 10.96048
2 0 5.25 6 10.87048
2 2 5.79 6 11.07749
0 0 6.34 6 11.22048
0 0 6.89 17 11.35048
1 0 5.96 6 10.87295
2 1 5.58 11 10.86396
1 1 6.76 12 11.46517
1 0 6.68 11 11.22164
2 1 5.62 6 11.08048
1 0 4.47 15 11.46517
1 0 5.36 4 11.22517
0 0 4.47 4 10.51295
1 0 5.88 6 11.35048
3 0 5.34 0 11.08517
1 0 5.15 6 11.22981
1 0 4.94 15 10.95517
4 0 5.7 4 11.22164
1 0 5.34 6 10.77048
1 0 6.33 12 11.82721
1 1 5.58 11 11.58749
2 0 5.6 11 11.83295
2 0 4.35 6 10.65295
2 0 5.76 6 11.46517
1 0 5.25 6 11.08396
2 0 6.76 6 11.46164
3 0 5.88 6 11.82981
1 0 5.83 11 11.08295
1 0 5.76 6 11.83164
0 0 5.25 11 11.08048
2 0 6.51 11 11.08517
2 0 5.25 4 11.08517
2 0 6.89 17 10.76517
2 0 5.6 4 11.08048
3 0 6.3 6 10.95831
2 0 6.39 11 11.82733
3 0 6.52 6 11.71831
2 0 6.28 12 11.82749
2 0 5.46 4 10.65295
0 0 5.13 4 11.22295
2 0 6.77 17 11.82831
1 0 5.29 1 10.87295
3 1 4.52 6 11.08295
2 1 6.75 17 10.95517
2 0 5.45 4 10.87063
2 0 5.58 6 11.22517
1 0 6.23 4 10.50831
1 0 4.47 6 11.95295
3 0 6.64 15 11.83164
1 1 7.19 17 11.71517
0 0 5.58 11 11.00517
1 1 4.47 6 11.22517
2 2 5.18 6 11.08517
2 0 7.11 15 11.83063
3 2 5.58 6 11.22295
0 0 6.2 15 11.4612
1 0 5.69 11 11.83517
0 0 6.05 12 11.58517
1 0 5.7 11 10.86749
2 1 5.58 11 11.22295
2 0 5.69 6 10.96063
1 0 5.49 6 11.35517
2 0 5.58 0 10.87295
2 0 5.49 6 11.34749
1 0 4.61 15 11.83164
2 0 6.45 4 10.77048
1 1 5.49 6 10.65295
1 0 5.7 6 11.22295
2 0 6.64 15 11.83388
1 0 5.86 6 11.08048
2 0 4.47 6 11.35517
3 1 6.89 17 11.83295
0 0 6.44 11 11.83388
0 0 4.47 4 11.83517
1 0 6.72 15 10.96295
2 0 6.26 6 11.08048
2 0 7.23 15 10.86517
1 0 5.49 6 11.22517
2 0 6.89 15 11.22396
2 0 5.15 6 10.87048
1 0 5.51 6 11.45749
1 0 7.24 15 11.71295
2 1 5.69 12 11.08048
1 0 6.11 11 11.35048
2 0 6.05 6 11.45831
1 1 5.79 11 11.08517
1 0 4.61 11 11.82831
2 0 5.69 4 11.46388
1 0 5.58 6 11.35048
1 0 5.49 6 10.96048
0 0 6.14 11 11.83517
2 0 5.77 11 11.34831
2 0 5.64 6 10.87048
0 0 6.64 17 10.96388
2 1 5.58 4 11.22048
1 1 6.64 17 10.95517
1 0 5.79 11 11.35396
2 0 5.6 6 10.96048
2 1 5.68 6 10.96295
1 0 5.25 6 10.76517
1 1 6.49 17 11.46063
1 0 5.6 6 11.22517
1 0 7.55 1 11.83517
2 0 6.89 15 11.83517
1 0 6.03 11 11.71733
2 1 5.07 6 10.32831
2 0 4.98 6 11.83164
0 0 4.61 15 11.22517
1 0 6.18 11 11.83213
2 0 5.6 6 10.66048
1 0 6.28 11 11.83164
2 1 6.41 11 11.82831
1 0 6.35 6 11.35517
3 0 5.86 6 11.46164
0 0 6.41 17 11.83295
2 0 4.47 11 11.22517
1 0 5.88 6 11.35164
2 0 5.49 1 11.35517
1 0 5.49 6 10.87048
2 1 6.77 15 11.82981
1 1 5.34 4 11.08396
2 2 6.89 12 10.87164
1 0 6.93 17 11.83517
1 0 5.58 11 11.83048
0 0 5.6 6 10.51048
0 0 6.98 15 11.58295
1 0 4.61 12 11.82981
2 2 5.69 11 10.77295
3 0 6.76 12 10.66048
2 1 6.86 17 11.22048
2 0 6.28 12 11.82749
2 0 5.69 1 11.32048
1 1 6.41 15 10.76517
2 0 7.23 15 11.34749
0 0 5.25 6 11.71164
1 0 5.74 6 11.08048
0 0 6.76 12 11.82981
3 0 5.58 6 11.58517
2 0 6.01 6 10.87048
1 0 6.28 6 11.22164
0 0 6.86 17 11.82981
1 0 6.64 11 10.73164
1 0 5.69 11 11.83517
2 0 6.11 6 11.58517
1 0 4.61 12 10.77295
1 0 5.34 4 10.87048
3 0 5.58 6 10.76517
3 0 5.93 11 11.58517
0 0 4.38 6 10.65517
0 0 6.64 17 11.22164
2 0 5.69 6 10.77048
2 0 5.58 6 11.08517
3 0 3.57 6 10.87048
1 0 5.86 6 10.86396
0 0 5.79 11 11.22517
1 0 5.77 6 10.87048
2 0 5.58 1 11.08048
1 0 5.6 6 11.08048
2 1 5.58 6 11.22164
0 0 6.78 4 10.51048
2 0 5.58 6 11.08517
2 0 5.72 6 10.96295
1 1 6.14 12 11.08396
2 1 6.98 15 11.46517
1 1 5.58 6 10.86517
2 1 6.89 11 11.46388
1 0 6.14 12 11.22517
1 0 6.11 6 11.82749
1 0 5.49 6 11.08048
1 0 5.93 11 10.86517
1 0 7.11 15 11.10517
0 0 5.63 12 11.58164
1 0 5.79 11 11.35517
2 0 5.72 6 11.22517
0 0 5.34 0 11.08048
2 1 5.15 6 11.08396
3 0 5.7 6 10.86517
2 0 6.64 15 11.08517
4 0 5.58 1 11.08517
3 1 5.63 6 11.22396
1 0 5.49 11 10.95711
0 0 6.76 12 11.83517
2 0 5.27 11 10.65517
2 0 5.58 6 11.22048
2 0 4.58 11 11.82981
1 0 4.47 6 10.76478
3 1 5.25 6 11.08517
1 0 5.45 6 10.87295
2 0 6.14 12 10.86517
1 0 5.96 6 10.50749
2 0 5.93 6 10.96164
1 0 4.61 11 11.71733
1 0 5.49 6 11.08517
1 0 6.7 11 11.83164
1 1 5.49 6 10.86048
2 0 5.44 4 11.08517
1 1 5.6 6 10.95517
2 0 6.28 6 11.58164
2 0 5.83 11 11.58164
5 2 5.18 6 10.32517
1 0 6.15 6 11.83295
3 1 5.98 15 10.86517
2 0 6.01 6 11.08295
3 0 5.49 6 10.86749
2 0 6.26 11 11.35517
2 0 5.72 4 10.95517
4 1 6.64 4 11.08295
2 0 5.6 6 11.22048
2 0 6.39 11 11.82733
1 1 5.88 11 11.71478
0 0 5.79 6 11.46517
0 0 6.28 6 11.08164
1 0 5.6 6 10.77048
1 1 6.01 12 10.77295
3 1 5.96 6 10.87048
1 0 6.15 12 11.46295
4 0 6.01 12 11.34981
2 0 5.49 6 11.82831
2 0 5.58 6 10.87063
2 0 6.62 17 11.83517
2 0 5.58 4 10.51063
0 0 5.44 6 11.22517
2 0 6.52 12 11.46295
2 1 5.66 6 11.08295
1 0 6.26 11 11.08295
2 0 6.38 6 11.82981
1 0 6.23 4 10.87048
2 0 5.13 4 10.77295
1 0 5.58 1 11.08048
1 0 6.64 6 11.22517
3 1 5.44 6 10.86517
2 0 5.7 6 11.22295
3 0 6.64 6 10.96295
2 0 6.14 6 11.58296
1 0 6.64 12 11.82981
1 1 6.76 17 11.83517
2 1 5.58 6 11.58981
2 0 5.58 6 11.07749
1 0 7.35 17 11.71985
2 0 6.33 12 11.58517
2 0 7.06 17 11.83164
1 0 5.58 6 10.65749
2 1 6.64 15 11.82666
3 0 4.58 12 11.58164
1 0 5.6 6 10.66048
1 1 5.93 11 10.86517
5 0 5.49 6 11.08048
2 0 5.49 6 10.66048
2 0 6.64 17 11.71164
1 0 6.48 15 11.22517
1 1 4.4 6 10.96295
2 0 7.35 17 10.96295
2 0 4.47 4 11.58517
3 0 5.49 6 11.22048
1 0 4.76 4 10.95981
1 0 6.28 11 11.82986
2 1 5.6 6 10.51295
2 0 6.23 6 11.22517
0 0 6.39 12 11.22048
1 0 5.49 6 11.35164
2 0 6.77 11 11.34981
0 0 5.49 6 10.96295
2 0 6.41 11 11.83164
2 1 6.73 11 10.95517
2 0 5.58 6 10.87048
2 0 5.58 4 11.22981
2 0 5.54 6 11.46517
2 1 5.6 11 11.45831
2 1 5.79 4 11.08048
1 0 4.47 11 11.83164
3 0 5.91 6 11.07985
2 1 5.93 15 11.65295
1 0 4.38 6 10.86517
1 0 5.69 4 11.58517
1 0 5.58 6 10.87048
1 0 6.86 15 11.22048
2 0 5.34 4 11.46296
1 1 5.15 11 11.58517
2 0 6.14 11 11.22164
2 1 5.93 11 11.08517
3 1 5.13 6 11.08048
4 0 7.45 17 11.83164
1 0 5.58 4 11.08396
2 0 5.49 6 11.22048
2 1 6.64 15 11.35517
1 0 5.34 6 11.35048
2 0 6.3 0 11.35517
0 0 5.76 6 11.82721
1 0 5.44 4 10.95517
4 0 5.7 6 11.08048
2 0 5.32 6 10.65295
1 0 6.75 15 11.35517
2 2 7.07 17 10.86749
2 0 6.77 15 11.71164
1 0 5.34 6 11.82811
2 0 5.49 6 11.22517
4 0 5.44 6 11.08517
1 0 5.79 6 11.22517
1 0 5.32 6 11.58295
1 0 6.52 17 11.45721
4 0 5.44 6 11.08388
0 0 5.8 6 10.86981
0 0 4.38 6 10.96295
0 0 5.49 6 11.35048
0 0 5.6 6 10.96048
1 0 6.01 11 11.45981
0 0 5.46 6 10.66048
1 0 6.28 12 11.22388
2 1 5.69 11 11.22295
2 0 5.46 4 11.58517
2 0 6.89 17 11.61048
1 1 6.89 17 11.83517
1 0 6.62 11 11.35517
2 1 6.14 11 10.98295
2 0 6.89 15 11.83396
1 0 5.82 4 11.71981
1 0 5.49 6 11.58164
1 1 5.94 6 11.07832
1 0 6.89 17 10.65749
2 0 5.79 6 11.58517
0 0 5.46 6 10.87048
1 0 4.61 11 11.71164
1 0 5.69 12 10.86831
1 0 5.58 6 11.08048
4 0 6.02 6 10.77295
2 0 6.52 11 11.35048
3 1 5.49 6 10.96295
2 1 5.34 4 10.77048
1 0 5.62 11 11.22517
1 0 6.11 6 11.83048
1 0 5.32 6 11.46295
1 0 5.6 6 11.35517
0 0 6.38 6 11.46295
2 0 5.25 6 10.76517
0 0 5.79 6 11.08517
2 0 5.88 4 11.22517
1 1 6.77 11 11.83295
3 0 6.01 11 10.65295
1 0 5.88 6 11.58517
2 0 5.74 6 11.22721
2 0 4.38 6 11.22295
1 1 5.69 6 11.71295
2 0 5.88 6 11.35517
2 0 5.88 6 11.71517
5 1 5.6 6 11.22048
2 0 6.33 15 11.22517
2 0 5.72 11 11.45831
0 0 6.86 15 11.22295
1 0 5.46 6 11.08517
1 0 5.58 4 10.77048
2 0 5.88 6 11.08517
2 0 5.46 6 11.58164
1 0 6.11 6 11.08517
2 0 5.89 6 10.32048
1 0 5.51 6 11.71164
1 0 5.13 4 11.08048
2 0 6.28 12 11.83517
1 0 5.94 4 10.95517
2 0 6.81 17 11.08396
0 0 5.34 6 10.77048
3 0 6.49 6 10.86517
2 0 4.47 6 10.77048
2 0 4.38 6 10.95527
2 0 5.44 4 11.58517
1 0 5.58 12 11.58517
2 0 5.15 6 11.45985
1 0 6.52 11 11.72063
1 0 5.88 6 11.08517
1 0 6.01 11 11.45981
2 0 6.64 11 11.58164
2 1 6.98 15 11.83517
2 0 6.52 12 10.96396
2 1 7.35 12 11.72048
4 1 6.3 6 11.08295
2 0 6.64 11 11.58164
2 0 5.83 6 10.95517
1 0 5.96 6 10.50749
1 0 6.11 6 11.22164
1 1 5.6 6 11.35048
0 0 5.87 6 11.58396
3 0 5.58 6 11.08295
2 0 5.87 6 11.46063
0 0 6.86 15 11.82721
1 0 5.58 6 10.87048
2 0 6.14 11 11.35164
1 1 5.49 6 10.77048
0 0 5.72 6 11.08048
2 0 5.94 6 10.76517
2 0 4.85 6 10.51517
3 0 4.34 6 11.83164
1 0 5.6 6 11.08048
1 1 6.64 12 11.83164
1 0 5.7 6 11.83388
1 0 4.47 6 10.87048
1 0 5.91 6 11.08396
2 0 5.96 6 11.08048
2 0 5.83 6 11.22517
1 0 4.35 6 11.08295
0 0 6.69 12 11.07749
2 0 5.49 6 10.96396
0 0 5.98 12 11.07831
2 0 5.93 6 10.96164
2 1 5.58 6 11.83164
1 0 6.35 11 11.58388
2 0 6.98 15 10.96295
1 0 5.58 4 10.87048
0 0 5.32 4 10.77295
2 0 6.76 11 11.83517
0 0 7.35 17 11.83164
2 0 6.41 6 11.83164
1 0 5.69 11 11.71733
1 0 6.01 4 10.87048
1 1 5.07 4 10.66048
1 0 4.47 6 11.08517
1 0 5.15 1 10.76517
2 1 6.64 6 10.65295
2 0 5.6 6 11.35048
2 0 5.91 6 11.71517
5 0 5.72 6 11.46048
3 0 5.6 6 11.45831
1 0 5.58 11 11.85295
2 0 5.68 6 10.87295
1 1 5.68 6 11.83164
2 0 6.14 6 11.08517
3 0 5.13 6 11.22295
1 1 5.44 12 11.08048
2 0 5.58 6 11.08295
3 0 7.35 17 11.82831
1 0 6.01 6 11.08048
1 0 5.58 4 11.22517
2 0 5.49 6 10.96048
4 0 5.74 6 11.34832
1 0 5.34 6 10.96048
7 0 5.89 4 11.46517
2 1 4.38 6 11.08517
2 0 5.88 6 11.82981
1 1 5.46 6 10.65517
1 0 6.81 11 11.58517
0 0 6.38 6 11.71164
2 0 5.7 6 11.22048
1 0 6.52 15 11.46164
2 0 6.01 11 11.58164
1 1 5.91 6 11.45831
2 0 5.93 6 10.96164
3 0 5.72 1 10.51295
2 0 6.28 6 10.95517
2 0 6.64 15 11.22164
2 0 5.7 6 11.22048
2 0 5.03 6 12.52295
0 0 7.24 17 10.32295
1 0 5.7 6 11.34749
1 1 5.72 11 11.08517
3 0 5.13 6 10.77295
1 0 5.54 11 11.46517
1 0 6.64 12 11.83203
1 1 4.47 6 10.96295
2 0 5.32 6 10.96295
1 1 5.9 11 11.46295
0 0 5.46 6 10.77295
1 1 5.58 6 11.08048
0 0 6.75 15 11.82666
0 0 5.91 6 11.46517
2 0 5.58 6 11.35517
0 0 6.77 17 11.83295
1 0 5.49 11 10.96048
1 1 5.79 6 11.46048
2 0 5.69 6 11.22048
2 0 6.15 11 11.46517
2 0 4.61 12 11.08517
2 1 6.52 12 11.58164
2 0 6.77 11 11.83164
1 0 5.46 6 11.08517
0 0 6.64 15 11.35517
3 0 5.6 6 10.77295
2 0 5.91 6 11.72048
4 1 7.35 15 11.58164
4 0 5.25 6 11.08295
1 1 5.49 6 11.08048
2 0 5.46 6 10.96295
0 0 4.52 12 11.83517
2 0 5.44 1 10.95517
1 0 6.82 17 11.08478
1 1 5.49 4 11.83517
1 1 5.46 6 10.65517
0 0 4.47 0 12.03295
2 1 5.46 11 10.65517
2 0 5.34 6 10.96048
2 0 6.45 6 11.22517
3 0 5.69 6 11.46517
1 0 5.34 6 10.77048
2 0 5.44 6 11.45749
1 0 5.88 11 11.08517
2 1 5.99 6 10.32048
1 0 5.6 6 11.08295
0 0 6.23 11 11.08517
0 0 5.58 4 10.87295
1 0 5.32 4 10.77295
2 1 5.58 4 10.95517
1 0 5.83 6 10.96164
1 0 5.49 11 11.07831
3 1 5.79 6 11.35048
3 0 6.98 15 11.35164
2 0 5.58 6 10.77295
1 1 5.7 6 11.58832
2 0 5.44 6 11.34749
2 0 6.52 17 11.72048
2 0 5.6 6 10.86517
1 1 5.79 11 10.96048
2 0 6.15 11 11.34749
0 0 5.49 6 11.58517
2 1 5.69 0 10.84517
2 0 6.75 15 11.35517
1 1 6.41 11 11.08517
1 0 6.01 4 10.65517
1 1 5.7 12 11.22048
1 0 6.51 15 11.08295
3 0 4.07 6 10.86517
0 0 6.52 11 11.82985
2 0 6.76 11 11.83517
1 0 5.34 1 10.87048
1 0 5.49 6 11.08295
1 1 5.83 12 11.58517
5 1 5.46 6 11.08295
2 0 5.69 6 11.22831
1 1 6.89 17 11.07831
1 0 5.7 6 11.71164
2 0 5.68 6 11.08063
2 0 6.41 11 10.86517
0 0 6.01 12 11.08517
0 0 6.14 11 11.46517
3 0 6.89 17 11.35396
2 0 5.69 6 10.86517
2 0 6.14 12 11.07749
3 0 6.89 6 11.35517
3 0 5.72 11 11.22164
1 0 5.57 6 11.22164
2 0 6.15 6 10.96048
1 0 5.88 6 11.08048
2 0 7.55 17 11.83063
1 0 5.68 6 10.77048
1 0 5.7 6 11.22048
0 0 6.01 12 11.82981
2 0 6.14 6 11.35517
3 0 7.11 15 11.83164
1 1 7.35 12 11.71164
0 0 6.2 11 11.83388
0 0 6.01 12 10.76517
1 1 5.49 1 11.08048
2 0 6.76 17 11.82733
5 0 5.34 6 11.22048
2 0 6.86 12 11.83517
2 1 5.79 11 11.22517
3 0 5.46 6 10.65295
1 0 5.79 6 10.77063
1 1 5.6 6 11.22517
0 0 6.41 17 11.83295
0 0 6.64 12 11.45733
1 0 6.01 6 10.96295
1 0 5.6 6 11.35048
1 0 5.72 6 10.86517
2 0 6.98 15 11.71164
1 0 5.83 6 11.08164
2 0 5.6 6 10.96048
2 1 4.98 6 11.83388
1 0 5.6 6 11.83164
1 0 5.88 6 10.87295
2 0 6.51 15 11.08048
2 0 5.69 6 11.46517
1 0 6.53 15 11.83396
2 1 5.49 4 11.08048
2 0 6.44 6 11.83517
2 0 6.98 15 11.58832
0 0 4.76 11 11.22517
1 1 6.39 15 11.71517
2 0 5.58 6 11.34749
2 0 6.23 1 11.35048
1 0 5.58 4 11.22517
2 0 5.49 6 10.96396
2 1 5.34 6 11.22517
1 0 5.03 15 11.03517
4 0 5.49 6 11.08048
0 0 5.88 11 11.35048
1 0 6.33 17 10.96295
2 2 6.28 11 11.35164
0 0 5.6 12 10.95517
1 0 6.76 11 11.83517
1 1 6.39 15 11.22164
1 0 5.58 11 11.34832
0 0 6.56 15 10.86517
2 0 6.77 11 11.83517
2 0 5.54 6 10.96295
3 0 4.38 12 11.83517
1 0 6.55 6 11.07749
3 0 6.64 15 11.32048
2 1 5.88 11 11.83295
2 0 5.6 6 11.71517
0 0 5.49 6 10.76434
2 0 5.44 6 11.08517
1 0 5.88 6 11.83396
2 0 5.6 4 11.22517
1 1 6.93 12 10.95517
1 0 5.32 4 10.87295
2 0 5.93 6 10.96164
1 1 5.6 11 11.22048
3 1 5.34 4 10.66048
1 1 5.79 6 11.8312
2 0 5.7 4 11.22517
1 1 4.61 12 10.96048
2 0 5.72 6 11.08048
0 0 6.23 6 10.87048
1 0 5.49 6 10.87048
1 0 5.49 6 10.77048
1 0 5.7 6 10.86517
2 0 5.8 6 10.98295
3 0 5.68 6 10.77048
1 0 5.49 6 11.35517
0 0 5.6 6 10.96048
2 0 6.61 15 11.46048
1 0 6.72 15 11.83203
2 1 7.55 17 11.46164
2 1 5.72 6 10.65517
1 0 6.3 6 10.95517
1 1 6.41 15 11.22295
1 0 5.68 6 10.77048
1 0 6.89 17 11.83517
0 0 5.8 6 10.86981
2 1 6.15 11 10.76517
1 0 6.02 11 11.08517
1 0 5.6 6 10.77048
2 0 5.93 6 10.96164
1 1 5.84 6 11.58517
2 0 6.86 15 11.82721
0 0 5.49 6 10.65295
1 0 5.49 6 11.83517
2 0 5.93 6 10.96164
2 0 5.15 6 10.77048
2 1 6.64 17 11.83164
1 1 5.23 6 11.82831
0 0 5.7 8 11.08396
1 1 6.02 6 11.78749
2 1 5.49 12 11.22063
0 0 5.15 6 11.08396
1 0 5.83 6 11.08048
2 0 5.34 4 10.86517
1 0 5.13 6 11.08048
2 0 7.19 15 11.71985
1 0 5.62 6 10.87048
1 1 5.58 4 10.77295
2 0 5.6 6 11.08164
2 0 4.61 6 11.05048
2 0 6.14 6 11.45749
1 1 5.15 6 11.08048
2 0 4.47 6 10.65517
2 0 5.69 6 10.77048
2 0 5.88 6 11.45832
2 0 6.67 15 11.22517
0 0 5.49 6 10.87048
1 0 6.28 11 10.96396
1 1 5.88 11 11.71478
1 0 5.46 6 10.86517
0 0 5.58 6 10.76517
1 0 5.34 6 11.35295
2 0 5.44 6 10.65517
0 0 6.39 11 11.83295
2 0 6.23 6 11.22048
0 0 5.88 6 11.46048
1 0 6.01 6 11.46048
1 0 5.61 6 10.66063
1 1 6.28 11 11.83164
1 0 5.32 4 10.51063
2 0 5.34 11 11.81048
4 0 5.49 4 11.08048
0 0 5.79 11 11.22517
1 0 6.67 15 11.58849
2 2 6.64 17 11.83295
2 0 5.93 6 10.96164
2 0 5.83 11 11.58164
1 0 5.49 6 11.08048
1 0 5.32 6 10.77295
1 0 5.88 11 11.58164
1 0 5.99 6 11.34832
0 0 4.42 6 10.65295
1 0 5.6 6 10.95517
2 0 6.86 15 11.83048
2 0 5.6 4 11.08164
1 0 5.58 4 11.82981
2 0 6.41 11 11.71164
0 0 5.94 11 11.08048
3 0 5.6 6 11.08517
1 0 5.46 6 11.22295
2 0 5.72 6 11.46164
0 0 5.58 4 11.58048
1 0 5.58 1 11.58164
1 0 5.58 4 11.08048
2 0 5.7 6 11.82981
3 1 4.38 6 10.77048
2 0 5.49 4 11.35517
2 0 6.05 6 11.08295
1 0 7.04 15 11.82981
0 0 6.28 11 11.34981
2 1 5.58 6 10.65517
1 0 5.46 6 11.22295
1 0 7.33 1 10.65295
1 0 5.76 6 10.86396
2 0 6.64 6 10.77048
2 0 7.15 11 10.96048
2 0 6.89 17 11.82831
3 1 6.23 11 11.83202
2 0 6.01 6 11.35517
2 0 5.32 6 10.51295
2 0 5.98 15 10.86517
1 1 6.14 12 11.08048
2 1 5.58 6 10.96295
0 0 6.41 17 11.83295
2 0 5.77 6 10.96295
3 0 6.86 6 12.32048
0 0 5.7 11 11.22295
1 0 5.69 6 11.08517
2 0 5.88 11 11.83517
2 0 5.46 11 10.86517
4 0 5.94 6 11.35517
2 1 6.89 15 10.95517
1 0 5.88 11 11.58164
2 1 6.15 6 10.87721
1 1 6.93 12 10.51517
4 0 5.49 6 10.95733
1 0 5.34 6 10.87048
3 2 6.28 11 10.96295
2 0 6.28 11 11.35164
2 1 5.8 6 10.65517
3 0 5.64 6 10.65517
2 0 5.83 11 10.68517
0 0 5.79 11 10.95517
0 0 5.72 11 11.22517
1 0 5.39 6 10.65517
2 0 5.98 4 10.77295
3 0 5.13 1 11.83517
1 1 5.7 6 10.86749
1 0 4.47 6 10.76517
1 0 5.74 6 10.96048
1 1 5.7 6 11.35048
2 0 6.86 6 11.08295
2 0 5.69 4 11.58517
3 0 4.58 11 11.45981
1 0 5.74 6 10.76517
2 0 6.67 15 11.83517
1 0 5.25 4 11.08517
2 0 6.62 15 10.95517
2 0 5.88 6 11.71517
1 1 5.44 12 11.08048
2 1 5.7 6 10.96048
5 0 4.47 11 11.08517
0 0 6.45 6 11.08295
2 0 5.34 6 11.22048
1 0 5.58 1 11.22295
0 0 5.79 6 11.22295
2 1 5.38 6 10.96295
2 0 6.89 17 11.82831
2 0 4.84 4 10.96295
1 0 5.34 6 10.77048
2 0 6.86 4 10.65295
2 0 6.38 11 11.22063
2 1 5.7 11 11.83164
2 0 5.91 6 11.35396
1 0 5.88 6 11.22517
1 1 5.8 6 10.51517
0 0 7.27 17 11.22517
2 0 6.86 11 10.76517
1 0 5.49 6 11.46048
1 0 5.44 4 10.44832
2 1 5.6 11 10.95517
1 0 5.34 6 11.07831
1 1 5.58 6 11.22517
2 0 6.76 17 11.82733
4 1 6.3 6 11.08517
2 0 5.07 11 11.16063
1 0 6.28 11 11.58517
2 0 6.89 17 11.58721
1 0 5.58 6 10.66048
1 0 5.53 11 11.22048
2 0 6.15 11 11.35164
1 0 7.33 1 10.66048
3 0 6.01 12 11.46295
3 0 6.89 17 11.71164
1 0 5.34 4 11.35517
1 1 5.15 11 10.87048
1 0 6.64 6 11.22517
2 0 5.7 6 11.08048
1 0 5.25 6 10.65295
7 0 5.46 1 11.83295
0 0 5.58 6 11.08048
0 0 5.46 6 10.96048
1 0 5.34 6 11.08295
2 0 4.98 6 11.71981
2 0 4.98 6 11.46517
1 0 6.41 11 11.83517
2 0 5.6 6 11.45981
2 0 5.34 4 11.22981
4 0 5.44 6 11.05048
1 0 5.88 11 11.58749
0 0 5.16 1 10.77295
2 0 5.07 6 10.86517
1 0 5.58 6 10.77048
1 0 5.03 4 10.87063
1 0 5.49 6 11.22048
1 0 5.16 6 11.22295
2 0 5.49 6 10.66063
1 0 5.69 6 11.43749
0 0 5.44 6 10.87048
1 0 5.6 11 10.51048
1 0 5.88 1 11.22517
1 0 6.89 17 11.83164
1 1 5.88 11 11.08063
3 0 5.34 4 10.87048
0 0 6.11 6 11.08396
2 1 5.79 11 11.35388
2 0 5.8 6 10.95981
1 0 7.35 17 11.82831
2 0 6.98 15 11.58733
1 0 5.46 6 11.22295
1 0 5.79 6 11.22517
1 0 7.67 17 11.83164
1 0 7.04 15 11.08517
2 0 5.51 6 10.95517
3 0 5.38 6 10.96048
2 2 5.16 14 10.51517
2 0 5.69 6 11.46517
2 0 4.47 11 11.83517
1 0 5.58 6 11.46517
0 0 5.44 6 11.08517
3 0 6.01 6 11.08295
1 0 7.11 15 11.22295
2 0 5.49 6 10.87048
3 0 6.41 11 10.65517
1 0 5.9 6 10.87048
2 0 7.15 11 10.77295
2 0 5.58 6 11.58721
2 0 5.58 6 11.08517
2 2 6.72 11 11.58164
1 1 6.77 12 11.83164
1 0 6.01 11 11.08048
1 0 5.93 11 10.96164
1 0 5.62 4 11.08517
1 0 6.64 6 11.22517
3 0 5.91 6 10.77164
1 0 5.44 4 11.58517
1 0 6.01 6 11.83517
1 0 5.34 4 10.87048
1 0 5.53 6 10.96295
2 0 5.25 6 11.22517
1 0 6.13 6 10.96048
2 1 6.14 12 11.08517
2 0 5.79 11 11.08517
0 0 4.47 12 11.83388
1 0 5.88 11 10.95517
2 0 5.74 6 10.77048
2 0 5.32 6 10.51295
1 0 5.29 1 10.87295
2 0 5.34 4 10.76517
1 0 5.7 6 10.76985
1 0 6.64 17 11.83388
1 0 6.76 12 11.72048
3 0 5.91 6 10.51048
0 0 5.74 6 11.08517
0 0 5.34 6 10.77048
3 1 5.25 6 11.82832
6 0 5.79 6 11.22048
0 0 4.29 4 11.58832
1 0 6.02 6 10.96164
0 0 6.95 15 11.82721
2 0 5.93 6 10.96164
0 0 5.38 1 11.08517
0 0 6.01 15 11.08396
1 0 5.34 6 10.87048
1 0 6.18 11 11.83213
2 0 6.89 15 11.08517
0 0 5.58 1 11.08048
4 2 5.69 6 11.83063
1 0 5.72 4 11.35527
2 0 5.6 6 10.51048
2 0 5.79 11 11.08048
2 0 5.6 6 10.86517
1 0 5.49 6 10.77164
2 0 5.18 6 11.35295
1 0 4.47 6 10.98295
2 0 5.58 6 11.08048
2 0 5.49 6 11.08517
2 0 5.58 6 11.58721
1 0 5.79 6 11.08048
0 0 4.61 6 11.08164
1 0 6.01 6 11.22517
2 1 7.11 17 11.83517
1 1 5.44 12 10.87048
3 0 4.58 15 11.58164
1 0 5.32 6 11.08295
0 0 5.58 4 11.58517
3 0 5.46 6 11.08295
1 0 7.23 15 11.95517
1 0 4.58 15 10.96396
1 0 6.64 4 11.22048
0 0 5.25 11 11.08048
1 0 5.79 6 11.08048
2 0 5.79 4 11.08295
1 0 5.76 1 10.28666
2 1 4.47 6 10.86517
3 0 5.96 6 11.22517
1 0 6.15 17 11.71164
2 0 6.89 15 11.83295
1 1 7.33 17 11.83295
0 0 4.61 15 11.08396
2 1 5.91 6 11.08048
1 0 6.74 6 11.83203
2 0 7.04 15 10.86517
2 2 5.4 6 11.08048
2 0 5.68 6 11.83517
2 0 5.79 6 11.2228
2 0 5.69 6 11.08295
1 0 5.53 11 11.35517
1 0 5.6 6 10.87048
2 0 5.47 6 11.34981
1 0 5.83 11 11.08517
2 0 5.79 6 11.08517
1 0 5.49 4 10.65295
1 1 5.49 6 10.66048
1 0 4.47 6 11.83164
2 1 7.35 17 11.22295
2 1 5.49 6 10.76517
1 0 6.01 12 10.95517
1 0 6.64 6 11.22048
1 0 4.55 12 10.95517
2 0 5.83 11 11.58164
2 1 5.34 6 10.51048
2 0 4.25 11 11.22164
0 0 5.61 6 11.08517
2 0 6.76 12 11.22295
1 0 5.58 11 11.35517
1 0 6.28 11 11.45721
2 1 7.11 17 11.22517
0 0 6.01 11 10.76749
1 0 5.69 6 10.95749
2 0 4.38 11 11.71517
0 0 6.64 15 11.22396
1 0 7.55 6 11.08517
1 0 5.58 6 10.86517
1 0 5.49 6 10.66048
1 0 5.25 6 10.51517
2 1 6.1 6 11.83048
2 0 6.28 14 11.82749
2 1 6.64 15 11.58164
3 0 4.47 6 11.71517
1 0 6.64 12 11.82981
2 0 5.46 6 11.35517
2 0 6.86 6 11.08048
1 0 5.49 6 11.22517
0 0 6.14 11 11.46048
2 0 6.89 15 11.58388
1 0 6.41 12 11.08164
2 0 5.36 6 10.95517
0 0 5.15 4 11.08048
5 0 5.94 4 11.08517
1 0 5.79 6 11.08048
3 0 5.58 11 11.45831
2 0 6.02 6 11.82733
0 0 5.46 6 10.66048
1 0 6.28 12 11.17164
1 0 4.47 4 10.66048
1 0 5.69 11 11.07981
0 0 5.49 0 11.22048
1 1 5.7 11 10.96048
2 0 5.6 6 11.08517
2 0 5.68 6 10.96295
1 1 6.51 12 11.58981
1 1 6.41 12 11.22164
1 0 5.68 6 10.87295
1 1 6.77 17 11.22396
2 1 5.49 6 11.08048
0 0 4.61 6 11.71164
1 0 5.34 6 10.76517
1 0 6.51 17 11.08295
0 0 5.6 6 11.58749
3 0 6.01 6 11.22517
2 0 5.57 4 11.07831
3 0 5.47 6 11.34832
1 0 6.01 6 11.08517
1 1 6.01 6 11.22517
0 0 5.34 4 10.50749
0 0 6.64 6 11.45749
2 0 6.83 12 11.82721
1 0 5.6 11 10.87048
5 1 5.44 6 10.76831
1 1 5.99 12 11.71164
1 0 7.11 17 11.58164
2 0 6.08 6 11.46517
2 0 6.51 11 11.58517
2 0 5.69 6 11.08048
1 1 5.34 6 10.87048
1 0 5.49 11 11.45832
2 0 5.79 6 11.22048
0 0 7.35 17 11.83164
2 0 6.77 11 10.66048
2 1 5.93 11 10.95517
2 0 5.83 6 10.86517
0 0 6.39 6 11.08048
2 0 4.38 6 11.83517
0 0 4.35 12 10.96295
1 1 5.34 6 11.22048
2 0 7.11 15 11.71517
1 0 5.6 6 11.35478
1 0 5.69 11 11.08517
1 0 5.49 6 10.87295
0 0 5.88 6 11.08164
1 1 5.6 6 11.08048
4 0 5.72 4 10.7761
2 0 5.6 6 10.96048
1 1 6.52 12 11.58164
0 0 4.47 12 11.2228
1 0 5.58 6 10.77295
2 0 6.89 15 11.46517
1 0 5.34 6 11.08048
0 0 5.76 6 11.82749
1 0 5.49 6 11.35048
2 0 5.88 6 11.08517
2 0 6.2 6 11.08295
2 0 5.74 6 10.77295
2 0 6.89 17 11.83164
1 0 6.45 6 11.22396
2 0 5.6 4 10.77295
2 0 6.01 12 10.96063
3 0 5.6 4 10.96048
2 0 5.77 11 10.96396
2 1 6.14 12 11.08517
1 0 5.94 6 11.22517
1 0 5.68 6 11.35295
2 0 7.23 15 11.82981
2 0 5.34 6 10.66048
3 1 5.62 6 10.86749
1 0 5.16 12 11.22981
2 0 6.01 6 11.22396
2 0 4.47 6 11.71517
2 1 5.87 8 11.08396
2 0 5.49 6 11.08048
0 0 4.61 6 11.45749
1 0 5.25 6 10.65749
2 0 6.89 17 11.83517
0 0 4.42 6 10.51048
0 0 6.41 17 11.83295
2 0 5.96 6 11.08048
1 0 5.79 6 11.22048
2 0 5.88 11 11.45733
3 1 5.39 6 10.32517
2 0 5.93 11 11.14749
1 1 5.6 6 10.87048
1 1 5.69 6 11.35517
1 0 5.6 6 11.08048
2 0 5.32 6 10.96295
2 0 6.02 11 11.58164
1 1 7.33 17 11.83295
1 1 4.47 4 11.22396
1 0 5.66 6 11.82831
1 0 6.15 6 10.87295
1 0 5.93 11 11.35164
1 0 5.62 6 11.08295
2 1 6.64 17 11.83164
1 1 7.11 15 10.86517
1 1 5.25 6 11.35396
1 0 6.67 15 11.46388
1 0 5.58 4 11.35388
0 0 5.6 6 11.22517
1 1 5.51 6 11.08295
0 0 5.88 6 10.95517
0 0 6.45 6 11.08295
1 0 5.49 6 10.95517
1 0 6.15 6 10.86517
3 0 5.6 6 11.22048
1 0 5.6 11 10.95517
0 0 5.94 1 11.22048
2 0 6.77 12 11.71164
2 0 5.58 6 10.65594
1 1 5.6 6 10.86517
2 1 4.61 6 10.87295
4 0 5.68 6 11.08164
1 1 5.84 6 11.22048
2 0 5.72 4 10.65517
1 0 5.34 6 11.35517
0 0 6.28 12 11.35517
2 0 6.49 12 10.96048
1 0 5.49 6 10.96295
