0.891797
2.141563
0.2101067
1.573487
-0.3579686
-0.5851987
-0.6988138
0.891797
-0.9260439
1.687102
-0.5851987
-1.948579
1.005412
1.687102
-0.5851987
-0.1307385
-1.948579
0.5509519
-0.9260439
1.232642
0.3237218
-0.01712341
0.2101067
1.119027
0.3237218
-0.4715836
0.5509519
0.3237218
1.573487
-0.9260439
0.5509519
-1.380504
-0.5851987
-0.1307385
-0.2443535
0.778182
0.6645669
0.09649164
1.573487
0.09649164
-0.8124288
0.891797
-0.2443535
-1.607734
1.800717
1.232642
-0.4715836
-0.6988138
0.891797
-0.4715836
-0.6988138
1.005412
-0.3579686
-0.6988138
1.005412
1.005412
-0.5851987
-0.9260439
-0.6988138
0.2101067
-0.6988138
-0.1307385
-1.494119
-0.1307385
-0.8124288
-1.607734
-0.2443535
2.482408
-0.1307385
-0.9260439
-0.8124288
2.141563
0.778182
0.4373368
-1.039659
-1.380504
-0.6988138
-1.266889
-1.721349
-0.1307385
-1.153274
-0.3579686
0.4373368
-1.153274
-0.8124288
-0.8124288
0.4373368
-1.380504
-1.266889
1.005412
-0.4715836
0.6645669
0.6645669
-0.2443535
-1.039659
-1.266889
-1.039659
-1.494119
0.5509519
0.09649164
-1.494119
0.3237218
-0.5851987
2.482408
1.800717
0.4373368
0.778182
-1.380504
-0.6988138
-0.3579686
-1.721349
-1.266889
-1.266889
1.005412
-0.1307385
-1.039659
1.005412
-1.153274
0.4373368
-0.2443535
0.4373368
0.891797
0.3237218
-0.5851987
-0.8124288
-0.6988138
0.4373368
1.346257
0.6645669
-1.380504
1.346257
-0.5851987
-0.4715836
-1.266889
0.891797
-1.153274
0.2101067
0.891797
1.232642
-0.5851987
0.2101067
-0.4715836
-1.039659
-0.8124288
-1.380504
-0.01712341
0.09649164
1.119027
-0.9260439
-0.3579686
-1.266889
-0.6988138
0.2101067
1.232642
-0.3579686
-0.4715836
0.2101067
-1.039659
-0.01712341
1.800717
1.232642
0.6645669
0.778182
1.346257
-0.4715836
-0.4715836
0.2101067
1.573487
-0.8124288
1.346257
1.346257
0.6645669
1.005412
0.891797
-0.5851987
1.914333
0.891797
0.09649164
-1.039659
0.09649164
0.09649164
-0.4715836
0.09649164
-0.1307385
2.482408
-1.153274
-0.9260439
-1.153274
-0.01712341
2.368793
0.2101067
-1.380504
-0.8124288
-0.8124288
-0.2443535
0.891797
-2.289425
-0.4715836
1.005412
1.800717
-1.380504
0.4373368
0.2101067
0.09649164
0.2101067
-0.5851987
-1.153274
0.778182
0.891797
-1.607734
-0.1307385
0.5509519
-1.039659
1.119027
-1.494119
1.119027
-0.9260439
1.573487
0.3237218
0.3237218
0.5509519
1.119027
2.027948
0.4373368
-0.4715836
-0.8124288
0.3237218
-1.494119
-1.721349
-0.8124288
-0.5851987
0.09649164
-0.2443535
1.346257
1.119027
0.2101067
0.6645669
-0.6988138
0.5509519
-0.9260439
1.573487
-0.2443535
-0.6988138
-0.5851987
-1.266889
0.09649164
-1.721349
-0.6988138
-1.153274
-1.266889
0.4373368
0.09649164
-0.9260439
-0.8124288
-0.01712341
-1.153274
-0.4715836
1.800717
2.141563
0.5509519
0.3237218
-1.948579
0.891797
0.3237218
-0.2443535
1.005412
-0.4715836
0.4373368
0.09649164
-0.01712341
0.6645669
-1.494119
0.2101067
0.3237218
-1.266889
-1.039659
1.232642
-0.4715836
-1.266889
0.3237218
-1.153274
-0.9260439
1.914333
-0.6988138
-1.153274
0.2101067
-0.01712341
-1.153274
0.5509519
-1.494119
0.09649164
1.573487
0.3237218
-0.9260439
0.2101067
1.459872
-0.9260439
0.2101067
1.573487
-0.9260439
0.6645669
1.005412
-0.6988138
1.459872
0.09649164
-1.266889
-0.3579686
-0.01712341
-1.266889
1.573487
0.4373368
-0.2443535
0.6645669
0.2101067
-1.153274
0.6645669
1.687102
-0.3579686
-0.4715836
-0.9260439
-0.1307385
-0.2443535
-0.9260439
-0.4715836
1.119027
2.141563
0.09649164
1.914333
-0.01712341
-0.2443535
-0.1307385
-0.9260439
1.573487
-2.175809
0.09649164
-0.6988138
0.5509519
-0.4715836
-0.9260439
0.2101067
-1.153274
0.3237218
-1.721349
-0.4715836
-0.3579686
0.3237218
0.778182
0.09649164
0.5509519
0.3237218
0.3237218
1.459872
-0.1307385
1.800717
0.2101067
-0.01712341
-0.5851987
-0.1307385
-1.153274
-1.721349
0.2101067
0.09649164
-1.266889
-0.9260439
-1.039659
-1.494119
-0.01712341
-1.039659
-1.380504
-0.8124288
-1.266889
-1.039659
-1.380504
0.2101067
-1.380504
1.459872
-0.01712341
0.3237218
1.232642
-1.266889
-0.2443535
1.119027
-1.153274
-1.266889
-0.1307385
-1.266889
1.800717
0.778182
1.459872
0.6645669
-1.380504
-0.4715836
-0.2443535
-0.5851987
-0.6988138
-0.6988138
1.914333
-1.039659
-1.153274
0.5509519
0.891797
-0.4715836
-1.607734
-1.380504
-0.01712341
-0.2443535
0.2101067
-1.153274
0.3237218
-1.153274
-0.5851987
-0.5851987
0.4373368
-0.6988138
-0.8124288
0.778182
-0.3579686
-1.607734
0.09649164
1.459872
-1.494119
1.346257
0.09649164
-0.5851987
0.5509519
0.5509519
0.4373368
-1.266889
-0.01712341
-0.5851987
2.141563
0.4373368
-1.153274
-1.380504
-0.1307385
0.6645669
-1.494119
-2.289425
-1.607734
-0.2443535
-1.721349
0.3237218
-0.01712341
0.3237218
-0.1307385
-1.039659
-0.01712341
-0.6988138
0.891797
2.482408
0.4373368
0.6645669
0.778182
-0.5851987
0.2101067
-0.8124288
0.09649164
-0.2443535
1.119027
0.2101067
0.2101067
-1.266889
1.914333
2.141563
1.232642
1.573487
0.09649164
-1.380504
-1.039659
1.914333
-1.266889
-0.9260439
2.482408
-0.4715836
-0.3579686
-0.9260439
-0.5851987
-1.266889
-0.3579686
0.2101067
0.2101067
0.3237218
-0.2443535
0.2101067
-1.834964
-0.8124288
2.482408
-1.153274
-1.039659
0.778182
1.119027
0.891797
-1.153274
-0.2443535
2.027948
2.482408
1.232642
-0.8124288
-0.2443535
-0.8124288
-0.9260439
-0.3579686
-0.01712341
0.09649164
-0.5851987
-0.4715836
0.2101067
-2.175809
-1.039659
-0.01712341
1.119027
0.891797
0.5509519
0.5509519
-1.380504
1.346257
1.687102
-0.1307385
0.6645669
-0.6988138
1.119027
0.5509519
-0.4715836
-0.01712341
0.891797
-0.9260439
-1.153274
-0.1307385
-0.4715836
2.255178
1.573487
-0.3579686
0.778182
-0.01712341
-0.1307385
0.4373368
-0.5851987
-0.5851987
0.5509519
0.891797
-1.266889
1.914333
1.573487
-1.834964
-0.4715836
0.2101067
0.6645669
0.2101067
-0.1307385
-1.266889
-0.9260439
0.3237218
0.5509519
-0.1307385
-0.1307385
-1.039659
1.119027
-0.5851987
-1.153274
-0.3579686
0.09649164
0.2101067
1.459872
-0.9260439
0.2101067
1.005412
0.5509519
0.891797
-0.2443535
-0.3579686
-0.5851987
-0.8124288
-0.6988138
-0.1307385
-1.948579
-0.2443535
-1.039659
-1.039659
-0.1307385
0.5509519
-0.9260439
-1.607734
1.687102
0.778182
-0.4715836
-0.6988138
-0.6988138
-0.8124288
1.005412
0.3237218
-2.062194
-0.1307385
-0.2443535
-0.01712341
1.346257
0.2101067
0.4373368
-0.5851987
-0.9260439
1.005412
2.027948
0.5509519
-0.01712341
1.346257
-0.5851987
-0.8124288
0.778182
-0.5851987
0.09649164
-0.5851987
0.4373368
-0.9260439
0.778182
1.573487
0.778182
-1.266889
-1.721349
-0.8124288
-0.3579686
-1.721349
-1.380504
-0.5851987
1.005412
0.4373368
-0.8124288
0.891797
-0.8124288
0.3237218
2.368793
0.3237218
-0.9260439
-0.01712341
0.2101067
-1.834964
0.6645669
-0.8124288
0.778182
-0.01712341
0.6645669
-1.380504
-1.266889
-1.153274
-0.2443535
-0.1307385
0.778182
1.914333
0.6645669
2.027948
-0.4715836
0.2101067
0.3237218
1.459872
-0.1307385
-0.4715836
-0.8124288
-0.3579686
0.2101067
-0.6988138
-0.01712341
-1.039659
-1.266889
-1.153274
0.2101067
-0.1307385
0.2101067
0.778182
0.891797
0.2101067
0.6645669
0.09649164
1.119027
0.09649164
-1.153274
0.5509519
0.891797
1.005412
1.459872
-1.494119
-0.3579686
0.3237218
0.778182
-0.3579686
-0.01712341
-0.2443535
0.6645669
-0.6988138
0.09649164
0.5509519
-0.4715836
-0.01712341
0.778182
-1.153274
-1.607734
-0.5851987
0.3237218
1.232642
-0.2443535
0.4373368
-1.153274
0.5509519
1.005412
-0.4715836
1.346257
0.891797
-1.039659
-0.3579686
0.4373368
0.778182
0.6645669
-1.039659
1.914333
0.3237218
0.2101067
-0.8124288
0.09649164
-0.6988138
0.2101067
-0.1307385
1.573487
-1.039659
1.573487
0.09649164
1.005412
-0.3579686
0.5509519
-1.948579
0.4373368
0.5509519
-1.266889
-0.2443535
0.5509519
-0.1307385
-0.2443535
-1.494119
-0.5851987
-0.2443535
-0.01712341
-0.2443535
-1.266889
-0.2443535
0.5509519
0.6645669
1.573487
-0.8124288
0.09649164
2.368793
0.5509519
-0.4715836
-0.5851987
-0.4715836
2.368793
-1.494119
-0.1307385
0.5509519
1.346257
-0.4715836
0.09649164
1.005412
1.005412
-0.01712341
-0.1307385
-0.01712341
-1.039659
-0.9260439
-0.8124288
0.2101067
-1.153274
0.4373368
-1.039659
0.3237218
-0.6988138
-1.494119
-1.153274
-1.494119
0.6645669
0.6645669
1.687102
0.09649164
-0.3579686
-0.2443535
1.573487
1.005412
-0.2443535
1.232642
-1.153274
-1.153274
0.6645669
0.2101067
0.09649164
0.4373368
-0.9260439
0.3237218
-0.9260439
-0.1307385
0.09649164
-1.380504
-0.4715836
1.346257
-0.8124288
0.778182
1.346257
0.2101067
-0.5851987
-0.3579686
-0.3579686
-1.039659
-0.8124288
2.482408
-0.3579686
-0.5851987
-1.266889
1.232642
0.09649164
-0.4715836
0.09649164
-0.2443535
-1.380504
0.2101067
-0.3579686
1.232642
-0.9260439
-0.01712341
-1.721349
-0.4715836
1.687102
-0.5851987
0.5509519
-0.9260439
-0.3579686
0.2101067
1.800717
1.573487
2.368793
-1.153274
-1.494119
-0.2443535
-0.1307385
-0.3579686
1.573487
1.005412
0.2101067
2.368793
-1.380504
0.6645669
-0.3579686
-0.1307385
0.4373368
-0.2443535
-0.4715836
1.232642
1.005412
0.6645669
0.891797
-1.380504
-0.9260439
0.6645669
-0.3579686
-0.8124288
1.459872
2.255178
-0.4715836
0.2101067
1.005412
1.459872
-0.6988138
1.459872
-0.6988138
-0.2443535
-1.266889
-1.153274
0.2101067
-0.3579686
0.09649164
-0.3579686
1.232642
-0.01712341
-0.4715836
-0.01712341
1.573487
0.778182
-0.01712341
-0.01712341
-1.039659
0.3237218
-0.01712341
1.800717
-0.6988138
1.232642
0.09649164
1.459872
0.2101067
-0.1307385
0.891797
-0.01712341
-1.266889
-1.494119
-0.9260439
-1.380504
1.800717
-1.153274
-0.8124288
-1.153274
0.09649164
-0.01712341
0.3237218
0.4373368
0.2101067
-0.6988138
-0.1307385
1.119027
1.119027
1.005412
2.255178
-0.6988138
-0.8124288
0.09649164
-1.380504
-1.153274
-1.153274
-0.5851987
-1.266889
0.5509519
-1.153274
2.141563
-0.9260439
-0.4715836
1.119027
2.255178
-1.039659
-1.834964
0.891797
0.778182
0.09649164
0.09649164
0.3237218
-1.039659
0.891797
0.4373368
1.687102
-0.4715836
-0.6988138
0.4373368
0.09649164
-1.380504
0.6645669
-1.721349
0.3237218
0.09649164
-0.4715836
-0.3579686
-1.948579
-1.266889
-1.153274
-1.494119
-1.607734
0.3237218
0.09649164
-0.9260439
-0.1307385
0.6645669
-1.039659
-0.2443535
-0.5851987
-0.9260439
-1.266889
1.119027
1.232642
-0.1307385
0.891797
-1.607734
-0.9260439
-0.4715836
-0.6988138
2.482408
-0.4715836
0.6645669
-1.039659
1.573487
1.005412
-0.6988138
2.255178
-0.8124288
0.2101067
-0.01712341
-0.5851987
-0.9260439
0.6645669
-0.8124288
0.09649164
0.891797
-0.4715836
0.2101067
-0.4715836
-1.266889
2.368793
0.3237218
0.4373368
1.687102
0.6645669
-0.01712341
-1.380504
-0.1307385
-0.01712341
0.6645669
2.255178
1.687102
1.573487
-0.5851987
-0.3579686
-0.5851987
-0.5851987
0.6645669
1.573487
-0.2443535
-0.01712341
2.255178
0.778182
0.6645669
-0.1307385
1.914333
0.4373368
-0.01712341
-0.8124288
0.778182
-1.039659
-0.4715836
-1.266889
0.2101067
-0.5851987
-1.153274
1.573487
0.891797
-0.01712341
1.005412
-0.5851987
-0.4715836
-0.1307385
-0.6988138
0.3237218
0.09649164
-0.1307385
-0.4715836
-1.380504
0.778182
0.5509519
-1.153274
-0.6988138
-0.6988138
-0.1307385
2.027948
-1.153274
-1.153274
2.027948
-1.380504
0.6645669
1.687102
1.119027
0.891797
0.3237218
1.573487
1.232642
0.2101067
-0.3579686
-0.4715836
1.005412
1.687102
0.6645669
0.891797
2.141563
-1.266889
1.232642
2.368793
-0.9260439
-1.153274
0.5509519
-0.9260439
0.5509519
-0.01712341
-1.607734
1.800717
-0.2443535
-0.5851987
0.5509519
-0.8124288
-0.8124288
-1.153274
0.2101067
0.09649164
0.09649164
0.2101067
-0.01712341
0.09649164
-0.3579686
0.09649164
2.255178
0.09649164
0.6645669
-0.8124288
-2.062194
1.573487
-0.01712341
-0.3579686
-0.1307385
1.119027
-1.380504
0.2101067
0.6645669
-0.01712341
0.778182
-0.5851987
-0.01712341
0.4373368
-0.1307385
1.459872
1.005412
1.005412
-1.266889
-0.6988138
2.482408
0.2101067
-1.380504
-1.948579
-0.5851987
0.891797
1.573487
-1.607734
-0.01712341
1.005412
-0.5851987
0.2101067
0.3237218
1.687102
-0.6988138
-0.4715836
0.5509519
0.6645669
-0.4715836
1.687102
-0.8124288
-0.01712341
0.4373368
-0.8124288
1.346257
1.687102
0.2101067
-0.01712341
0.891797
-0.9260439
-0.1307385
-0.3579686
0.3237218
-0.4715836
-0.9260439
-0.9260439
0.09649164
-0.8124288
1.573487
0.6645669
0.778182
-0.2443535
-0.8124288
1.687102
-0.01712341
-0.8124288
-0.01712341
0.09649164
1.800717
-1.153274
-0.1307385
-0.6988138
0.2101067
0.5509519
1.346257
0.4373368
0.4373368
1.914333
1.346257
-2.062194
-1.153274
0.4373368
-1.266889
0.5509519
0.6645669
0.09649164
2.482408
-1.266889
-1.380504
1.346257
1.232642
1.687102
-0.5851987
0.2101067
-1.039659
-0.2443535
0.3237218
-1.266889
-0.9260439
1.119027
-1.039659
0.5509519
1.346257
1.005412
-1.494119
-0.2443535
-0.01712341
-0.3579686
-0.4715836
1.687102
0.891797
-0.2443535
0.09649164
1.119027
2.255178
-1.721349
1.119027
0.09649164
1.914333
-1.039659
0.2101067
1.119027
0.3237218
-0.8124288
1.119027
-1.153274
0.4373368
1.119027
-1.153274
-0.3579686
0.3237218
2.368793
-1.266889
-0.5851987
-0.8124288
-1.153274
0.3237218
-1.153274
-0.9260439
-0.1307385
-0.6988138
-0.8124288
-0.2443535
2.027948
-1.153274
0.891797
-1.153274
2.141563
-0.01712341
0.09649164
-0.1307385
0.5509519
-0.9260439
-1.607734
-0.01712341
-0.5851987
-1.153274
1.687102
0.5509519
-0.1307385
-0.1307385
-0.4715836
-0.4715836
0.2101067
1.005412
0.4373368
-0.6988138
1.346257
-1.039659
-1.266889
1.005412
0.09649164
-0.01712341
-1.721349
1.119027
-0.8124288
0.6645669
2.141563
-1.948579
-0.3579686
2.255178
-0.3579686
1.800717
-1.266889
0.778182
0.6645669
-1.039659
-1.153274
1.687102
-0.5851987
-0.2443535
-0.01712341
-0.8124288
0.5509519
0.891797
0.891797
-1.607734
0.3237218
-1.039659
-1.039659
-1.266889
2.368793
0.4373368
-0.6988138
1.459872
-1.039659
0.5509519
0.778182
1.119027
1.005412
-1.266889
0.09649164
1.573487
0.09649164
1.005412
-0.5851987
0.09649164
0.891797
0.6645669
-1.494119
-1.948579
0.09649164
-0.01712341
-0.3579686
-0.8124288
0.3237218
-1.494119
0.5509519
-0.5851987
-0.6988138
0.4373368
-0.6988138
0.6645669
0.6645669
-1.607734
-1.266889
0.5509519
0.09649164
-0.1307385
1.687102
0.778182
0.5509519
1.687102
0.891797
-0.6988138
-0.6988138
-0.1307385
-1.266889
0.5509519
0.3237218
-0.1307385
-1.153274
-0.2443535
-0.9260439
-0.6988138
0.6645669
1.346257
1.914333
1.119027
-0.8124288
-1.266889
-0.6988138
0.2101067
-0.01712341
-0.5851987
0.778182
-0.2443535
-1.494119
-0.4715836
-1.039659
0.2101067
-0.8124288
-1.039659
-1.039659
1.346257
-1.380504
-0.8124288
-0.3579686
-1.380504
-0.3579686
-0.4715836
1.119027
1.346257
-1.039659
1.914333
1.687102
0.09649164
1.800717
0.6645669
-0.6988138
0.5509519
-0.5851987
-0.4715836
-1.153274
-1.039659
-0.2443535
0.3237218
0.09649164
-1.266889
-1.039659
-0.5851987
0.891797
