1561136
1937467
1281747
1562827
1963875
1793679
2723850
2555016
1435997
1319913
1755386
1273075
3010819
1715702
2510012
1782285
1918343
752973
842259
1653007
1661618
2519670
2284484
1501132
2397131
2035130
636276
3249287
1785293
1285542
1701052
1992484
2050012
2110009
2446162
1029045
1110552
1332150
1601406
2771469
734079
3148317
2376394
2555688
2170485
1604671
1208060
2789511
1026217
1058836
2089333
4057947
2415189
3056139
1309618
1641661
1363801
2561831
2577351
1502494
2539240
2102173
873603
3227657
4001527
534672
2418483
2767601
1933505
980129
3891014
2297327
1856396
1246863
2732745
2482428
1892386
1509727
2136192
1690869
2049908
1338851
2045784
2286609
1090728
1206776
1805716
2287942
1616709
1501293
3192237
1304052
2653763
1478729
2797409
755083
1427460
1803568
1359856
2261158
2320651
780593
2185205
1270018
1850324
2637563
845693
2061222
1701796
1833246
1411610
1475934
1680265
1278215
1983904
2350181
3292736
1688080
3711132
3789347
1609773
1519671
469090
2161537
2164307
2084546
2317914
1025945
1290963
2132821
1797438
2916346
2491942
1114262
1431651
2057911
3077400
3404750
1979320
2654718
2297720
3375883
1427007
1724892
2035025
643679
1106043
1506896
1423963
1327155
1173292
2161534
768941
2042071
2681156
1820521
2231551
1411064
2704794
2423149
495355
3884725
1447963
1681009
1682783
2552753
3464488
3080980
2860954
3646950
2243791
2059701
1275978
2081976
1193902
1127924
2261845
2416965
918106
2278217
1629736
1288048
1255453
964106
3225334
1373087
1695270
1947799
2402997
2162717
1066825
2372377
1023037
1861428
1973176
1070771
2567427
1724146
1142145
2250877
1154432
715394
519414
1728888
2037448
2284464
2147905
2778429
773500
1334599
1923238
2190308
2353114
2455477
2454283
1114938
1581901
3347845
2427672
2532497
824789
2647291
1866713
1613031
2065302
2468574
1676403
946651
1196894
619970
3134824
1062069
3194092
1034819
3095346
818179
1165980
3467299
1045651
522919
2519107
800655
1211412
2022450
926263
1164982
1560950
1070521
773277
1838413
2629708
1192073
1606531
1251530
926373
1643203
644273
2006436
2533752
1704608
2555901
833891
1351962
2464851
2210352
1225240
1934578
1528748
3019654
1225916
1819886
1224094
1927448
3318174
1751584
1669127
2706017
1168610
1479717
731531
2072528
1577481
1990041
2198231
1752900
2535208
1441718
1002157
1326528
1250722
1011644
661395
940858
3888453
2400892
1467020
2026441
2340925
1471805
2807360
769369
1481002
1558555
1852603
2132387
1501122
2844328
1607516
737156
1237349
1917168
1468754
1469247
1630929
1273183
1233530
2062693
1730566
2606354
2766251
1646757
2713493
2422021
2277438
512970
1115749
1200365
1400494
2290971
1010247
3281511
1638023
1549052
744190
2208175
519161
3319504
526999
1692432
1349328
1612769
2048673
2944653
2111906
1184783
2696299
1261887
2523575
1737478
2651650
1970735
1837649
1424313
662974
2128339
626354
1525311
1636058
3234301
1971421
2057460
2017601
1511223
1740477
2147641
2562435
1829395
1128981
1641437
1067996
1746767
2051853
953857
955741
1608509
2081162
541789
948776
4483350
1975528
1978896
1253444
1019134
1280702
1136879
1721406
2700070
1374141
874292
1134255
844447
1811548
1001545
2539349
2945228
1677915
2842745
987991
1539815
2934154
1748680
1491100
707656
1294941
3336493
2918710
1808648
1196152
1863733
1900312
2480150
1070404
2061830
2392471
1734276
2919046
1478659
958667
1845208
907499
2107655
1804289
2889020
2064594
3390037
1766174
2134185
3072122
1598692
1866544
1439834
1149144
1830350
2381292
2364387
1573621
1024106
740720
632274
914717
1785788
2187886
2287335
2066977
1310927
2416236
1756727
1162727
1660738
981085
966328
1262103
1375432
626868
1678921
917269
2320794
2214587
2589297
693047
1857408
306763
1109560
1651367
2907933
2257976
1177318
1670107
2535359
535418
2900217
1048411
2980262
1985910
1650593
1242692
914993
3433150
908292
2892799
1678732
1595278
1697142
1044021
1801985
1268399
2119935
3170392
2775011
2633701
1360265
1112774
2523538
1299163
1779534
836204
1302527
2244616
2468925
1562585
495599
1015378
1075518
2761601
1198175
1783533
1433757
910784
1217402
3064847
921186
2002357
886146
2477700
1748587
1353281
1365157
2164410
1200948
1611459
1351705
933690
1218326
2586032
3285710
1785297
655181
1059715
1748737
1748908
1060379
3315330
769465
1834908
2175373
834193
2335871
902414
2537765
3295128
3885284
1543656
2800221
3089201
1040805
1735489
1458320
1222520
2583389
2697479
921323
2253123
3284897
1345341
2356933
1376269
1835692
3002396
1087560
1341947
615107
1560998
1591073
1895846
2826483
2580325
2581091
1909244
2293842
1456402
3456278
778232
1161193
2627417
1614353
870372
1437352
1588323
704244
1867689
1012164
2942516
2644305
1000917
2623000
3098475
2314250
2320643
2318292
2288714
758388
557513
2140217
1213357
565637
2667225
1995174
3188454
858002
1918265
1767330
2136988
1006774
818697
1241500
1692002
1669888
1104206
1190419
1077898
1077741
1093730
1128696
1139026
2177908
1057667
2089034
962572
1512622
1400327
1842695
2632474
3567819
1202829
1024247
1912390
1657022
1243080
1279403
2126720
797901
1627256
708247
1276250
1000763
2450451
2041219
1363469
2471974
1264218
1750395
2448699
1249278
1933335
2725668
2473266
1517638
1398565
662401
1180979
1775818
1909233
3644965
977039
1930415
1722209
729752
1338511
3481065
1435454
900365
1534564
2813854
2315946
1956092
1385147
1897681
1174310
677944
2266680
1825337
1506068
1909902
2634014
1873183
1454061
750802
904494
1006320
1432633
3055445
600440
1033827
2927409
1857351
1184314
3137674
1784527
1494875
1409391
1675556
1265041
1195769
686085
858939
2226136
1860858
1786633
1434610
591361
1495785
2268030
1369421
1078848
2386301
905517
872464
2065444
1864782
1899437
2103092
2043598
2279355
611826
1298443
2046781
589546
1834619
1151836
1861985
3361350
1022398
1075399
848089
1058609
1261589
1092158
655156
1801677
1151471
1700466
1638752
3030672
800584
2528986
3608881
2078399
3510313
1321282
2503198
1394004
1112497
1651814
934742
1714893
1497609
850076
813537
1442995
778355
1323036
646704
1574046
2009031
3348170
3023208
1007328
1126145
1057069
2901242
1950124
1051863
2244956
788905
2100110
1314646
2559573
1556411
1148380
1444027
1567787
1659287
3600412
2012434
1424683
1232339
1413922
1051724
1275887
1441545
1343329
2494160
1229862
1058163
1810018
1212608
4028318
1149596
2453232
2955087
3685194
1697398
3264593
2315231
2573225
1648587
769206
1350137
1829636
2043993
1642705
1387181
3468456
1391146
519987
1859102
2595175
1657135
1207079
2219110
1674993
1925634
877440
1705263
914945
1763053
2800147
1102471
2255493
3034129
1975888
1096115
1490638
1058206
2315603
1456967
2655872
984930
899950
787878
700056
2163464
647744
2074549
2343947
735900
1821815
1458478
