8.85195
8.135933
9.277251
8.483016
9.090768
9.112176
7.30317
8.160804
8.154788
8.591558
8.207129
8.523175
9.17637
9.376787
9.199886
8.217708
8.011687
8.904902
8.240649
8.15191
8.17948
8.048788
8.964184
8.631771
8.999002
8.950403
7.277248
9.008836
9.081142
7.145984
7.117206
9.254357
7.026427
8.364275
7.969704
8.964184
7.16935
8.190077
8.115521
9.008836
8.190077
8.654866
9.540579
7.293698
8.641532
7.395108
7.182352
8.5413
7.395108
8.692994
9.2193
8.523175
6.874198
8.706325
7.171657
8.160804
7.339538
7.104965
8.999002
7.46049
7.507141
9.127285
9.199886
8.628019
8.071531
9.142276
8.745921
7.129298
8.216358
8.037543
7.319865
8.327968
7.138867
8.67163
7.346655
7.730175
8.973985
8.140898
8.198364
8.665613
8.668196
7.578657
7.190676
8.310415
8.274102
6.874198
9.277251
9.343034
9.198774
9.267477
8.679482
7.091742
6.688355
8.23695
8.202756
9.116799
7.349231
9.137017
8.16877
7.555382
7.285507
9.653872
8.137688
9.042513
8.715224
8.601718
9.171496
8.235626
9.18574
8.099554
8.275122
9.296518
9.15197
6.688355
9.286931
7.319865
9.090768
7.374629
6.684612
8.946375
8.482809
9.267477
6.986566
7.121252
9.343034
8.555067
6.558198
7.836765
8.863899
8.5413
9.367002
9.680844
9.352794
7.40001
9.267477
8.157657
8.36637
8.842027
8.825413
7.138867
7.26333
6.639876
8.834483
7.315218
8.364275
7.338888
8.238801
6.73578
7.291656
9.121837
9.072801
8.649098
8.256088
9.090768
9.15694
8.292799
7.399398
8.5413
7.387709
8.665613
8.200563
6.684612
7.882692
8.5413
9.031094
7.198184
9.081142
8.311398
8.725832
9.19928
6.96319
8.160804
7.046647
7.776115
8.258681
8.641532
6.823286
7.108244
6.586172
9.166702
9.121837
8.268732
7.360104
8.160804
8.811205
8.430545
6.779922
8.759669
8.61432
9.165657
8.072467
8.37908
7.088409
7.465655
8.781402
6.902743
8.135933
7.010312
9.26587
9.100414
8.58167
8.840001
8.903543
7.251345
8.707979
6.458338
8.16877
7.044905
7.30317
6.956545
9.081142
8.85195
8.580356
8.347827
7.285507
8.555067
8.248267
8.207129
7.258412
7.089243
6.630683
9.279213
7.373374
8.673342
8.448272
8.36637
8.76655
8.836665
7.403061
9.127285
8.192847
7.046647
8.389587
9.237177
7.32975
8.088255
7.021976
8.20303
8.745921
7.134891
9.18122
9.060796
9.53061
8.568456
6.823286
8.275122
9.195531
7.317212
9.137985
7.28756
8.825413
8.198364
8.222016
6.760415
8.34498
9.237177
8.234034
7.434257
7.36518
8.222016
9.20964
8.759669
8.193124
8.807173
9.184304
7.480428
8.555067
6.779922
8.5413
8.555067
8.778788
7.258412
6.558198
9.550449
8.790573
8.377011
8.467793
9.246865
7.26333
6.712956
8.668196
9.123584
9.09885
8.5413
8.506739
8.61432
9.540291
9.174299
7.001246
7.026427
9.090768
7.986845
9.267477
8.216358
8.256088
9.15694
9.032648
8.679482
8.140898
8.133587
8.136811
9.080346
8.461046
8.840001
7.21891
7.156956
8.68896
8.875706
