0.81 2 3 2
0.57 5 4 2
1.01 2 2 1
0.8 6 3 1
1.01 6 4 2
1 5 2 2
0.25 3 1 3
0.5 3 5 1
0.53 3 2 1
0.78 5 2 1
0.56 3 2 2
0.73 5 2 1
1.02 3 3 1
1.01 3 4 2
1 4 5 1
0.55 3 5 3
0.5 4 2 1
0.75 1 5 1
0.58 5 1 2
0.56 4 5 3
0.51 3 5 1
0.52 5 4 2
1 6 3 1
0.7 4 4 3
1 6 2 1
0.85 4 4 2
0.35 4 2 1
1.01 6 2 3
1 6 4 2
0.34 4 3 1
0.27 5 1 3
1 4 4 2
0.31 6 2 1
0.6 5 1 1
0.56 6 5 1
1 6 3 2
0.3 6 1 3
0.55 5 1 1
0.52 2 3 2
1.01 6 2 2
0.55 3 2 1
0.73 2 3 1
1 3 1 1
0.29 4 1 3
0.72 5 4 2
0.31 3 4 3
0.34 5 2 1
0.7 4 2 1
0.31 2 5 3
0.72 2 2 1
1.02 4 5 1
0.73 5 2 1
0.19 1 5 3
0.73 4 4 2
0.3 1 3 1
0.5 2 2 1
0.35 4 5 3
0.3 5 5 3
1 6 2 2
0.35 2 2 1
0.35 3 4 3
1 4 3 2
1 4 5 2
0.71 3 2 1
0.56 3 3 2
1 5 5 3
0.7 2 5 2
0.23 2 1 3
0.53 3 5 1
0.52 6 1 3
0.3 2 2 1
0.55 2 5 1
0.3 4 2 1
0.86 5 3 2
0.34 3 2 1
0.4 4 1 3
1.01 6 3 1
0.5 4 4 1
0.52 3 5 1
0.7 4 4 2
0.74 4 5 1
0.41 3 2 1
0.33 2 3 1
0.54 3 4 1
0.53 1 2 1
0.19 3 1 3
1.01 2 2 2
1 1 2 1
0.76 1 1 1
1 3 5 2
0.71 2 2 1
0.32 4 3 1
0.18 4 1 3
0.5 3 4 2
0.57 4 5 1
1.09 6 5 2
0.31 2 2 1
1.01 4 3 2
0.55 4 5 2
0.4 3 2 1
0.3 3 5 3
1 1 4 1
0.6 4 3 2
1.01 6 5 1
0.76 3 5 3
0.8 6 5 1
1 4 2 1
0.59 4 5 1
1 2 3 1
0.5 3 2 1
0.6 4 2 2
1.03 2 2 1
1.01 5 5 2
0.18 4 1 3
1.02 3 5 2
0.3 4 4 1
1.01 5 3 3
0.27 3 1 3
0.19 4 4 3
0.9 3 2 1
0.58 2 4 3
1 2 2 1
0.25 6 1 3
0.29 6 1 3
1 2 5 2
0.71 3 3 1
0.18 4 5 3
0.48 4 5 1
0.82 4 5 2
0.7 3 3 1
1 3 4 2
1.01 1 4 1
1.01 2 5 2
0.34 3 5 3
1 3 5 1
0.52 1 3 1
0.66 5 4 2
0.77 3 4 1
0.85 3 3 2
0.26 3 5 3
0.31 4 5 1
0.18 3 5 3
0.7 2 4 2
0.33 5 1 3
0.6 3 2 1
0.26 3 1 3
0.64 5 5 2
0.19 4 1 3
0.32 3 2 1
1.01 5 2 1
0.81 2 4 2
0.84 5 3 1
0.51 3 4 2
1.01 6 4 1
1 5 4 2
0.53 3 4 2
0.36 3 2 1
0.7 5 5 1
0.41 6 4 3
0.7 2 2 1
0.65 6 5 2
0.19 3 5 3
0.47 3 5 3
0.7 5 5 1
0.85 3 4 2
0.31 6 1 3
1 5 3 1
0.56 2 5 3
0.71 1 2 3
1.06 5 5 2
0.21 3 1 3
0.5 2 2 1
0.25 5 1 3
0.48 3 2 3
0.7 6 3 1
0.72 5 4 1
0.21 1 2 3
0.34 5 3 1
0.18 5 1 3
1.01 3 3 1
1.01 5 2 2
0.56 2 2 1
0.45 6 2 1
0.5 2 2 1
0.89 5 2 1
0.74 5 3 1
0.2 4 1 3
0.71 1 2 1
0.7 4 5 2
1.04 6 1 1
0.51 4 2 1
0.75 6 2 1
0.22 2 1 3
0.43 5 5 1
0.63 2 1 1
0.23 4 1 3
0.57 5 4 1
0.24 5 1 3
1.04 3 2 1
1.02 5 3 2
0.73 3 3 2
0.8 4 5 2
0.81 5 1 2
0.34 4 2 1
0.8 5 2 2
0.2 4 3 3
0.55 4 5 1
0.23 3 1 3
0.36 5 5 1
0.19 2 1 3
1 5 3 2
0.81 3 2 2
0.7 4 5 3
0.73 6 2 1
0.3 4 4 3
0.71 5 5 1
0.58 4 4 3
0.56 3 2 1
0.37 5 2 1
0.28 6 1 3
0.19 5 1 3
1 3 2 1
0.35 3 2 1
0.62 2 4 1
0.75 6 5 1
0.66 5 4 1
0.8 5 5 2
0.86 5 5 1
0.31 1 2 1
1 4 3 1
0.62 6 5 2
0.21 2 1 3
0.63 4 5 1
1.01 3 2 1
0.4 5 2 1
0.57 3 3 2
0.26 6 1 3
0.5 4 1 3
0.7 3 4 1
0.35 5 3 1
1.01 4 2 3
0.8 3 1 2
1 1 5 2
0.72 3 3 1
0.21 4 1 3
0.6 5 4 2
1.01 2 3 1
0.41 6 5 3
1.06 5 3 1
0.32 5 1 3
0.85 3 3 1
0.52 2 2 1
0.51 2 5 3
0.19 3 4 3
0.58 3 4 3
1.01 3 2 2
0.54 2 2 1
0.34 2 2 1
0.3 2 5 3
0.51 3 4 3
1.01 4 5 2
0.71 4 1 2
0.61 5 5 2
0.9 6 5 1
1.06 4 3 1
0.34 3 4 3
0.71 5 5 2
0.2 1 2 3
0.7 4 2 1
0.71 5 5 1
0.81 4 2 2
0.37 3 3 1
0.2 4 2 3
1 2 4 2
0.82 3 3 2
0.7 5 3 2
0.64 4 4 1
1.02 3 2 1
0.31 3 2 1
0.18 3 4 3
0.74 5 4 2
1 4 3 1
1.07 6 5 1
0.7 3 3 1
0.82 6 3 1
0.7 3 2 1
1.01 1 5 2
1.1 5 3 1
0.33 6 3 1
0.31 5 3 1
1.01 5 3 1
0.46 2 5 1
1 2 2 2
0.53 3 5 2
0.51 3 4 1
1 3 3 1
1 6 5 2
0.71 3 5 1
0.5 4 4 2
0.53 4 5 1
0.52 3 2 1
1.05 6 5 1
0.73 6 4 1
0.8 3 2 2
0.26 3 4 3
0.25 4 1 3
0.78 4 5 3
0.83 2 3 1
