-0.73782
1.292242
2.202587
0.129677
0.88486
2.052465
1.38244
1.295429
1.687583
0.401611
1.840656
1.698293
0.776304
0.459431
0.833393
0.555762
0.435936
1.111288
0.311999
-0.30592
0.827605
0.311999
0.807076
1.159297
1.43123
1.692595
0.703478
0.769336
0.507971
1.877137
0.707642
1.50944
-0.12521
2.551244
1.948529
1.595399
0.843444
0.323135
1.22829
0.555762
0.928966
1.321532
0.401611
0.750987
0.837713
0.283828
1.718913
1.230371
0.535142
1.02065
0.797507
0.323833
0.46615
1.22829
0.822825
0.24746
0.932239
1.287891
0.024317
0.726107
1.376171
0.352821
-0.697
-0.72598
1.052944
0.401611
0.044936
1.27708
0.181549
0.746452
1.08639
1.248909
1.193198
1.22829
1.131126
1.094758
0.348813
0.444171
0.807076
-0.13811
1.094758
1.415963
0.101506
1.584965
0.405525
1.787905
2.09806
1.163673
-0.85115
0.535142
0.702538
0.543441
0.689293
0.401611
1.317267
0.219289
0.889314
0.710184
0.759026
1.007747
0.938383
0.401611
0.784603
0.951657
0.713986
1.005146
1.444744
0.448131
0.605912
0.555762
-0.74246
0.332618
1.915517
0.4551
0.822825
1.321532
2.573834
0.178467
1.272625
0.548114
0.024317
1.122929
1.604083
-0.10921
1.319805
0.283828
-0.66882
0.689293
1.714507
0.583933
1.38244
0.689293
2.075587
0.912437
0.927325
1.622581
1.094758
2.056204
0.890377
2.367324
0.940608
1.450722
1.007747
0.793653
1.148825
0.19867
0.854808
0.899014
1.832719
-0.00385
0.428458
0.401611
1.120612
-0.0222
1.819158
-1.47976
1.781216
0.488622
0.283828
0.594982
0.499443
0.912437
-0.697
-0.89197
0.976975
-0.04467
-0.26336
1.174801
-0.71762
1.28713
-0.08389
0.630453
-1.3256
1.108552
0.871615
0.535142
1.41825
1.094758
1.002198
1.12526
1.116737
1.374072
0.976975
0.028936
1.025765
-0.158
1.495769
2.207911
1.159297
0.535142
0.843444
1.500223
0.178467
-0.56346
0.594982
0.445096
2.521875
2.10911
0.004276
-0.00385
0.219289
1.700894
1.35584
0.682604
-0.00385
0.488622
1.127548
1.221925
-0.56346
-0.12163
1.149878
2.045987
1.749066
1.23452
-0.22699
0.782535
0.940608
1.460558
0.638
1.425969
0.997303
0.626974
1.043465
-0.29153
1.585381
1.131126
2.790374
0.614031
0.178467
0.401611
-0.158
3.713196
0.976975
0.784603
1.970227
0.848625
0.433325
0.401611
0.178467
0.943289
0.66824
0.16243
1.057979
0.590712
-0.25231
0.766254
1.855045
0.024317
1.30061
0.482957
0.749357
0.920735
-0.08181
0.689293
0.940608
1.487801
-0.19622
1.321125
1.094758
0.219289
-0.03182
0.807076
2.034114
0.036968
0.401611
0.212369
0.869572
0.401611
0.93402
0.219289
0.555762
0.161189
0.597726
1.010773
0.717464
0.484499
0.129677
0.135908
0.663975
0.220178
1.38244
0.401611
0.401611
0.181549
0.401611
0.004445
-0.60429
1.966749
-3.33605
0.641752
0.738083
2.31675
1.122929
1.33592
1.469452
0.219289
0.766254
1.39897
0.124979
1.254844
1.094758
0.330017
0.491858
-0.00385
1.687822
0.630453
0.091456
1.942056
0.648471
1.588292
0.941636
-0.29153
1.451433
0.912437
0.670944
0.135908
-0.76414
0.269439
1.924038
1.174801
1.126395
0.853677
1.942056
1.27708
0.908429
0.219289
1.282118
1.163751
0.516922
0.348367
-0.51467
0.219289
0.480334
1.511273
1.311213
0.717464
1.079491
0.535142
0.712242
0.219289
0.129677
0.611332
1.163751
0.555762
-0.76414
0.360789
0.25851
0.044936
-0.19622
0.350318
-0.29153
0.219289
1.787905
1.248909
0.113929
0.907357
1.27708
0.352821
1.094758
0.401611
0.843444
0.050634
1.284
1.660946
1.430395
0.535142
0.912437
2.586413
0.401611
1.080772
0.917756
0.129677
1.867948
1.504658
0.656503
-0.73782
1.397944
0.661836
0.431632
0.822825
2.396509
0.54269
0.283828
-0.29153
2.405545
0.269439
-0.158
2.87125
0.442433
0.526774
0.753832
0.178467
0.219289
-1.07429
0.818126
0.526774
0.912437
1.501704
0.129677
1.38244
0.761614
0.699764
0.403831
2.763037
0.946338
0.401611
-0.56346
0.820321
1.200119
1.205106
-0.25231
1.256026
0.054415
-0.66882
1.38244
1.317902
1.47775
0.135908
-0.60648
0.401611
0.401611
0.434401
0.689293
-0.44568
1.356588
0.219289
0.065139
1.254844
1.025765
0.004445
1.358343
2.040996
1.18177
1.294974
1.240506
1.852444
1.219921
0.145182
-0.26197
1.357122
0.822825
1.866549
0.401611
0.912437
-0.56346
0.699656
1.094758
1.637083
0.992479
0.559835
1.37239
0.417359
1.693289
0.4254
1.41825
1.22829
1.094758
0.753832
0.871615
1.171131
-0.43463
1.576596
1.581664
0.992479
0.559835
2.452065
0.745272
0.044936
1.883216
2.17258
1.466322
0.871615
-0.00385
0.811037
0.283828
0.210921
0.379728
0.065139
1.500223
0.555762
0.322147
0.224988
0.401611
1.236933
0.401611
-0.29153
-0.37078
0.442255
1.22829
2.481053
2.145968
0.902386
-0.15246
0.091456
0.535142
0.861143
0.401611
1.043465
1.044634
0.920405
1.592161
0.535142
0.807076
1.543708
0.197385
1.057018
0.329638
0.219289
1.353453
0.843444
-0.38114
1.605584
0.178467
1.685627
0.41814
0.871615
-0.03284
0.860565
-0.18925
-0.33235
0.741671
1.38244
0.976975
0.135908
0.579292
0.166045
1.630276
1.409007
0.352821
-0.21692
-0.24805
1.304479
0.1421
1.039328
-0.00385
2.635203
1.328952
0.713986
0.638
0.283828
0.818505
1.094758
1.27708
0.178467
0.912437
1.06944
1.630276
0.833874
3.194819
1.569216
2.306699
1.405098
0.219289
0.744863
1.248909
1.632713
1.592933
0.702538
0.642773
0.401611
2.011049
2.209119
1.094758
0.341648
1.094758
0.826152
1.554291
1.043465
-0.158
0.976975
0.602801
1.38244
2.09806
0.24746
2.076837
1.314259
0.332618
0.60925
0.940608
0.444171
0.738083
-1.94976
-0.38114
1.007747
1.094758
0.807076
-0.58181
1.173401
0.957557
1.479604
-0.50729
2.257909
0.689293
1.043465
0.546192
0.160449
0.139247
0.481654
0.237891
0.352821
1.080772
1.187506
0.597726
0.792151
-0.06269
2.26414
1.070661
-0.158
0.401611
1.43123
1.605584
0.864646
1.115378
1.13558
2.160745
0.252575
0.593149
0.717464
0.829055
0.758286
0.731853
0.437979
1.621293
-0.12163
-0.10921
-0.22699
1.758163
0.178467
1.308628
0.46615
1.046968
0.794654
1.169247
-0.05514
0.992479
-0.29017
1.103057
0.283828
1.049088
0.219289
-0.73782
0.717464
0.296251
1.536591
0.219289
2.723999
0.401611
0.912437
1.007747
0.113929
0.795903
1.469452
1.469452
0.726107
1.264657
-0.73782
0.401611
-0.18699
0.429782
0.795903
-0.43463
0.211257
1.260743
1.000142
0.360789
0.769336
2.18873
1.630276
0.352821
1.467962
0.024317
1.094758
1.718913
0.51494
-0.158
1.718913
-0.03284
1.389085
0.178467
0.337707
2.257909
1.353912
-0.44568
0.25851
0.717464
1.263437
0.110218
1.133979
1.13558
-0.98468
0.415404
2.075587
0.493549
0.401611
0.978759
1.893266
1.200119
0.926621
0.299332
0.26808
0.555762
0.101506
1.542783
1.459401
0.535142
0.306301
-0.158
1.208087
1.02065
0.178467
0.57896
0.135908
0.535142
1.108003
-0.12163
0.568255
2.075587
-0.18699
-0.04467
0.807076
0.689293
0.864646
1.446979
0.429782
0.178467
0.624755
2.568758
-0.22699
1.394863
1.610018
-0.09816
1.818677
0.219289
1.043465
1.437703
0.978224
-0.10921
0.887119
0.689293
1.094758
0.64654
1.366936
1.243178
0.861143
1.239339
1.33592
0.986218
2.3695
-0.60429
0.389474
1.045968
1.682545
0.401611
0.475366
0.912437
0.807076
-0.66882
1.487801
0.401611
0.717464
0.807076
2.022099
0.784603
0.379138
1.005146
-0.00385
0.535142
0.488622
0.311999
0.784603
2.355889
0.371839
0.251219
1.443065
1.467962
0.178467
0.912437
0.807076
0.51494
2.193371
-0.13738
-0.01727
1.312331
1.970227
0.415404
0.912437
-0.00385
0.583933
1.528114
0.440832
-1.25661
0.401611
0.912437
2.204878
1.536591
-0.47645
1.650036
1.452791
0.987128
0.219289
1.158094
0.896307
0.506972
-0.56346
0.139247
1.094758
0.360789
0.566419
0.535142
1.122929
1.467598
1.724107
-0.68375
0.417359
0.206638
0.311999
0.129677
2.312717
1.685627
1.045968
0.401611
3.12768
0.838329
1.4868
0.984334
1.244504
1.163751
0.101506
0.979316
1.094758
1.038384
0.299332
0.46615
0.689293
1.328952
-0.158
2.084637
0.389635
0.281785
1.803722
1.692595
-0.24501
1.317902
1.575812
1.362238
0.401611
0.56524
1.605584
0.513025
1.605584
0.53653
0.972156
1.428051
1.787905
2.183801
0.1421
-0.37009
0.753832
0.429782
0.635804
0.553378
0.555762
1.127548
1.663853
1.867948
1.341618
0.178467
0.776304
0.564701
1.652467
0.717464
0.807076
-0.00385
1.750864
1.917959
0.871615
-0.72598
0.938867
0.252079
1.039496
0.795903
1.700894
0.944992
0.843444
1.38244
0.137976
0.345522
1.053936
0.871615
0.583933
0.352821
-0.00385
0.535142
0.024317
0.916066
1.828727
1.386717
0.024317
1.121752
1.787905
0.083157
1.500223
-0.43463
0.36652
-0.40931
-0.38114
1.832719
0.965925
0.871615
0.937573
0.997594
1.159297
0.822825
0.57151
0.940608
1.718913
-0.19309
1.231617
0.311999
-0.22699
1.344219
-0.36052
-0.29153
0.26808
0.871615
0.807076
-0.12983
1.094758
0.597178
0.860186
1.268883
1.38244
0.067691
0.59897
3.051942
1.225137
0.065139
-0.02551
0.6203
1.644003
-0.81193
0.713986
0.912437
-0.06269
0.044936
1.500223
1.127548
0.567932
0.583933
1.015509
1.27708
2.065116
0.535142
1.3236
0.213559
0.219289
2.262363
0.771531
1.43123
0.401611
0.912437
1.867948
1.248909
1.006956
0.807076
1.0376
0.496921
2.956957
0.15315
1.212541
1.787905
1.18177
2.045735
1.954959
-0.3011
0.640503
-1.29743
1.24174
0.129677
1.553589
1.066587
1.174801
-0.10921
-1.25661
-0.05264
1.921437
0.717464
-0.00385
-0.00385
2.14458
0.873927
1.564762
0.46615
-0.29153
-0.158
0.741846
1.921437
-0.00385
0.065139
-0.56346
0.1421
0.559564
1.143548
1.052199
0.129677
0.689293
1.007747
1.347755
1.416342
1.131126
0.091456
1.127548
0.59544
0.984093
-0.158
0.024895
1.487801
1.174801
2.991878
-0.24274
-0.48106
0.815296
1.53045
0.961227
1.27708
0.548593
0.922754
1.22829
0.46615
0.561663
0.813721
2.224007
0.535142
1.581664
2.011049
1.501704
0.795903
1.165376
0.60925
1.740653
0.401611
0.535142
0.593983
0.786457
-1.1696
2.210992
-0.60169
0.135908
0.380992
1.970227
1.19175
0.776304
1.094758
0.283828
-0.00385
-0.24761
0.178467
3.194819
1.270111
0.976975
-0.38114
0.930455
1.248909
1.210069
0.769336
0.024317
1.127548
0.689293
0.903828
2.086951
0.555762
1.18177
1.094758
1.500223
0.822825
1.122929
1.984616
0.212369
1.066587
-0.10921
1.359451
-0.10921
0.583933
1.456697
0.91327
0.506972
0.738083
0.140335
0.516922
0.672486
0.276986
0.689293
0.332618
-0.64293
1.563546
0.434401
-0.29153
0.709096
0.717464
1.313447
2.05027
0.689293
0.880504
-0.00385
0.401611
3.289713
0.440832
0.583933
0.993504
0.219289
0.396599
0.488622
-0.77704
1.469452
0.732113
1.205106
0.951657
0.461509
0.918135
0.129677
0.882914
0.753832
1.47674
0.535142
0.254062
0.401611
0.455678
0.535142
0.46615
2.837728
0.048897
0.401611
1.190068
1.600571
0.466983
0.555762
1.22829
0.488622
0.912437
2.09806
1.364091
0.6203
-0.29153
0.535142
1.261919
0.628668
1.518242
-0.00385
2.15563
0.583933
1.692595
1.027165
0.940608
1.122929
1.630276
0.253503
-0.09916
2.032633
0.555762
0.401611
0.516922
0.838072
1.266608
0.583933
0.758286
0.339398
0.401611
1.765433
0.219289
2.075587
1.970227
0.976975
1.110194
1.534804
0.178467
0.689293
-1.18802
0.970706
0.621673
-0.85115
2.234489
2.115593
-0.15985
0.962813
0.689293
2.574984
1.38244
0.918135
1.369862
-0.31215
0.269439
1.698293
0.472707
0.976975
0.598233
0.719795
1.984933
0.395532
0.966925
0.717464
0.902386
1.970227
0.535142
0.976975
1.071769
0.583933
1.955838
0.24746
1.244819
1.059667
-0.02944
1.171948
0.506972
1.171719
0.31515
-0.00385
0.681994
-0.30703
1.718913
0.606817
1.050956
0.758286
0.871615
-0.1382
0.565914
2.047417
-1.01672
1.27708
2.688067
0.25851
0.758286
0.227258
1.469191
-0.12163
2.913316
1.38244
2.249541
0.820321
-0.158
0.657032
1.958798
1.672393
0.689293
0.892234
1.468618
0.895145
-0.1782
2.075587
0.370359
-0.13998
0.924036
0.927325
0.219289
0.871615
0.555762
0.535142
0.807076
1.696338
2.670921
0.360789
0.443575
0.434401
-0.33235
1.053936
1.094758
1.143019
-0.56346
0.352821
1.759735
0.717464
-0.10921
0.912437
1.510274
0.794404
0.807076
0.703771
0.999448
0.283828
0.024317
0.283828
2.392387
0.999448
1.3236
0.101506
1.146944
0.648471
0.110749
1.146718
-0.25231
1.451433
1.086726
1.787905
0.401611
1.38244
0.906706
0.352821
0.232535
1.174801
0.308521
-0.00385
-0.22699
-0.158
0.450401
-0.85115
2.704196
2.070016
0.784603
0.024317
-0.22699
2.228462
2.106359
0.730115
0.940608
1.264657
0.359051
0.101506
2.15563
1.787905
0.609012
1.256026
0.776304
1.133979
-0.29153
1.642054
2.940585
2.550045
0.611332
0.904404
2.063009
-3.37688
1.717288
0.689293
1.633755
1.034654
0.738083
0.073107
1.404854
0.638
0.951657
0.555762
0.608324
1.094758
0.884209
-1.07429
0.401611
1.248909
-0.29153
-0.60998
0.035367
0.162719
0.672486
1.317902
2.619053
0.689293
1.485298
0.065139
1.924038
0.6203
0.954996
1.248909
1.547955
0.706993
2.091092
0.212369
0.583933
0.749918
1.787905
0.749133
0.864646
0.696765
0.459181
1.02065
1.81192
0.434401
1.932487
1.500223
-0.12983
0.178467
-0.10921
0.670944
-0.14695
0.678521
0.769336
1.654374
-0.22699
0.652925
1.212541
0.591655
1.005146
1.208087
1.423408
0.635804
2.00148
1.007747
-0.08389
0.201998
0.065139
0.642773
0.843444
-0.697
0.129677
0.024317
0.648471
0.065139
0.178467
0.749918
0.352821
0.624755
-0.158
1.27708
0.178467
0.535142
0.60925
-0.10921
0.932239
0.583933
1.970227
0.819124
-0.51467
0.928966
1.2155
0.744018
1.828727
1.462483
-0.22699
1.11238
-1.35092
1.051529
1.313447
0.807076
1.094758
0.881977
0.555762
-0.158
-0.28048
0.728514
0.51081
0.098425
-0.51467
0.370839
0.065139
0.401611
1.108302
1.042587
0.912437
0.776304
1.484719
0.825425
1.282841
1.422446
-0.158
0.807076
-0.35216
1.18177
0.483849
2.704196
0.311999
0.615185
-0.4865
0.283828
0.407151
1.174801
0.628384
0.455678
-0.05514
0.766254
-0.00385
-0.00385
1.748471
0.689293
0.24746
2.199371
1.100298
-0.00385
0.535142
0.311999
0.24746
1.576596
1.38244
1.605584
0.951657
0.461974
0.370839
1.874917
1.256026
2.223223
0.758286
1.822709
-0.158
0.583933
0.689293
1.18754
0.892234
1.511273
1.893266
0.912437
3.215022
0.429782
0.024317
-0.09542
0.871615
-0.38114
2.276258
0.753832
0.786457
1.104237
1.469452
-0.15985
0.877673
0.781351
0.843444
0.401611
0.816293
-0.92014
1.487801
1.709125
-0.00385
1.646551
0.996778
1.105808
0.624755
-0.32857
1.174801
0.871615
0.380992
1.007747
0.32425
1.834095
0.468231
-0.14695
1.22829
0.36935
0.46615
1.750864
1.754004
0.24746
0.871615
0.401611
0.807076
2.193371
0.401611
1.936941
0.951657
0.689293
1.554291
0.592002
1.828727
0.219289
1.157994
0.940608
-0.51467
0.992479
1.18754
0.678822
-0.56346
0.401611
1.462483
-0.03284
1.200119
2.501255
-0.19622
-0.00385
1.290873
1.789238
-0.51467
0.14948
0.399139
2.011049
-0.44568
0.401611
-0.04159
0.738083
0.815926
0.091456
-0.4237
0.732778
1.27708
0.401611
0.392042
0.912437
2.41206
0.401611
0.692858
-0.02447
0.520217
1.22829
-0.51467
0.414856
0.321568
1.536591
0.555762
0.46615
1.919177
-0.56346
0.113929
1.023382
1.517208
-0.61511
1.921437
1.608247
-1.64965
0.401611
1.926056
0.886093
0.771531
1.341855
0.109475
1.22829
0.024317
0.976975
1.286296
1.511273
1.009093
0.976975
1.38244
0.521719
-0.00385
0.083157
0.311999
1.658387
1.543708
0.834115
1.091419
0.994675
-0.00385
0.401611
1.111288
1.794826
-1.1696
1.094758
0.401611
-0.44568
0.717464
0.506972
0.113929
-0.38114
0.175939
1.564762
0.717464
0.506972
0.379138
1.216238
0.269439
0.871615
0.871615
2.530324
1.131126
0.388188
-0.00385
0.240771
0.769336
0.807076
1.797581
0.834475
0.401611
2.561095
1.38244
2.198542
-0.22699
0.951657
0.912437
1.098916
2.298731
0.535142
0.401611
0.899014
0.083157
-0.02917
0.726107
0.871615
1.045968
-0.85115
-0.73355
-0.39689
1.624316
2.115409
0.306301
1.525359
1.088069
-0.56346
-0.5555
1.759735
-0.60169
1.375141
1.27708
0.306301
0.481654
0.723195
1.081059
0.632135
-0.38689
0.753832
1.303375
-0.00385
1.787905
0.652925
1.605584
0.129677
-0.12163
0.976975
-0.44568
2.558242
0.555762
2.280382
2.551433
0.535142
2.257909
3.64207
0.822825
1.105808
1.518572
0.896849
1.759735
0.219289
0.738083
-0.29153
0.24746
1.094758
1.092534
0.871615
2.8159
1.930653
0.201998
0.891817
1.48905
1.122157
-0.56346
0.891817
2.784239
3.247225
-0.18617
-0.29153
-0.00385
-0.3011
0.689293
1.367173
0.119627
0.535142
1.787905
0.304156
0.606817
1.375751
0.810773
0.332618
0.599247
0.178467
0.1421
1.122929
1.306933
-0.18254
0.902386
0.708838
0.689293
-0.02066
0.940608
0.680925
0.352821
0.401611
0.773175
0.912437
0.912437
0.178467
0.899259
0.758286
-0.85115
0.46615
0.327503
0.24746
2.12636
0.822825
1.418158
0.178467
1.88473
0.262987
1.515972
-0.41936
0.857347
0.912437
0.856347
0.370839
-0.158
0.46615
1.377884
0.638
0.273778
0.799771
0.642773
1.083829
1.395344
1.605584
0.889964
2.301727
0.327503
1.174801
1.080369
0.178467
0.380992
1.72603
0.730115
1.094758
0.360789
0.114752
1.099608
0.219289
0.178467
1.231064
0.616722
-0.44568
1.27708
0.965187
0.283828
0.488622
0.976975
1.18754
1.141278
-0.64351
0.121309
-0.01727
0.951657
0.224988
1.012928
2.011049
0.316618
-0.31215
-0.00385
0.42901
2.717441
2.210992
0.989398
0.717464
0.401611
0.488622
-0.66882
0.871615
1.426892
2.067219
0.541373
-1.34395
1.280161
-0.14475
0.332618
1.52645
-0.00385
-0.15227
-0.00385
0.370839
0.535142
0.135908
0.488622
2.301926
0.178467
1.18177
-0.00385
0.41963
0.822825
0.311999
0.912437
0.396306
0.786495
0.940608
0.57151
2.922885
0.894088
0.960168
1.174801
1.163751
0.363871
0.670944
1.947991
0.770519
0.555762
1.094758
1.564762
0.483849
0.488622
0.379138
0.332618
-0.51467
1.316689
1.351188
1.718913
0.135908
1.864866
1.094758
2.406945
0.583933
0.28025
-0.29153
-0.00385
0.555762
0.546192
-0.04467
0.541373
0.197943
0.794654
1.481531
0.738083
1.511273
1.208087
-0.47645
0.915509
2.44211
-0.40931
0.912437
1.467471
0.613581
0.946338
1.534966
-0.85115
0.401611
0.776304
1.828727
1.605584
0.738083
0.782535
1.594089
0.360789
0.091456
0.825425
1.288914
0.401611
1.22829
1.094758
1.585381
0.360789
-0.44568
1.094758
0.881977
0.871615
-0.05514
0.024317
0.829055
0.10436
0.14948
2.075587
1.502905
0.583933
1.27708
0.445096
1.38244
0.769336
0.46615
1.094758
1.03022
-1.05367
2.252211
2.193371
0.852923
0.964947
0.642773
0.640503
0.608625
0.360789
1.875781
0.865345
0.648471
0.853596
1.456873
0.648471
2.284342
1.384284
-0.05264
1.074139
1.32904
0.718852
1.151679
0.912437
1.483416
-0.00385
0.871615
0.763274
1.17323
1.108825
1.132375
0.875946
0.024317
0.841599
1.469452
0.243006
0.45988
1.601803
-0.26336
-0.00385
0.843444
-0.00385
0.57151
1.111288
0.829055
1.317902
0.283828
1.187468
1.437165
1.787905
2.252211
1.094758
0.112328
0.46615
1.241535
1.638051
1.867948
-0.51467
1.078758
-0.10921
1.159297
0.306301
0.219289
1.22829
2.573834
-0.90361
0.178467
0.429782
-0.00385
0.871615
1.094758
0.360789
1.490654
-0.62136
0.311999
0.024317
0.401611
-0.12163
-0.29153
-0.12163
1.313447
-0.29153
0.588552
0.706993
1.060857
-0.29153
0.316453
0.205866
1.446979
1.402243
0.212954
0.843444
0.401611
-0.0139
0.535142
-0.21149
0.332618
0.89563
1.881837
2.858347
1.605584
0.689293
1.595534
0.285612
1.091419
1.25409
-0.3213
1.117231
2.20442
0.652925
-0.04467
0.797507
0.286948
0.165889
-0.02447
0.024317
1.018597
1.438151
0.129677
-0.158
0.871615
1.034654
-0.09346
0.308521
0.448131
-0.40931
1.445702
0.630453
1.22829
1.193849
0.535142
1.700894
0.579292
0.705166
0.139247
0.401611
0.863246
0.807076
0.101506
1.670122
2.635203
0.583933
1.057018
0.380992
0.758286
-0.73782
1.38244
1.19172
0.401611
0.689293
-0.00385
0.689293
0.302404
0.178467
0.583933
1.772638
0.769336
0.219289
1.325282
1.627019
2.416514
1.749107
0.797507
2.561095
1.38244
0.401611
0.756952
1.541772
0.800997
0.648471
2.103758
0.120258
-0.12163
0.332618
-0.05238
-1.10246
-0.15003
1.644805
-0.36052
0.552184
0.808926
1.025765
2.111306
0.788384
0.642773
1.256026
1.317902
0.559835
1.33592
0.652925
2.14458
0.635804
0.371839
1.317902
-0.85115
-0.85115
0.912437
2.249541
0.689293
0.219289
0.822825
0.6203
1.410177
2.00148
0.178467
1.094758
0.306301
0.401611
1.18177
2.147908
1.133979
0.135908
-0.29153
0.887119
0.812774
0.648471
1.405913
0.437979
1.13558
1.413212
0.288363
0.859345
-1.01545
0.916871
1.38244
1.005146
0.648471
0.28025
0.091456
2.193371
1.089187
2.568064
2.118147
1.298606
0.928966
0.652925
0.796924
1.046968
1.261812
1.410611
1.094758
1.317902
1.341855
1.421661
0.999448
1.167079
0.506972
-0.29153
1.007747
1.990846
0.689293
-1.07429
1.390363
1.630276
2.308767
0.912437
2.040996
0.129677
0.60358
0.776304
1.159297
0.822694
0.738083
-0.18617
-0.22699
2.454914
0.749918
1.206349
-0.60998
-0.29153
1.760877
1.223591
0.038706
0.917424
1.18177
0.891417
0.652925
1.15885
1.094758
0.96202
1.472052
1.787905
1.656196
0.401611
0.506972
1.206349
-0.158
1.426258
0.024317
0.954538
1.682545
1.346073
0.941995
-0.26781
0.713986
1.579151
0.24746
0.506972
0.802622
0.311999
1.466322
0.311999
0.560512
1.27708
0.311999
0.509103
0.46615
0.135908
0.769336
-0.22699
0.095237
0.689293
1.124611
0.555762
0.583933
1.38244
2.601917
0.850561
1.915739
1.156452
0.390438
0.689293
1.174801
0.655392
1.739115
1.377884
1.011377
1.487176
1.0317
0.680161
0.408391
1.243537
-0.04467
1.484719
0.728514
-0.1051
1.183989
1.147868
0.401611
0.083157
0.92634
0.609077
0.6203
-0.158
0.024317
-0.66882
0.689293
0.219289
1.174801
1.116058
0.807076
0.689293
0.852333
0.129677
0.825425
0.604552
0.583933
1.594089
1.072285
0.535142
0.506972
0.727139
-0.00385
-0.00385
-0.10551
1.156316
-0.78661
-0.66882
0.299332
0.773175
1.451433
0.130677
0.685285
0.590853
0.283828
-0.47645
0.822825
1.433529
0.135908
-0.66882
0.871615
-0.05325
1.410611
1.779537
1.050616
0.332618
0.535142
1.27708
0.769336
0.401611
1.38244
1.458138
1.27708
1.297282
1.242412
-1.07429
-0.06269
0.576964
0.178467
1.500223
-0.56346
0.979828
0.970706
1.312171
0.724097
1.787905
0.953853
1.248909
0.24746
-0.00385
0.455678
-0.86565
1.564762
1.285277
0.488622
1.700894
1.045968
-0.12163
0.437329
0.311999
-1.67213
0.861143
1.27708
1.864866
1.308332
0.227919
0.488622
0.894088
-0.00385
0.738083
0.776304
1.625386
0.311999
1.066587
1.094758
0.900942
-0.36052
0.481654
0.956454
1.423262
-0.18777
-0.59521
0.509825
1.575125
0.921915
-0.22699
0.579292
0.260706
-0.29153
1.605584
1.787905
1.22829
0.488622
0.797507
1.094758
-0.29153
-0.3011
0.800997
0.42048
-0.29153
0.219289
0.726681
0.091456
0.871615
1.407133
0.689293
1.649601
-0.27578
0.277558
0.92634
0.904404
0.24746
1.393098
-0.56346
1.248909
1.340768
0.928966
0.738083
0.794654
0.219289
-0.00385
0.727231
1.984238
-0.00385
0.37344
0.060684
0.243006
0.25851
1.75557
-0.00385
0.401611
1.007747
0.93731
1.094758
1.341618
0.555762
1.626786
-0.16245
0.726107
1.27708
1.174801
-0.158
1.451433
0.091456
1.992545
0.575964
1.410611
0.689293
0.689293
0.924607
0.401611
0.519394
-0.00385
0.488622
0.930455
0.305467
0.296251
0.24746
0.24746
0.344975
0.178467
-0.0249
2.353219
1.38244
0.642773
1.564762
1.255639
1.045968
0.758286
-2.26561
0.657688
1.569558
2.858347
0.651072
1.045968
0.178467
0.129677
1.366132
0.018125
0.689293
1.174801
0.689293
1.633755
0.775471
0.753832
0.912437
0.738083
0.776304
1.146718
1.942056
-2.15228
0.57151
2.743417
0.850561
0.224988
-0.17481
0.380992
0.583933
-0.00385
0.129677
0.986307
-0.31215
0.857347
-0.00385
0.178467
1.893266
0.611332
0.822825
0.150297
0.955922
1.174801
-0.697
0.885408
1.536591
0.754613
0.57151
1.094758
1.791708
2.198911
1.893266
0.360789
-0.5555
0.219289
0.283828
0.122378
1.959756
0.394176
1.052054
0.311999
-0.60169
0.976975
0.648471
2.314323
0.380992
1.946979
1.685627
2.322448
1.446979
0.379138
-0.51467
-0.51467
0.689293
0.871615
0.95288
0.135908
1.288914
0.639878
1.264657
0.871615
-0.00385
0.135908
-0.40931
0.57463
2.011049
0.518335
1.1907
1.787905
-0.26758
-0.09694
0.689293
0.64549
0.371839
-0.31215
1.3236
0.178467
1.771098
1.238465
-0.27578
1.494652
1.433495
0.701716
0.807076
1.700894
0.25851
0.689293
0.401611
1.004374
0.401611
1.297812
1.723367
-0.21149
-0.74462
0.129677
0.004276
-0.158
-0.60169
-0.00385
1.525541
0.568665
0.797507
0.60925
1.071228
2.011049
1.483793
0.857087
0.555762
0.689293
0.49432
0.129677
0.219289
0.689293
1.077951
0.101506
0.976975
0.530511
1.357122
1.568228
-0.158
1.443401
0.976975
0.861143
-0.697
0.717464
1.248909
-0.5555
0.283828
1.481531
1.06944
0.356149
0.689293
-1.43096
0.135908
0.157414
0.219289
0.530688
0.129677
0.843444
0.083157
0.178467
2.108377
1.122929
0.140727
0.981563
0.889314
0.15315
-0.08081
0.311999
0.652925
1.292118
-0.00385
0.559391
1.852444
0.129677
-0.09816
0.912437
0.784603
0.628668
0.379138
0.593149
1.098224
-0.38114
0.49432
1.201588
0.912437
0.401611
1.22829
0.594982
0.360789
1.867948
0.44553
1.30987
1.131126
-0.00385
0.024317
0.807076
1.689925
0.49432
1.883216
0.024317
-0.628
2.075587
2.030852
0.641153
0.356149
0.501241
1.296565
0.850561
0.387222
0.871615
2.040608
1.624602
0.348122
0.352821
0.863647
1.120076
0.076189
1.007747
0.1632
0.807076
0.110749
1.38244
0.905748
0.939823
0.519394
-0.38114
0.219289
1.970227
1.296128
0.980814
-0.92014
0.219289
0.555762
0.150297
-0.56346
-0.05264
0.6203
-0.37837
0.583933
1.564762
2.006595
0.401611
1.718913
1.420181
0.458306
0.894088
2.670295
1.866549
1.323221
0.109475
-1.0255
2.193371
0.065139
0.296251
0.738083
0.555762
2.249541
0.19867
0.25851
0.113929
0.766254
0.535142
0.41814
0.401611
1.005146
0.759497
0.689293
1.248909
1.410611
2.224965
0.135908
0.091456
0.044936
-0.48482
1.497796
0.850561
1.38244
0.101506
0.186373
0.219289
-0.12163
2.029067
0.724384
0.758286
0.535142
0.083157
1.451433
0.109475
0.414856
0.401611
0.506972
1.740988
-0.00385
0.871615
0.073107
0.813721
1.782334
0.024317
0.689293
0.178467
-0.00385
0.283828
0.843444
2.242642
1.630276
1.62101
0.807076
0.912437
0.352821
1.670122
1.700894
0.15437
1.011377
0.020839
0.211257
1.259566
1.111288
1.328952
0.850561
0.219289
0.689293
0.46615
1.182464
1.787905
0.46615
0.283828
0.758286
1.554291
0.283828
0.327503
1.852444
0.773175
0.689293
1.931284
0.024317
1.325282
0.535142
-0.12163
1.144259
-0.09086
-0.0053
0.401611
1.261812
1.27708
0.807076
1.456697
1.38244
-2.89422
0.689293
1.550423
0.583933
0.596355
0.807076
-0.22699
0.073107
0.555762
1.094758
0.46615
0.912437
2.539893
1.202972
0.769336
2.198648
1.447258
0.674904
1.27708
1.734533
0.219289
1.38244
0.984757
0.49432
0.401611
0.774451
1.048238
-0.1653
0.786457
0.61457
0.976975
0.807076
1.852444
1.085626
0.352821
0.630074
-0.10921
1.633755
4.208274
-0.00385
1.369862
0.283828
0.925682
-0.42766
1.605584
0.677076
-0.63246
1.270111
0.055986
-0.18884
1.698293
1.466322
0.689293
0.569946
0.689293
1.02065
0.794654
1.078758
1.756555
1.810378
-0.96394
0.57151
0.263625
0.135908
-0.96394
1.102138
1.254844
0.129677
0.800636
0.6043
0.573962
0.401611
0.807076
0.555762
0.401611
1.009398
0.392042
0.401611
1.812598
0.945226
-0.40931
0.488622
0.352821
1.997626
0.044936
2.385742
0.595767
0.091456
0.583933
0.555762
0.065139
1.18177
0.298717
0.555762
0.506972
-0.41936
0.946148
0.401611
0.807076
1.283672
0.681571
1.960457
0.327503
0.57151
0.642773
0.473932
0.283828
0.296251
0.897784
1.453703
0.871615
1.077682
0.178467
0.832394
0.999448
-0.29153
2.337952
0.3073
1.610334
0.671355
1.10992
0.689293
1.505764
0.843444
1.052778
0.232535
0.922387
2.461214
1.219921
1.675788
0.807076
0.648471
1.331147
0.555762
0.407151
0.044936
1.22829
1.437165
0.401611
0.09331
1.219921
0.825425
0.10436
0.889168
1.886996
0.332618
-0.30703
0.583933
1.443065
0.951657
0.822825
2.147908
0.981963
2.05027
0.807076
0.888144
0.137645
0.506972
2.011049
0.050692
0.663975
0.46615
0.5544
-0.25598
0.19867
0.762318
0.572438
1.38244
0.462811
0.535142
-0.158
0.847009
0.311999
0.920735
1.527622
0.753832
0.283828
1.702748
0.807076
-1.1696
1.18177
0.982895
0.496921
0.871615
-0.73782
1.094758
0.535142
2.475082
0.219289
1.487801
0.630453
1.005146
1.087682
0.283828
0.24746
-1.39014
0.46615
0.24746
0.065139
0.890663
1.17864
1.122929
3.016571
0.579292
0.749918
0.46133
1.354204
0.854808
0.912437
0.689293
0.535142
0.332618
-0.38114
0.871615
-0.18617
0.283828
0.687208
1.564762
0.555762
-0.29153
1.718913
1.585381
1.174801
0.689293
1.787905
1.38244
1.341618
-0.02447
0.833874
1.47775
1.394863
0.286948
1.263094
1.097532
0.912437
0.401611
0.951657
1.528394
1.427561
0.535142
1.451433
0.361946
1.064442
0.799641
0.46615
0.479943
-0.29153
0.784603
1.301095
0.309391
1.42526
1.418853
-0.00385
1.227247
0.535142
1.32587
1.687822
1.327852
1.168866
0.871615
1.38244
0.488622
0.024317
0.46615
1.700894
0.871615
1.357122
0.275631
-0.47645
0.352821
0.420869
0.814456
-0.14695
1.942056
0.38432
0.989398
0.178467
0.519394
0.535142
1.025765
1.518572
0.903508
-0.158
0.10436
1.787905
1.094758
0.689293
0.401611
-1.07429
0.535142
-0.00385
-0.51467
2.382207
-0.04467
0.650678
0.953259
0.283828
0.575964
1.007747
1.226849
2.170898
1.820695
0.589631
1.342486
-0.44568
1.079491
0.813118
1.737781
0.638
0.565779
-0.33669
1.159297
0.638
1.250642
1.130476
1.18177
1.405697
1.762588
0.689293
0.729298
-0.158
0.219289
0.24746
1.24174
-0.00385
1.003542
0.738083
0.46615
0.912437
2.14458
1.852444
1.22829
0.940229
0.711272
0.083157
1.248909
0.287667
0.541373
2.05991
0.35157
0.401611
0.139247
-0.20637
1.762588
1.956804
1.357122
-0.00385
1.174801
0.285077
0.597178
-0.22699
0.460928
0.316618
0.401611
0.731913
0.526774
0.797507
-0.01558
0.535142
-0.00385
0.805223
-0.1782
-0.44568
1.661754
1.094758
3.23304
0.912437
1.197616
3.182405
1.111288
-0.00385
-0.12163
0.481654
1.69579
2.075587
1.564762
0.840787
0.609012
0.541373
1.045968
0.24746
0.380992
1.22829
1.44893
0.283828
-0.51467
-0.22283
0.363871
0.299332
0.401611
0.807076
-0.29153
1.921437
0.689293
1.575812
1.820695
1.721345
-0.29153
1.707976
2.481053
0.555762
0.394176
0.807076
0.912437
0.871615
0.999448
-0.22699
0.794654
1.703535
0.807076
0.563313
0.652925
1.53086
0.25851
0.053304
0.434401
0.784603
1.420181
0.535142
0.998614
0.044936
1.111288
0.871615
0.306301
2.091092
1.248909
0.345522
1.674021
0.940608
0.401611
0.501241
0.437979
0.912437
-0.697
0.932239
0.652925
-0.09346
0.638
0.951657
2.101905
2.00497
0.843444
1.18177
0.488622
0.150297
0.811895
1.605584
-0.50362
0.706993
1.27708
3.685025
0.583933
0.454173
-0.09346
0.371839
1.06944
1.549013
0.219289
1.913069
1.248909
0.496921
1.115378
-0.02632
0.912437
-0.12163
0.738083
1.443065
-0.02447
0.642773
0.689293
1.525541
0.713986
-0.28377
1.174801
1.057018
0.25851
0.456099
0.769336
-0.10921
1.011377
1.747083
0.545093
0.689293
1.24174
0.219289
1.116737
0.088855
0.178467
0.573461
1.850169
1.122929
-0.07796
0.758286
-0.09126
0.834835
0.611332
0.648471
1.588777
0.065139
1.246866
0.535142
1.700894
0.64019
1.446979
-0.63246
1.728981
0.219289
0.219289
0.555762
1.085189
0.97413
-0.73782
0.535142
1.613552
1.527022
0.311999
0.998614
-0.04467
-0.43463
0.009928
1.500223
0.447752
0.380992
0.401611
0.211257
1.595534
-0.158
-0.29153
1.075122
0.689293
0.807076
-0.38114
-0.13738
0.976975
0.999448
-0.92014
0.140434
2.41206
-0.36052
0.401611
1.835372
-1.0255
1.633755
2.079926
2.138562
0.431709
0.012675
0.606817
0.902386
-0.30703
1.718913
0.743623
0.121309
1.004374
0.850561
-0.66882
0.953259
-0.18617
0.506972
1.239339
1.644805
