-2.021157
0.6962983
1.914892
-0.8599193
0.1509739
1.713938
0.817038
0.7005644
1.225504
-0.4959066
1.430409
1.239841
0.005660069
-0.4185083
0.0820798
-0.289559
-0.4499589
0.454072
-0.6158618
-1.443012
0.07433194
-0.6158618
0.04685168
0.5183372
0.8823486
1.232214
-0.09182532
-0.003667345
-0.3535323
1.479243
-0.08625136
0.987041
-1.201113
2.381607
1.574809
1.102106
0.09553414
-0.6009551
0.6106917
-0.289559
0.2100145
0.735506
-0.4959066
-0.02822944
0.08786258
-0.6535717
1.267443
0.6134773
-0.3171611
0.3327433
0.03404255
-0.6000208
-0.4095142
0.6106917
0.0679334
-0.7022542
0.2143957
0.690474
-1.000955
-0.06153398
0.8086462
-0.5612172
-1.966515
-2.005308
0.3759723
-0.4959066
-0.9733542
0.6760023
-0.7904831
-0.03430003
0.4207433
0.6382924
0.5637173
0.6106917
0.4806273
0.4319448
-0.5665823
-0.4389355
0.04685168
-1.218381
0.4319448
0.861912
-0.8976292
1.088139
-0.4906673
1.359796
1.774972
0.5241949
-2.172861
-0.3171611
-0.09308361
-0.3060520
-0.1108135
-0.4959066
0.7297969
-0.7399641
0.1569360
-0.08284862
-0.01746838
0.3154713
0.2226201
-0.4959066
0.01676917
0.2403888
-0.07775924
0.3119896
0.9004385
-0.4336346
-0.2224278
-0.289559
-2.027368
-0.5882611
1.530618
-0.4243058
0.0679334
0.735506
2.411846
-0.7946087
0.6700388
-0.2997966
-1.000955
0.4696547
1.113731
-1.179695
0.7331943
-0.6535717
-1.928793
-0.1108135
1.261545
-0.2518491
0.817038
-0.1108135
1.744889
0.1878886
0.2078178
1.138492
0.4319448
1.718943
0.1583590
2.135410
0.2255985
0.9084407
0.3154713
0.02888356
0.5043193
-0.7675648
0.1107461
0.1699205
1.419785
-1.038659
-0.459969
-0.4959066
0.4665531
-1.063223
1.401632
-3.014323
1.350842
-0.3794331
-0.6535717
-0.2370588
-0.364948
0.1878886
-1.966515
-2.227503
0.2742797
-1.093301
-1.386041
0.5390909
-1.994117
0.6894553
-1.145802
-0.1895771
-2.807963
0.4504095
0.1332440
-0.3171611
0.8649734
0.4319448
0.3080433
0.472775
0.461366
0.8058365
0.2742797
-0.994772
0.3395903
-1.245006
0.968741
1.922019
0.5183372
-0.3171611
0.09553414
0.974703
-0.7946087
-1.787757
-0.2370588
-0.4376973
2.342294
1.789763
-1.027782
-1.038659
-0.7399641
1.243323
0.781431
-0.1197674
-1.038659
-0.3794331
0.4758377
0.6021714
-1.787757
-1.196321
0.5057288
1.705267
1.307806
0.6190312
-1.337356
0.01400093
0.2255985
0.9216072
-0.1794746
0.8753061
0.3014909
-0.1942341
0.3632836
-1.42375
1.088696
0.4806273
2.701708
-0.2115597
-0.7946087
-0.4959066
-1.245006
3.937004
0.2742797
0.01676917
1.603854
0.1024695
-0.453454
-0.4959066
-0.7946087
0.2291873
-0.1389952
-0.816076
0.3827122
-0.2427747
-1.371250
-0.007792931
1.449670
-1.000955
0.7074997
-0.3870163
-0.03041137
0.1989964
-1.143017
-0.1108135
0.2255985
0.9580749
-1.296167
0.7349612
0.4319448
-0.7399641
-1.076100
0.04685168
1.689373
-0.9840202
-0.4959066
-0.7492272
0.1305093
-0.4959066
0.2167798
-0.7399641
-0.289559
-0.8177371
-0.2333857
0.3195219
-0.07310356
-0.3849521
-0.8599193
-0.8515785
-0.1447043
-0.738774
0.817038
-0.4959066
-0.4959066
-0.7904831
-0.4959066
-1.027556
-1.842413
1.599198
-5.499166
-0.1744522
-0.04550283
2.067712
0.4696547
0.754766
0.9335128
-0.7399641
-0.007792931
0.8391651
-0.8662081
0.646237
0.4319448
-0.5917428
-0.3751013
-1.038659
1.225824
-0.1895771
-0.9110822
1.566144
-0.1654581
1.092593
0.2269746
-1.42375
0.9093924
0.1878886
-0.1353756
-0.8515785
-2.056389
-0.672833
1.542025
0.5390909
0.4742943
0.1092321
1.566144
0.6760023
0.1825235
-0.7399641
0.6827462
0.5242993
-0.3415505
-0.5671794
-1.722447
-0.7399641
-0.3905274
0.9894947
0.721693
-0.07310356
0.4115083
-0.3171611
-0.08009377
-0.7399641
-0.8599193
-0.2151726
0.5242993
-0.289559
-2.056389
-0.5505512
-0.6874626
-0.9733542
-1.296167
-0.5645677
-1.42375
-0.7399641
1.359796
0.6382924
-0.8809997
0.1810885
0.6760023
-0.5612172
0.4319448
-0.4959066
0.09553414
-0.9657268
0.6852655
1.189848
0.8812308
-0.3171611
0.1878886
2.428685
-0.4959066
0.4132230
0.1950087
-0.8599193
1.466942
0.9806398
-0.1547064
-2.021157
0.8377917
-0.1475676
-0.4557203
0.0679334
2.174478
-0.3070573
-0.6535717
-1.42375
2.186573
-0.672833
-1.245006
2.809969
-0.441262
-0.3283625
-0.02442111
-0.7946087
-0.7399641
-2.471558
0.06164329
-0.3283625
0.1878886
0.9766855
-0.8599193
0.817038
-0.01400407
-0.0967969
-0.4929349
2.665115
0.2332688
-0.4959066
-1.787757
0.06458153
0.5729818
0.5796574
-1.371250
0.6478193
-0.9606656
-1.928793
0.817038
0.7306469
0.9446206
-0.8515785
-1.845344
-0.4959066
-0.4959066
-0.4520137
-0.1108135
-1.630096
0.7824323
-0.7399641
-0.9463103
0.646237
0.3395903
-1.027556
0.7847815
1.698586
0.5484197
0.6999553
0.6270441
1.446189
0.5994889
-0.8391642
-1.384181
0.783147
0.0679334
1.465070
-0.4959066
0.1878886
-1.787757
-0.09694148
0.4319448
1.157905
0.2950334
-0.2841068
0.803585
-0.4748262
1.233143
-0.4640625
0.8649734
0.6106917
0.4319448
-0.02442111
0.1332440
0.5341782
-1.615305
1.076936
1.083721
0.2950334
-0.2841068
2.248845
-0.03587958
-0.9733542
1.487380
1.874725
0.929323
0.1332440
-1.038659
0.0521539
-0.6535717
-0.7511655
-0.5251993
-0.9463103
0.974703
-0.289559
-0.6022776
-0.7323354
-0.4959066
0.6222612
-0.4959066
-1.42375
-1.529835
-0.4415002
0.6106917
2.287649
1.839102
0.1744343
-1.237590
-0.9110822
-0.3171611
0.1192261
-0.4959066
0.3632836
0.3648485
0.1985547
1.097772
-0.3171611
0.04685168
1.032912
-0.7692849
0.3814258
-0.5922501
-0.7399641
0.7782357
0.09553414
-1.543702
1.11574
-0.7946087
1.222886
-0.4737807
0.1332440
-1.077466
0.1184524
-1.286837
-1.478392
-0.04069991
0.817038
0.2742797
-0.8515785
-0.2580616
-0.8112369
1.148793
0.8526007
-0.5612172
-1.323876
-1.365547
0.7126788
-0.8432898
0.3577458
-1.038659
2.493995
0.7454385
-0.07775924
-0.1794746
-0.6535717
0.06215062
0.4319448
0.6760023
-0.7946087
0.1878886
0.3980540
1.148793
0.08272367
3.243101
1.067058
2.054257
0.847368
-0.7399641
-0.03642707
0.6382924
1.152055
1.098805
-0.09308361
-0.1730855
-0.4959066
1.658498
1.923636
0.4319448
-0.5761735
0.4319448
0.07238695
1.047079
0.3632836
-1.245006
0.2742797
-0.2265923
0.817038
1.774972
-0.7022542
1.746563
0.7257704
-0.5882611
-0.2179596
0.2255985
-0.4389355
-0.04550283
-3.643468
-1.543702
0.3154713
0.4319448
0.04685168
-1.812321
0.5372169
0.2482866
0.9471023
-1.712568
1.988947
-0.1108135
0.3632836
-0.3023695
-0.8187277
-0.8471089
-0.3887605
-0.7150633
-0.5612172
0.4132230
0.5560979
-0.2333857
0.02687297
-1.117423
1.997288
0.3996884
-1.245006
-0.4959066
0.8823486
1.11574
0.1239153
0.4595469
0.4865894
1.858882
-0.6954072
-0.2395125
-0.07310356
0.07627292
-0.01845895
-0.05384235
-0.4472241
1.136768
-1.196321
-1.179695
-1.337356
1.319983
-0.7946087
0.7182327
-0.4095142
0.3679728
0.03022351
0.5316563
-1.107317
0.2950334
-1.421929
0.4430539
-0.6535717
0.3708106
-0.7399641
-2.021157
-0.07310356
-0.6369422
1.023386
-0.7399641
2.612858
-0.4959066
0.1878886
0.3154713
-0.8809997
0.03189543
0.9335128
0.9335128
-0.06153398
0.6593728
-2.021157
-0.4959066
-1.283812
-0.4581967
0.03189543
-1.615305
-0.7507158
0.6541335
0.3052912
-0.5505512
-0.003667345
1.896343
1.148793
-0.5612172
0.9315183
-1.000955
0.4319448
1.267443
-0.3442036
-1.245006
1.267443
-1.077466
0.825933
-0.7946087
-0.5814489
1.988947
0.7788501
-1.630096
-0.6874626
-0.07310356
0.6577397
-0.8859673
0.4844463
0.4865894
-2.351605
-0.4774432
1.744889
-0.3728377
-0.4959066
0.2766677
1.500833
0.5729818
0.2068754
-0.632818
-0.6746521
-0.289559
-0.8976292
1.031674
0.9200585
-0.3171611
-0.6234892
-1.245006
0.5836478
0.3327433
-0.7946087
-0.258506
-0.8515785
-0.3171611
0.4496747
-1.196321
-0.2728358
1.744889
-1.283812
-1.093301
0.04685168
-0.1108135
0.1239153
0.9034303
-0.4581967
-0.7946087
-0.1972045
2.405051
-1.337356
0.8336674
1.121675
-1.164904
1.400988
-0.7399641
0.3632836
0.8910134
0.2759516
-1.179695
0.1539978
-0.1108135
0.4319448
-0.1680429
0.7962842
0.6306208
0.1192261
0.6254819
0.754766
0.2866524
2.138323
-1.842413
-0.5121533
0.3666342
1.218761
-0.4959066
-0.3971776
0.1878886
0.04685168
-1.928793
0.9580749
-0.4959066
-0.07310356
0.04685168
1.67329
0.01676917
-0.5259891
0.3119896
-1.038659
-0.3171611
-0.3794331
-0.6158618
0.01676917
2.120104
-0.5357596
-0.6972224
0.898191
0.9315183
-0.7946087
0.1878886
0.04685168
-0.3442036
1.902556
-1.217404
-1.056624
0.7231895
1.603854
-0.4774432
0.1878886
-1.038659
-0.2518491
1.012038
-0.4434051
-2.715613
-0.4959066
0.1878886
1.917959
1.023386
-1.671285
1.175244
0.9112103
0.2878705
-0.7399641
0.5167268
0.1662969
-0.3548696
-1.787757
-0.8471089
0.4319448
-0.5505512
-0.2752934
-0.3171611
0.4696547
0.931031
1.274396
-1.948778
-0.4748262
-0.7568988
-0.6158618
-0.8599193
2.062313
1.222886
0.3666342
-0.4959066
3.153228
0.08868716
0.956735
0.2841305
0.6323958
0.5242993
-0.8976292
0.2774133
0.4319448
0.3564822
-0.632818
-0.4095142
-0.1108135
0.7454385
-1.245006
1.757004
-0.5119377
-0.6563065
1.380969
1.232214
-1.361478
0.7306469
1.075887
0.7899954
-0.4959066
-0.2768717
1.11574
-0.346767
1.11574
-0.3153031
0.2678289
0.8780931
1.359796
1.889745
-0.8432898
-1.528911
-0.02442111
-0.4581967
-0.1824142
-0.2927502
-0.289559
0.4758377
1.193739
1.466942
0.7623933
-0.7946087
0.005660069
-0.2775932
1.178498
-0.07310356
0.04685168
-1.038659
1.310213
1.533887
0.1332440
-2.005308
0.2232680
-0.6960712
0.3579707
0.03189543
1.243323
0.231467
0.09553414
0.817038
-0.8488102
-0.5709877
0.3773002
0.1332440
-0.2518491
-0.5612172
-1.038659
-0.3171611
-1.000955
0.1927465
1.414441
0.8227631
-1.000955
0.4680792
1.359796
-0.9221913
0.974703
-1.615305
-0.5428796
-1.581411
-1.543702
1.419785
0.2594881
0.1332440
0.2215359
0.3018804
0.5183372
0.0679334
-0.2684786
0.2255985
1.267443
-1.291977
0.6151452
-0.6158618
-1.337356
0.765875
-1.516100
-1.42375
-0.6746521
0.1332440
0.04685168
-1.207297
0.4319448
-0.2341192
0.1179451
0.6650297
0.817038
-0.9428942
-0.2317205
3.051845
0.606471
-0.9463103
-1.067654
-0.2031680
1.167168
-2.120361
-0.07775924
0.1878886
-1.117423
-0.9733542
0.974703
0.4758377
-0.2732681
-0.2518491
0.3258615
0.6760023
1.730873
-0.3171611
0.7382743
-0.7476343
-0.7399641
1.994909
-0.0007291024
0.8823486
-0.4959066
0.1878886
1.466942
0.6382924
0.3144124
0.04685168
0.3554327
-0.3683240
2.924697
-0.8284982
0.58961
1.359796
0.5484197
1.704929
1.583416
-1.436560
-0.1761241
-2.770255
0.6286959
-0.8599193
1.046139
0.3942349
0.5390909
-1.179695
-2.715613
-1.103970
1.538543
-0.07310356
-1.038659
-1.038659
1.837244
0.1363389
1.061095
-0.4095142
-1.42375
-1.245006
-0.04046565
1.538543
-1.038659
-0.9463103
-1.787757
-0.8432898
-0.2844696
0.4972554
0.374975
-0.8599193
-0.1108135
0.3154713
0.7706083
0.8624194
0.4806273
-0.9110822
0.4758377
-0.2364457
0.2838079
-1.245006
-1.000181
0.9580749
0.5390909
2.971443
-1.358439
-1.677456
0.05785503
1.015165
0.2531993
0.6760023
-0.2991555
0.2016991
0.6106917
-0.4095142
-0.2816599
0.05574672
1.943565
-0.3171611
1.083721
1.658498
0.9766855
0.03189543
0.5264745
-0.2179596
1.296544
-0.4959066
-0.3171611
-0.2383961
0.01925094
-2.599141
1.926143
-1.838932
-0.8515785
-0.5235073
1.603854
0.561779
0.005660069
0.4319448
-0.6535717
-1.038659
-1.364958
-0.7946087
3.243101
0.6666735
0.2742797
-1.543702
0.2120077
0.6382924
0.5863009
-0.003667345
-1.000955
0.4758377
-0.1108135
0.1763646
1.760101
-0.289559
0.5484197
0.4319448
0.974703
0.0679334
0.4696547
1.623115
-0.7492272
0.3942349
-1.179695
0.7862647
-1.179695
-0.2518491
0.9164389
0.1890037
-0.3548696
-0.04550283
-0.8456524
-0.3415505
-0.1333114
-0.6627305
-0.1108135
-0.5882611
-1.894136
1.059468
-0.4520137
-1.42375
-0.08430503
-0.07310356
0.7246834
1.711000
-0.1108135
0.1451429
-1.038659
-0.4959066
3.370127
-0.4434051
-0.2518491
0.2964055
-0.7399641
-0.5026157
-0.3794331
-2.073657
0.9335128
-0.05349431
0.5796574
0.2403888
-0.4157267
0.1955160
-0.8599193
0.1483690
-0.02442111
0.9432686
-0.3171611
-0.6934167
-0.4959066
-0.4235321
-0.3171611
-0.4095142
2.765097
-0.968052
-0.4959066
0.5595274
1.109030
-0.4083992
-0.289559
0.6106917
-0.3794331
0.1878886
1.774972
0.7924758
-0.2031680
-1.42375
-0.3171611
0.6557077
-0.1919665
0.9988234
-1.038659
1.852035
-0.2518491
1.232214
0.3414643
0.2255985
0.4696547
1.148793
-0.694165
-1.166242
1.687391
-0.289559
-0.4959066
-0.3415505
0.08834314
0.6619844
-0.2518491
-0.01845895
-0.5791853
-0.4959066
1.329715
-0.7399641
1.744889
1.603854
0.2742797
0.4526075
1.020993
-0.7946087
-0.1108135
-2.623798
0.2658879
-0.2013301
-2.172861
1.957597
1.798442
-1.247482
0.2553223
-0.1108135
2.413386
0.817038
0.1955160
0.800201
-1.451352
-0.672833
1.239841
-0.400737
0.2742797
-0.232707
-0.06998327
1.623539
-0.504044
0.2608267
-0.07310356
0.1744343
1.603854
-0.3171611
0.2742797
0.4011716
-0.2518491
1.584592
-0.7022542
0.6328175
0.3849717
-1.072914
0.5352719
-0.3548696
0.5349653
-0.6116439
-1.038659
-0.1205840
-1.444498
1.267443
-0.2212164
0.3733111
-0.01845895
0.1332440
-1.218501
-0.2759694
1.707181
-2.394494
0.6760023
2.564759
-0.6874626
-0.01845895
-0.7292967
0.9331634
-1.196321
2.866279
0.817038
1.977745
0.06458153
-1.245006
-0.1539983
1.588555
1.205171
-0.1108135
0.1608448
0.9323964
0.1647415
-1.272046
1.744889
-0.5377407
-1.220884
0.2034151
0.2078178
-0.7399641
0.1332440
-0.289559
-0.3171611
0.04685168
1.237224
2.541808
-0.5505512
-0.4397333
-0.4520137
-1.478392
0.3773002
0.4319448
0.4965473
-1.787757
-0.5612172
1.322088
-0.07310356
-1.179695
0.1878886
0.9881574
0.02988885
0.04685168
-0.0914331
0.3043622
-0.6535717
-1.000955
-0.6535717
2.16896
0.3043622
0.7382743
-0.8976292
0.5018013
-0.1654581
-0.8852565
0.5014988
-1.371250
0.9093924
0.4211931
1.359796
-0.4959066
0.817038
0.1802171
-0.5612172
-0.7222329
0.5390909
-0.6205175
-1.038659
-1.337356
-1.245006
-0.4305959
-2.172861
2.586350
1.737432
0.01676917
-1.000955
-1.337356
1.949529
1.786081
-0.05616885
0.2255985
0.6593728
-0.5528777
-0.8976292
1.852035
1.359796
-0.2182782
0.6478193
0.005660069
0.4844463
-1.42375
1.164559
2.902782
2.380002
-0.2151726
0.1771356
1.728052
-5.553821
1.265268
-0.1108135
1.15345
0.3514892
-0.04550283
-0.9356443
0.8470415
-0.1794746
0.2403888
-0.289559
-0.2191991
0.4319448
0.1501025
-2.471558
-0.4959066
0.6382924
-1.42375
-1.850029
-0.9861633
-0.815689
-0.1333114
0.7306469
2.472377
-0.1108135
0.9547244
-0.9463103
1.542025
-0.2031680
0.2448584
0.6382924
1.038597
-0.08712012
1.765644
-0.7492272
-0.2518491
-0.02966041
1.359796
-0.03071122
0.1239153
-0.1008114
-0.418843
0.3327433
1.391943
-0.4520137
1.553335
0.974703
-1.207297
-0.7946087
-1.179695
-0.1353756
-1.230214
-0.1252329
-0.003667345
1.181051
-1.337356
-0.1594959
0.58961
-0.2415124
0.3119896
0.5836478
0.871878
-0.1824142
1.645689
0.3154713
-1.145802
-0.76311
-0.9463103
-0.1730855
0.09553414
-1.966515
-0.8599193
-1.000955
-0.1654581
-0.9463103
-0.7946087
-0.02966041
-0.5612172
-0.1972045
-1.245006
0.6760023
-0.7946087
-0.3171611
-0.2179596
-1.179695
0.2143957
-0.2518491
1.603854
0.06297922
-1.722447
0.2100145
0.5935709
-0.03755820
1.414441
0.924184
-1.337356
0.4555337
-2.841857
0.3740782
0.7246834
0.04685168
0.4319448
0.1471147
-0.289559
-1.245006
-1.408958
-0.05831196
-0.3497320
-0.9017535
-1.722447
-0.5370982
-0.9463103
-0.4959066
0.4500749
0.3621083
0.1878886
0.005660069
0.9539493
0.07141378
0.683714
0.8705902
-1.245006
0.04685168
-1.504910
0.5484197
-0.3858222
2.586350
-0.6158618
-0.2100149
-1.684738
-0.6535717
-0.4884907
0.5390909
-0.1923467
-0.4235321
-1.107317
-0.007792931
-1.038659
-1.038659
1.307010
-0.1108135
-0.7022542
1.910587
0.4393607
-1.038659
-0.3171611
-0.6158618
-0.7022542
1.076936
0.817038
1.11574
0.2403888
-0.4151042
-0.5370982
1.476271
0.6478193
1.942516
-0.01845895
1.406385
-1.245006
-0.2518491
-0.1108135
0.5561434
0.1608448
0.9894947
1.500833
0.1878886
3.270145
-0.4581967
-1.000955
-1.161236
0.1332440
-1.543702
2.013509
-0.02442111
0.01925094
0.4446335
0.9335128
-1.247482
0.1413533
0.01241602
0.09553414
-0.4959066
0.05918962
-2.265212
0.9580749
1.254341
-1.038659
1.170579
0.3007881
0.4467364
-0.1972045
-1.473332
0.5390909
0.1332440
-0.5235073
0.3154713
-0.5994626
1.421626
-0.4067286
-1.230214
0.6106917
-0.5390914
-0.4095142
1.310213
1.314416
-0.7022542
0.1332440
-0.4959066
0.04685168
1.902556
-0.4959066
1.559297
0.2403888
-0.1108135
1.047079
-0.2410479
1.414441
-0.7399641
0.516593
0.2255985
-1.722447
0.2950334
0.5561434
-0.1248300
-1.787757
-0.4959066
0.924184
-1.077466
0.5729818
2.314691
-1.296167
-1.038659
0.6944657
1.361581
-1.722447
-0.8334109
-0.4992156
1.658498
-1.630096
-0.4959066
-1.089179
-0.04550283
0.05869835
-0.9110822
-1.600674
-0.05260414
0.6760023
-0.4959066
-0.5087157
0.1878886
2.195294
-0.4959066
-0.1060413
-1.066262
-0.3371398
0.6106917
-1.722447
-0.4781767
-0.6030527
1.023386
-0.289559
-0.4095142
1.535518
-1.787757
-0.8809997
0.3364004
0.9974393
-1.856896
1.538543
1.119305
-3.241739
-0.4959066
1.544726
0.1526244
-0.0007291024
0.7627106
-0.8869619
0.6106917
-1.000955
0.2742797
0.6883389
0.9894947
0.3172730
0.2742797
0.817038
-0.3351292
-1.038659
-0.9221913
-0.6158618
1.186422
1.032912
0.08304627
0.4274752
0.297973
-1.038659
-0.4959066
0.454072
1.369061
-2.599141
0.4319448
-0.4959066
-1.630096
-0.07310356
-0.3548696
-0.8809997
-1.543702
-0.7979927
1.061095
-0.07310356
-0.3548696
-0.5259891
0.5945588
-0.672833
0.1332440
0.1332440
2.353603
0.4806273
-0.5138747
-1.038659
-0.7112081
-0.003667345
0.04685168
1.372749
0.08352817
-0.4959066
2.394794
0.817038
1.909478
-1.337356
0.2403888
0.1878886
0.4375107
2.043591
-0.3171611
-0.4959066
0.1699205
-0.9221913
-1.072553
-0.06153398
0.1332440
0.3666342
-2.172861
-2.015441
-1.564786
1.140815
1.798195
-0.6234892
1.008350
0.4229909
-1.787757
-1.777102
1.322088
-1.838932
0.8072674
0.6760023
-0.6234892
-0.3887605
-0.06543201
0.4136072
-0.1873256
-1.551399
-0.02442111
0.711201
-1.038659
1.359796
-0.1594959
1.11574
-0.8599193
-1.196321
0.2742797
-1.630096
2.390975
-0.289559
2.019029
2.38186
-0.3171611
1.988947
3.841794
0.0679334
0.4467364
0.9992652
0.1670224
1.322088
-0.7399641
-0.04550283
-1.42375
-0.7022542
0.4319448
0.4289677
0.1332440
2.735877
1.550880
-0.76311
0.1602866
0.9597468
0.4686213
-1.787757
0.1602866
2.693496
3.313252
-1.282714
-1.42375
-1.038659
-1.436560
-0.1108135
0.7966014
-0.8733723
-0.3171611
1.359796
-0.6263605
-0.2212164
0.808084
0.05180051
-0.5882611
-0.2313497
-0.7946087
-0.8432898
0.4696547
0.7159637
-1.277855
0.1744343
-0.08465039
-0.1108135
-1.061161
0.2255985
-0.1220149
-0.5612172
-0.4959066
0.001471567
0.1878886
0.1878886
-0.7946087
0.1702485
-0.01845895
-2.172861
-0.4095142
-0.5951081
-0.7022542
1.812854
0.0679334
0.8648503
-0.7946087
1.489407
-0.6814696
0.9957848
-1.594864
0.1141448
0.1878886
0.1128062
-0.5370982
-1.245006
-0.4095142
0.8109392
-0.1794746
-0.6670247
0.03707316
-0.1730855
0.4173152
0.8343113
1.11574
0.1578061
2.047602
-0.5951081
0.5390909
0.4126836
-0.7946087
-0.5235073
1.27697
-0.05616885
0.4319448
-0.5505512
-0.879898
0.4384370
-0.7399641
-0.7946087
0.614405
-0.2079575
-1.630096
0.6760023
0.2585002
-0.6535717
-0.3794331
0.2742797
0.5561434
0.4942168
-1.894913
-0.8711208
-1.056624
0.2403888
-0.7323354
0.3224066
1.658498
-0.6096788
-1.451352
-1.038659
-0.4592301
2.604080
1.926143
0.2909092
-0.07310356
-0.4959066
-0.3794331
-1.928793
0.1332440
0.8765417
1.733688
-0.3088202
-2.832527
0.6801265
-1.227269
-0.5882611
1.009811
-1.038659
-1.237336
-1.038659
-0.5370982
-0.3171611
-0.8515785
-0.3794331
2.047868
-0.7946087
0.5484197
-1.038659
-0.4717862
0.0679334
-0.6158618
0.1878886
-0.5030079
0.01930181
0.2255985
-0.2684786
2.879088
0.1633265
0.2517817
0.5390909
0.5242993
-0.5464256
-0.1353756
1.574088
-0.002083773
-0.289559
0.4319448
1.061095
-0.3858222
-0.3794331
-0.5259891
-0.5882611
-1.722447
0.7290232
0.7752038
1.267443
-0.8515785
1.462817
0.4319448
2.188447
-0.2518491
-0.6583613
-1.42375
-1.038659
-0.289559
-0.3023695
-1.093301
-0.3088202
-0.768538
0.03022351
0.9496818
-0.04550283
0.9894947
0.5836478
-1.671285
0.1920008
2.235520
-1.581411
0.1878886
0.930861
-0.2121621
0.2332688
1.021210
-2.172861
-0.4959066
0.005660069
1.414441
1.11574
-0.04550283
0.01400093
1.100353
-0.5505512
-0.9110822
0.07141378
0.6918434
-0.4959066
0.6106917
0.4319448
1.088696
-0.5505512
-1.630096
0.4319448
0.1471147
0.1332440
-1.107317
-1.000955
0.07627292
-0.8938088
-0.8334109
1.744889
0.9782932
-0.2518491
0.6760023
-0.4376973
0.817038
-0.003667345
-0.4095142
0.4319448
0.3455538
-2.443956
1.981319
1.902556
0.1082228
0.2581789
-0.1730855
-0.1761241
-0.2187962
-0.5505512
1.477428
0.1248510
-0.1654581
0.1091237
0.9166745
-0.1654581
2.02433
0.8195063
-1.103970
0.4043441
0.7455563
-0.07124558
0.5081396
0.1878886
0.9522051
-1.038659
0.1332440
-0.01178198
0.536988
0.450775
0.4822992
0.1390415
-1.000955
0.0930644
0.9335128
-0.7082163
-0.4179073
1.110679
-1.386041
-1.038659
0.09553414
-1.038659
-0.2684786
0.454072
0.07627292
0.7306469
-0.6535717
0.556047
0.8902932
1.359796
1.981319
0.4319448
-0.8831428
-0.4095142
0.6284215
1.159201
1.466942
-1.722447
0.4105271
-1.179695
0.5183372
-0.6234892
-0.7399641
0.6106917
2.411846
-2.243084
-0.7946087
-0.4581967
-1.038659
0.1332440
0.4319448
-0.5505512
0.961894
-1.865263
-0.6158618
-1.000955
-0.4959066
-1.196321
-1.42375
-1.196321
0.7246834
-1.42375
-0.2456661
-0.08712012
0.3865647
-1.42375
-0.6098997
-0.7579322
0.9034303
0.8435464
-0.7484441
0.09553414
-0.4959066
-1.052112
-0.3171611
-1.316608
-0.5882611
0.1653907
1.485534
2.792697
1.11574
-0.1108135
1.102287
-0.6511836
0.4274752
0.6452277
-1.463600
0.4620273
1.917346
-0.1594959
-1.093301
0.03404255
-0.6493953
-0.8114457
-1.066262
-1.000955
0.3299952
0.891613
-0.8599193
-1.245006
0.1332440
0.3514892
-1.158612
-0.6205175
-0.4336346
-1.581411
0.9017209
-0.1895771
0.6106917
0.5645887
-0.3171611
1.243323
-0.2580616
-0.08956575
-0.8471089
-0.4959066
0.1220412
0.04685168
-0.8976292
1.202131
2.493995
-0.2518491
0.3814258
-0.5235073
-0.01845895
-2.021157
0.817038
0.5617388
-0.4959066
-0.1108135
-1.038659
-0.1108135
-0.6287058
-0.7946087
-0.2518491
1.339360
-0.003667345
-0.7399641
0.7405258
1.144433
2.201257
1.307861
0.03404255
2.394794
0.817038
-0.4959066
-0.02024465
1.030321
0.03871429
-0.1654581
1.782599
-0.8725277
-1.196321
-0.5882611
-1.103622
-2.509266
-1.234337
1.168242
-1.516100
-0.2943485
0.0493281
0.3395903
1.792703
0.02183044
-0.1730855
0.6478193
0.7306469
-0.2841068
0.754766
-0.1594959
1.837244
-0.1824142
-0.5357596
0.7306469
-2.172861
-2.172861
0.1878886
1.977745
-0.1108135
-0.7399641
0.0679334
-0.2031680
0.8541669
1.645689
-0.7946087
0.4319448
-0.6234892
-0.4959066
0.5484197
1.841699
0.4844463
-0.8515785
-1.42375
0.1539978
0.05447906
-0.1654581
0.848459
-0.4472241
0.4865894
0.8582295
-0.6475011
0.1168193
-2.392794
0.1938240
0.817038
0.3119896
-0.1654581
-0.6583613
-0.9110822
1.902556
0.4244874
2.404122
1.801860
0.7048171
0.2100145
-0.1594959
0.03326214
0.3679728
0.6555644
0.8547478
0.4319448
0.7306469
0.7627106
0.8695394
0.3043622
0.5287542
-0.3548696
-1.42375
0.3154713
1.631454
-0.1108135
-2.471558
0.8276437
1.148793
2.057026
0.1878886
1.698586
-0.8599193
-0.2255495
0.005660069
0.5183372
0.06775804
-0.04550283
-1.282714
-1.337356
2.252659
-0.02966041
0.5813213
-1.850029
-1.42375
1.323616
0.6044015
-0.9816937
0.1945643
0.5484197
0.1597511
-0.1594959
0.5177388
0.4319448
0.2542608
0.9369932
1.359796
1.183490
-0.4959066
-0.3548696
0.5813213
-1.245006
0.875693
-1.000955
0.2442453
1.218761
0.7683568
0.2274552
-1.391998
-0.07775924
1.080357
-0.7022542
-0.3548696
0.04088953
-0.6158618
0.929323
-0.6158618
-0.2832006
0.6760023
-0.6158618
-0.3520170
-0.4095142
-0.8515785
-0.003667345
-1.337356
-0.906021
-0.1108135
0.4719062
-0.289559
-0.2518491
0.817038
2.449438
0.105061
1.530916
0.5145288
-0.5108628
-0.1108135
0.5390909
-0.1561936
1.294486
0.8109392
0.3203304
0.9572383
0.3475349
-0.1230376
-0.4868308
0.6311014
-1.093301
0.9539493
-0.05831196
-1.174193
0.55139
0.5030382
-0.4959066
-0.9221913
0.2064993
-0.2181912
-0.2031680
-1.245006
-1.000955
-1.928793
-0.1108135
-0.7399641
0.5390909
0.4604571
0.04685168
-0.1108135
0.1074330
-0.8599193
0.07141378
-0.2242484
-0.2518491
1.100353
0.4018623
-0.3171611
-0.3548696
-0.06015254
-1.038659
-1.038659
-1.174742
0.5143468
-2.086467
-1.928793
-0.632818
0.001471567
0.9093924
-0.8585807
-0.1161786
-0.2425859
-0.6535717
-1.671285
0.0679334
0.885426
-0.8515785
-1.928793
0.1332440
-1.104787
0.8547478
1.348595
0.372856
-0.5882611
-0.3171611
0.6760023
-0.003667345
-0.4959066
0.817038
0.9183678
0.6760023
0.7030448
0.6295955
-2.471558
-1.117423
-0.2611778
-0.7946087
0.974703
-1.787757
0.2780987
0.2658879
0.7229754
-0.06422458
1.359796
0.2433284
0.6382924
-0.7022542
-1.038659
-0.4235321
-2.192271
1.061095
0.6869749
-0.3794331
1.243323
0.3666342
-1.196321
-0.4480942
-0.6158618
-3.271831
0.1192261
0.6760023
1.462817
0.7178364
-0.7284119
-0.3794331
0.1633265
-1.038659
-0.04550283
0.005660069
1.142247
-0.6158618
0.3942349
0.4319448
0.1725014
-1.516100
-0.3887605
0.2468101
0.8716825
-1.284856
-1.830258
-0.3510506
1.074967
0.2005760
-1.337356
-0.2580616
-0.684523
-1.42375
1.11574
1.359796
0.6106917
-0.3794331
0.03404255
0.4319448
-1.42375
-1.436560
0.03871429
-0.4706484
-1.42375
-0.7399641
-0.06076562
-0.9110822
0.1332440
0.8500921
-0.1108135
1.174661
-1.402667
-0.6619648
0.2064993
0.1771356
-0.7022542
0.8313048
-1.787757
0.6382924
0.7612555
0.2100145
-0.04550283
0.03022351
-0.7399641
-1.038659
-0.06002939
1.622609
-1.038659
-0.5336165
-0.9522738
-0.7082163
-0.6874626
1.316512
-1.038659
-0.4959066
0.3154713
0.2211838
0.4319448
0.7623933
-0.289559
1.144121
-1.250963
-0.06153398
0.6760023
0.5390909
-1.245006
0.9093924
-0.9110822
1.633729
-0.2625164
0.8547478
-0.1108135
-0.1108135
0.2041795
-0.4959066
-0.3382414
-1.038659
-0.3794331
0.2120077
-0.6246056
-0.6369422
-0.7022542
-0.7022542
-0.5717199
-0.7946087
-1.066837
2.116529
0.817038
-0.1730855
1.061095
0.6473012
0.3666342
-0.01845895
-4.066267
-0.1531201
1.067515
2.792697
-0.1619764
0.3666342
-0.7946087
-0.8599193
0.795208
-1.009244
-0.1108135
0.5390909
-0.1108135
1.15345
0.004545009
-0.02442111
0.1878886
-0.04550283
0.005660069
0.5014988
1.566144
-3.914563
-0.2684786
2.638851
0.105061
-0.7323354
-1.267508
-0.5235073
-0.2518491
-1.038659
-0.8599193
0.2867715
-1.451352
0.1141448
-1.038659
-0.7946087
1.500833
-0.2151726
0.0679334
-0.8323172
0.2460980
0.5390909
-1.966515
0.1517074
1.023386
-0.02337565
-0.2684786
0.4319448
1.364887
1.909972
1.500833
-0.5505512
-1.777102
-0.7399641
-0.6535717
-0.8696898
1.589837
-0.5058591
0.3747809
-0.6158618
-1.838932
0.2742797
-0.1654581
2.064463
-0.5235073
1.572734
1.222886
2.075339
0.9034303
-0.5259891
-1.722447
-1.722447
-0.1108135
0.1332440
0.2420259
-0.8515785
0.6918434
-0.1769607
0.6593728
0.1332440
-1.038659
-0.8515785
-1.581411
-0.2643021
1.658498
-0.339659
0.5603734
1.359796
-1.391690
-1.163270
-0.1108135
-0.1694485
-0.5357596
-1.451352
0.7382743
-0.7946087
1.337298
0.624312
-1.402667
0.9672457
0.8853805
-0.09418395
0.04685168
1.243323
-0.6874626
-0.1108135
-0.4959066
0.3109562
-0.4959066
0.7037543
1.273405
-1.316608
-2.030259
-0.8599193
-1.027782
-1.245006
-1.838932
-1.038659
1.008594
-0.2722869
0.03404255
-0.2179596
0.4004474
1.658498
0.9527098
0.1137968
-0.289559
-0.1108135
-0.3718057
-0.8599193
-0.7399641
-0.1108135
0.4094468
-0.8976292
0.2742797
-0.3233601
0.783147
1.065735
-1.245006
0.8986407
0.2742797
0.1192261
-1.966515
-0.07310356
0.6382924
-1.777102
-0.6535717
0.9496818
0.3980540
-0.5567623
-0.1108135
-2.948999
-0.8515785
-0.8227904
-0.7399641
-0.3231232
-0.8599193
0.09553414
-0.9221913
-0.7946087
1.788782
0.4696547
-0.8451277
0.2804212
0.1569360
-0.8284982
-1.141679
-0.6158618
-0.1594959
0.6961323
-1.038659
-0.2847012
1.446189
-0.8599193
-1.164904
0.1878886
0.01676917
-0.1919665
-0.5259891
-0.2395125
0.4365844
-1.543702
-0.3718057
0.5749482
0.1878886
-0.4959066
0.6106917
-0.2370588
-0.5505512
1.466942
-0.4371163
0.7198952
0.4806273
-1.038659
-1.000955
0.04685168
1.228639
-0.3718057
1.487380
-1.000955
-1.874151
1.744889
1.685007
-0.175254
-0.5567623
-0.3625412
0.702085
0.105061
-0.5151678
0.1332440
1.698066
1.141198
-0.5675073
-0.5612172
0.1225780
0.4658357
-0.9315187
0.3154713
-0.8150452
0.04685168
-0.8852565
0.817038
0.1789347
0.2245477
-0.3382414
-1.543702
-0.7399641
1.603854
0.7015001
0.2794186
-2.265212
-0.7399641
-0.289559
-0.8323172
-1.787757
-1.103970
-0.2031680
-1.539995
-0.2518491
1.061095
1.652536
-0.4959066
1.267443
0.8675583
-0.4200143
0.1633265
2.540970
1.465070
0.737767
-0.8869619
-2.406247
1.902556
-0.9463103
-0.6369422
-0.04550283
-0.289559
1.977745
-0.7675648
-0.6874626
-0.8809997
-0.007792931
-0.3171611
-0.4737807
-0.4959066
0.3119896
-0.01683790
-0.1108135
0.6382924
0.8547478
1.944848
-0.8515785
-0.9110822
-0.9733542
-1.682489
0.9714543
0.105061
0.817038
-0.8976292
-0.7840257
-0.7399641
-1.196321
1.682617
-0.0638404
-0.01845895
-0.3171611
-0.9221913
0.9093924
-0.8869619
-0.4781767
-0.4959066
-0.3548696
1.296993
-1.038659
0.1332440
-0.9356443
0.05574672
1.352339
-1.000955
-0.1108135
-0.7946087
-1.038659
-0.6535717
0.09553414
1.968510
1.148793
1.136389
0.04685168
0.1878886
-0.5612172
1.202131
1.243323
-0.8268651
0.3203304
-1.005611
-0.7507158
0.6525579
0.454072
0.7454385
0.105061
-0.7399641
-0.1108135
-0.4095142
0.5493487
1.359796
-0.4095142
-0.6535717
-0.01845895
1.047079
-0.6535717
-0.5951081
1.446189
0.001471567
-0.1108135
1.551724
-1.000955
0.7405258
-0.3171611
-1.196321
0.4982072
-1.155132
-1.040600
-0.4959066
0.6555644
0.6760023
0.04685168
0.9164389
0.817038
-4.907729
-0.1108135
1.041901
-0.2518491
-0.2352209
0.04685168
-1.337356
-0.9356443
-0.289559
0.4319448
-0.4095142
0.1878886
2.366413
0.5768008
-0.003667345
1.909620
0.9038037
-0.1300747
0.6760023
1.288352
-0.7399641
0.817038
0.2846967
-0.3718057
-0.4959066
0.00317963
0.3696728
-1.254778
0.01925094
-0.2108382
0.2742797
0.04685168
1.446189
0.4197206
-0.5612172
-0.1900844
-1.179695
1.15345
4.599719
-1.038659
0.800201
-0.6535717
0.2056185
-1.605974
1.11574
-0.1271672
-1.880121
0.6666735
-0.9585626
-1.286288
1.239841
0.929323
-0.1108135
-0.2705722
-0.1108135
0.3327433
0.03022351
0.4105271
1.317831
1.389879
-2.323843
-0.2684786
-0.6806156
-0.8515785
-2.323843
0.4418237
0.646237
-0.8599193
0.03823105
-0.2245857
-0.2651963
-0.4959066
0.04685168
-0.289559
-0.4959066
0.3176813
-0.5087157
-0.4959066
1.392850
0.2317802
-1.581411
-0.3794331
-0.5612172
1.640530
-0.9733542
2.160065
-0.236008
-0.9110822
-0.2518491
-0.289559
-0.9463103
0.5484197
-0.6336412
-0.289559
-0.3548696
-1.594864
0.2330144
-0.4959066
0.04685168
0.6848264
-0.1211502
1.590775
-0.5951081
-0.2684786
-0.1730855
-0.3990972
-0.6535717
-0.6369422
0.1682740
0.912431
0.1332440
0.4090867
-0.7946087
0.08074253
0.3043622
-1.42375
2.096093
-0.622152
1.122098
-0.1348254
0.4522408
-0.1108135
0.9821203
0.09553414
0.3757501
-0.7222329
0.2012078
2.261092
0.5994889
1.209716
0.04685168
-0.1654581
0.7483768
-0.289559
-0.4884907
-0.9733542
0.6106917
0.8902932
-0.4959066
-0.9086004
0.5994889
0.07141378
-0.8938088
0.1567406
1.49244
-0.5882611
-1.444498
-0.2518491
0.898191
0.2403888
0.0679334
1.841699
0.2809566
1.711000
0.04685168
0.1553699
-0.8492533
-0.3548696
1.658498
-0.9656492
-0.1447043
-0.4095142
-0.2913822
-1.376162
-0.7675648
-0.01306169
-0.2672364
0.817038
-0.4139838
-0.3171611
-1.245006
0.1003063
-0.6158618
0.1989964
1.011380
-0.02442111
-0.6535717
1.245804
0.04685168
-2.599141
0.5484197
0.2822042
-0.3683240
0.1332440
-2.021157
0.4319448
-0.3171611
2.279656
-0.7399641
0.9580749
-0.1895771
0.3119896
0.4224728
-0.6535717
-0.7022542
-2.894357
-0.4095142
-0.7022542
-0.9463103
0.1587418
0.5442298
0.4696547
3.004497
-0.2580616
-0.02966041
-0.4159663
0.779241
0.1107461
0.1878886
-0.1108135
-0.3171611
-0.5882611
-1.543702
0.1332440
-1.282714
-0.6535717
-0.1136045
1.061095
-0.289559
-1.42375
1.267443
1.088696
0.5390909
-0.1108135
1.359796
0.817038
0.7623933
-1.066262
0.08272367
0.9446206
0.8336674
-0.6493953
0.6572805
0.4356581
0.1878886
-0.4959066
0.2403888
1.012413
0.8774372
-0.3171611
0.9093924
-0.5490024
0.3913636
0.03689914
-0.4095142
-0.3910508
-1.42375
0.01676917
0.708149
-0.6193529
0.874357
0.8657806
-1.038659
0.6092955
-0.3171611
0.741313
1.225824
0.743966
0.5311463
0.1332440
0.817038
-0.3794331
-1.000955
-0.4095142
1.243323
0.1332440
0.783147
-0.6645443
-1.671285
-0.5612172
-0.4701277
0.0567306
-1.230214
1.566144
-0.5190524
0.2909092
-0.7946087
-0.3382414
-0.3171611
0.3395903
0.9992652
0.1759362
-1.245006
-0.8938088
1.359796
0.4319448
-0.1108135
-0.4959066
-2.471558
-0.3171611
-1.038659
-1.722447
2.155333
-1.093301
-0.1625038
0.2425333
-0.6535717
-0.2625164
0.3154713
0.6087627
1.872473
1.403689
-0.2442217
0.7635552
-1.630096
0.4115083
0.05493954
1.292700
-0.1794746
-0.2761502
-1.484201
0.5183372
-0.1794746
0.6406122
0.4797572
0.5484197
0.8481699
1.325907
-0.1108135
-0.05726249
-1.245006
-0.7399641
-0.7022542
0.6286959
-1.038659
0.3098424
-0.04550283
-0.4095142
0.1878886
1.837244
1.446189
0.6106917
0.2250912
-0.08139222
-0.9221913
0.6382924
-0.6484328
-0.3088202
1.723904
-0.5628918
-0.4959066
-0.8471089
-1.309754
1.325907
1.585886
0.783147
-1.038659
0.5390909
-0.6518998
-0.2341192
-1.337356
-0.4165044
-0.6096788
-0.4959066
-0.05376203
-0.3283625
0.03404255
-1.054361
-0.3171611
-1.038659
0.04437124
-1.272046
-1.630096
1.190930
0.4319448
3.294264
0.1878886
0.5696312
3.226484
0.454072
-1.038659
-1.196321
-0.3887605
1.236490
1.744889
1.061095
0.09197746
-0.2182782
-0.3088202
0.3666342
-0.7022542
-0.5235073
0.6106917
0.9060419
-0.6535717
-1.722447
-1.331788
-0.5464256
-0.632818
-0.4959066
0.04685168
-1.42375
1.538543
-0.1108135
1.075887
1.403689
1.270699
-1.42375
1.252803
2.287649
-0.289559
-0.5058591
0.04685168
0.1878886
0.1332440
0.3043622
-1.337356
0.03022351
1.246858
0.04685168
-0.2794512
-0.1594959
1.015714
-0.6874626
-0.9621527
-0.4520137
0.01676917
0.8675583
-0.3171611
0.3032458
-0.9733542
0.454072
0.1332440
-0.6234892
1.765644
0.6382924
-0.5709877
1.207350
0.2255985
-0.4959066
-0.3625412
-0.4472241
0.1878886
-1.966515
0.2143957
-0.1594959
-1.158612
-0.1794746
0.2403888
1.780119
1.650361
0.09553414
0.5484197
-0.3794331
-0.8323172
0.05330243
1.11574
-1.707655
-0.08712012
0.6760023
3.899294
-0.2518491
-0.4255467
-1.158612
-0.5357596
0.3980540
1.040014
-0.7399641
1.527342
0.6382924
-0.3683240
0.4595469
-1.068738
0.1878886
-1.196321
-0.04550283
0.898191
-1.066262
-0.1730855
-0.1108135
1.008594
-0.07775924
-1.413362
0.5390909
0.3814258
-0.6874626
-0.4229686
-0.003667345
-1.179695
0.3203304
1.305152
-0.3038406
-0.1108135
0.6286959
-0.7399641
0.461366
-0.914564
-0.7946087
-0.265867
1.443143
0.4696547
-1.137864
-0.01845895
-1.155667
0.08401007
-0.2151726
-0.1654581
1.093242
-0.9463103
0.6355576
-0.3171611
1.243323
-0.1765431
0.9034303
-1.880121
1.28092
-0.7399641
-0.7399641
-0.289559
0.4191357
0.2704713
-2.021157
-0.3171611
1.126406
1.010576
-0.6158618
0.3032458
-1.093301
-1.615305
-1.020216
0.974703
-0.4341419
-0.5235073
-0.4959066
-0.7507158
1.102287
-1.245006
-1.42375
0.4056599
-0.1108135
0.04685168
-1.543702
-1.217404
0.2742797
0.3043622
-2.265212
-0.84552
2.195294
-1.516100
-0.4959066
1.423336
-2.406247
1.15345
1.750698
1.829188
-0.4556172
-1.016539
-0.2212164
0.1744343
-1.444498
1.267443
-0.03808694
-0.8711208
0.3109562
0.105061
-1.928793
0.2425333
-1.282714
-0.3548696
0.6254819
1.168242
