0.182811
-0.935834
0.3319637
0.4811164
1.376032
0.853998
0.853998
0.1082347
-0.04091799
0.182811
0.1082347
0.7794217
1.450609
-0.488376
-1.084987
-1.905326
0.9285744
0.1082347
-0.1900707
0.4811164
1.077727
-0.1900707
0.7048454
-1.084987
-0.6375287
0.5556927
0.2573873
-2.054479
-0.1900707
0.03365835
0.7794217
-0.488376
-2.278208
-1.084987
1.674338
-0.04091799
1.450609
0.853998
0.7048454
0.40654
1.301456
-1.159563
0.1082347
-0.1154943
0.40654
-0.1154943
-0.1154943
-1.084987
0.03365835
-0.04091799
-0.1154943
-0.3392233
0.5556927
-0.488376
1.599761
0.1082347
-1.383292
-0.264647
0.3319637
-0.712105
0.03365835
-0.488376
-0.1154943
0.853998
-1.308716
-1.234139
-1.234139
0.4811164
0.7048454
0.2573873
-0.712105
1.152303
-0.04091799
-0.6375287
-2.203632
2.494677
-0.1900707
0.4811164
1.525185
-0.8612577
0.9285744
0.182811
2.569254
-1.010410
1.003151
0.1082347
0.1082347
-0.3392233
1.077727
-0.04091799
-1.084987
-1.756174
0.630269
2.420101
1.003151
-2.278208
0.40654
-1.532445
0.3319637
-1.979903
0.03365835
-0.3392233
0.03365835
1.003151
-1.681597
0.9285744
-0.04091799
-0.04091799
0.3319637
-0.935834
-1.756174
0.630269
-0.4137997
