5.180299
0.966964
-0.8022436
-0.5139283
-0.002823891
0.4689648
-0.2321656
-0.1535342
6.661191
0.2199652
-0.08800796
-1.437848
-1.444400
1.091464
0.003728729
-0.74327
-0.3107970
1.098016
0.6262277
-0.6122176
0.6917539
0.5475962
-0.2780339
-0.1600868
-0.5860071
0.292044
-0.009376511
0.003728729
-0.6515333
-0.2649287
2.192304
-0.1469815
-0.8939803
0.809701
1.366674
-0.4352968
0.1478864
1.353569
-0.6187702
-0.553244
-0.880875
-0.225613
2.814803
2.487172
-0.6580859
-0.6318754
-0.5139283
2.074357
0.5475962
0.2068600
-0.553244
-0.690849
0.2199652
-0.9267434
-0.6842964
1.471516
1.445305
-0.5335861
-0.1862973
-0.4680599
-0.1731920
-0.04213961
0.966964
0.3575702
-1.352664
-0.04213961
-0.4352968
-0.1338763
-0.5335861
-1.221611
-0.3894285
1.419095
-0.7563752
-0.4221916
-1.129875
-0.9791643
-0.9070855
0.4099912
0.5541488
5.822456
-0.7367174
-0.1076658
-0.5925597
-0.2387182
-0.8415593
4.996825
0.3379124
0.01028135
0.862122
-0.04213961
-0.6515333
1.897436
-0.9595065
-0.8087962
-0.1994025
-0.4025337
-0.3828759
-0.880875
-0.2976918
0.2723862
-0.795691
-0.363218
-0.880875
1.917094
1.202858
-0.6253228
2.723066
0.003728729
-0.1797446
0.5934646
-0.04869223
1.70741
-0.8743224
0.4951753
0.06270231
1.812252
-0.6974016
-0.6777438
0.1347811
-1.005375
-0.3370075
-0.8153488
-1.208506
-0.5073757
1.845015
-0.9201907
-0.6253228
0.4951753
-0.1862973
0.9800692
-1.555795
0.02993921
-0.2583761
-1.01848
-0.2911392
-1.444400
-0.5401388
-0.06179747
-0.880875
-0.3501128
0.1609916
0.4427543
-0.04869223
-0.6974016
-0.2125077
-0.2976918
-0.6777438
0.2003073
-0.6974016
-0.9005329
-0.2583761
-0.7498226
-1.005375
1.563252
0.5213857
-0.7629279
-0.2387182
-0.7760331
-0.6449807
-0.2190604
-0.7236121
-0.3697706
-0.3042444
0.6327803
-0.5466914
-0.4025337
-0.3697706
2.415093
0.07580755
0.4099912
4.374327
-0.4484021
0.5607015
-0.4352968
-0.6646385
-0.01592913
-0.3435601
-0.1273237
0.2134126
-0.6122176
-0.8743224
-0.2649287
-0.04869223
0.3772281
0.003728729
1.150437
1.130779
-1.025033
0.2330704
0.7048591
3.201407
-0.2321656
0.8162537
-0.3435601
-0.9726117
0.7179643
0.8883325
-0.4221916
-0.04213961
-0.6318754
0.344465
-1.359216
-0.225613
-0.7236121
-0.9988222
-0.1011132
0.1872021
1.084911
-0.3566654
0.4755174
-0.3042444
-0.3173497
0.6983065
0.1740969
0.1413338
2.375777
0.0889128
-0.3828759
0.8359115
0.9538587
-0.07490271
2.048146
-0.9005329
-0.04869223
-0.880875
-0.3042444
-0.2845866
0.4296491
0.09546541
-0.4877178
1.550147
0.3313597
-0.966059
-0.605665
1.078358
-0.1535342
-0.6777438
-0.1666394
0.02338659
-0.6842964
0.4689648
-0.1928499
-0.74327
0.1740969
-1.110217
-0.6122176
0.7965958
-0.9070855
-0.2780339
1.261832
-0.7498226
-0.5597966
-1.896531
0.1609916
0.6917539
-0.415639
-0.6580859
-0.2911392
-0.8153488
-0.3697706
-0.8546645
3.417644
-0.2321656
0.48207
-0.3828759
0.7179643
-0.2911392
-1.169190
0.02993921
-0.6646385
2.447856
-0.8415593
-0.5794545
0.2854914
-0.8219014
-0.4484021
-0.4549547
-0.5204809
-0.3828759
-0.1928499
0.914543
-1.437848
-0.3435601
0.2789388
-0.7891383
-0.3697706
0.04959707
1.327358
-0.74327
-1.29369
1.641884
-0.5073757
-0.9005329
-0.1862973
-0.7039543
-0.9464012
-0.5991123
-0.1994025
-0.7498226
0.6393329
-0.3239023
-0.4484021
-0.1600868
-0.1011132
-0.2452708
-1.765479
-0.363218
-0.05524485
-1.031585
-0.3566654
-0.4615073
1.740173
-1.057796
-0.225613
0.292044
0.04304445
0.1806495
-0.8415593
-0.6515333
-0.8939803
-0.2714813
-0.605665
0.9800692
0.2003073
-0.5860071
-0.363218
0.6327803
-0.2714813
0.06270231
-0.3828759
-1.077454
-0.363218
-0.5270335
0.2134126
-0.6449807
-0.04869223
-0.3763233
0.4230964
0.01028135
1.517384
-0.2714813
-0.3697706
-0.5663492
0.2134126
0.5607015
1.812252
-0.3566654
-0.06179747
-0.7760331
-1.064348
-0.2845866
3.096566
-0.415639
-0.08800796
0.8359115
0.4362017
-0.3370075
0.7114117
0.02993921
0.09546541
-0.5204809
-0.5466914
0.6000172
-0.6777438
-0.2780339
0.3772281
-0.8219014
-1.038138
-0.74327
-0.3894285
0.9342008
0.5672541
0.2199652
-0.002823891
-0.225613
-0.7563752
-0.06179747
-0.5335861
0.3379124
2.002278
0.04304445
-0.08800796
-0.7694805
-0.5729019
-1.444400
-0.9726117
-0.5073757
0.1085707
-0.1666394
2.677198
-0.2911392
-0.3042444
-0.8939803
-0.8874276
1.602568
-1.031585
-0.4877178
0.1282285
-0.3566654
-0.8153488
-1.084006
0.534491
-0.7563752
-1.149532
-0.05524485
-0.2583761
-0.4680599
-0.6580859
-0.4287442
-0.6842964
-0.8153488
-0.4615073
-0.2714813
0.75728
-1.254374
0.7900432
2.087462
-0.690849
-0.3239023
-0.3435601
-0.4811652
1.582910
-0.002823891
-0.2714813
0.02338659
0.7900432
0.0889128
1.170095
0.06270231
-1.280585
-0.4549547
-0.1600868
-1.313348
0.3837807
0.3706755
-0.08800796
1.543595
0.1478864
2.067804
-0.2125077
-0.3763233
-0.02903437
-0.4811652
-0.9070855
-0.6122176
0.1347811
-0.4287442
-0.1076658
-0.5204809
-0.1731920
-0.6580859
2.225067
-1.005375
-0.5335861
1.268384
-0.05524485
-0.9005329
-0.690849
0.1740969
2.310251
-1.778584
0.5934646
0.7900432
-0.02903437
4.590563
-0.1862973
-1.011927
0.2199652
-0.05524485
-1.136427
-0.6122176
-0.9070855
-1.477163
0.6983065
-0.4418495
1.759831
0.05614969
-0.3435601
-0.1404289
0.7965958
-0.4877178
-0.5139283
0.5148331
0.9276482
-0.2911392
-0.7105069
-0.3501128
-0.7760331
-0.3370075
-0.1142184
-0.8350067
-0.690849
-0.1862973
-0.7301648
-0.4549547
0.672096
-0.3042444
0.4689648
0.2658335
-0.2714813
3.175197
-0.3763233
-0.9201907
0.1151233
-0.1338763
-0.6449807
0.4755174
-0.7760331
1.301148
-0.1862973
-0.4615073
-0.3370075
-1.162638
0.6065698
2.539593
-0.002823891
-0.1797446
1.700857
0.2330704
-0.02248175
-0.6318754
-0.9070855
-0.1011132
0.0889128
-0.3042444
1.301148
0.1740969
0.01028135
1.084911
0.3641228
0.3772281
-0.8153488
1.274937
-0.2190604
-0.1076658
-0.2911392
1.779489
-0.3697706
-0.6842964
-0.848112
-0.1535342
-0.4615073
0.08236017
-0.2321656
0.5410436
4.466063
-0.4484021
0.1282285
0.05614969
-0.02248175
2.952408
0.292044
-0.2125077
-0.6711912
-0.5860071
-0.3435601
-0.415639
-0.9398486
-0.6515333
-0.4811652
-1.090559
-0.02903437
-0.6842964
-0.7563752
-0.4746126
-0.1338763
-0.4418495
-0.4484021
-0.8219014
2.244725
-0.3894285
-0.3894285
0.2527283
2.395435
-0.04869223
-0.04213961
-0.5597966
1.792594
1.360121
0.5541488
-1.306795
-0.985717
0.1085707
0.1872021
-0.8087962
0.5213857
-0.06179747
0.6131224
-0.01592913
-0.06179747
0.724517
-0.4680599
-0.795691
-0.8677698
0.9538587
-0.5794545
0.02338659
-0.4090864
-0.6122176
-0.4615073
-0.1404289
-0.1011132
-1.346111
-0.5794545
-1.437848
-0.04213961
0.3117019
1.065253
-0.7891383
-0.1600868
-0.5794545
-0.966059
-0.363218
-0.880875
0.7310696
0.48207
-0.6449807
2.270935
0.6000172
-1.064348
0.2854914
0.154439
-0.8874276
0.5475962
0.2723862
-1.156085
0.5082805
0.7310696
0.48207
1.274937
-0.1994025
-0.4418495
0.1020180
-0.002823891
-0.3042444
-0.3501128
-0.4418495
-0.415639
0.8031484
-0.2976918
0.862122
-0.4746126
2.139883
0.003728729
0.2003073
1.091464
0.1085707
-0.5270335
-0.6318754
1.628779
-0.6187702
-0.3763233
-0.363218
-1.195401
-0.880875
-0.3107970
-0.3304549
-0.5270335
-1.136427
-1.038138
-0.02903437
0.672096
-0.2321656
-1.523032
-0.6318754
-0.8743224
-0.4549547
-1.326453
0.3182545
0.672096
-0.74327
-0.7825857
0.4886226
-0.2059551
-0.3304549
-0.3763233
1.098016
-0.1731920
-0.3435601
-0.1666394
-0.9136381
-0.3501128
-0.3239023
-2.125873
1.537042
-1.142980
-0.04869223
-0.02903437
-0.5204809
-0.553244
-0.3828759
-0.2911392
-0.3959811
0.1085707
-0.09456058
0.02338659
-1.378874
0.1478864
1.550147
-0.795691
0.9604113
1.491174
1.098016
0.6524381
0.1872021
1.582910
-0.4352968
0.4099912
-0.5860071
0.2461757
0.3248071
-0.05524485
-0.04213961
-0.500823
1.209411
0.5279384
1.052148
-1.064348
-0.2452708
-0.4221916
5.029589
-0.8415593
1.668094
-0.6974016
-0.1142184
-0.2125077
-0.2714813
0.04304445
-0.3763233
-0.5860071
-0.7105069
0.2723862
-0.1862973
0.003728729
-1.29369
0.4951753
-1.339558
0.1282285
0.2854914
0.5213857
0.01683397
-0.7170595
0.1347811
-0.2845866
-0.08145534
-0.02248175
5.986271
0.1216759
-0.966059
-0.3828759
2.067804
-0.605665
-0.5073757
0.3706755
-0.1535342
1.209411
1.176648
-0.8939803
-1.29369
-0.3959811
0.03649183
-0.3370075
-0.4484021
-0.4484021
-0.7039543
-1.208506
-0.7105069
-0.4352968
-0.7629279
-0.2387182
1.039043
3.823906
0.2854914
-0.4484021
0.03649183
-0.1797446
0.8883325
-0.7301648
0.3051493
-0.6711912
-0.2190604
-0.6122176
-0.01592913
-0.2976918
0.2658335
-0.09456058
0.6852012
-0.3042444
0.292044
-0.1404289
-0.4025337
-0.7367174
-0.6974016
-0.6974016
-0.3042444
-0.07490271
-0.2321656
-0.9398486
-0.553244
2.565803
0.9079903
-0.7694805
1.117674
2.074357
1.202858
-0.1797446
-0.7367174
0.04304445
0.7179643
-0.2452708
0.1675442
1.320805
0.07580755
0.7310696
-0.9529538
-0.1731920
1.478068
-0.7367174
0.5541488
-0.9529538
1.248727
0.07580755
-1.234717
-0.5663492
-0.500823
-0.8022436
-0.2452708
2.179199
0.6852012
-0.02903437
-0.5991123
1.543595
2.238172
1.268384
0.48207
0.5213857
-0.1535342
-1.116769
-0.2452708
-0.5335861
-0.3959811
0.1216759
-0.6187702
-0.2714813
-0.02248175
0.8948851
-0.5466914
0.1937547
-0.6253228
0.3903333
1.903989
-0.415639
-0.4418495
-0.5925597
0.6458855
0.2723862
-0.5729019
-1.411637
1.386332
1.052148
0.2854914
1.858120
-0.02248175
0.4427543
-0.9529538
-0.1404289
-0.2321656
-0.7563752
1.727068
-0.0683501
-0.7694805
-0.4549547
-0.5335861
-0.05524485
-0.4352968
-0.2780339
-0.2845866
-0.5466914
-0.553244
0.3706755
-1.162638
0.4427543
0.8228063
-0.5466914
-0.1928499
-0.500823
-0.2911392
-0.4877178
-0.9201907
-0.9988222
-0.2780339
-0.3304549
0.08236017
1.517384
-0.3173497
0.2527283
-0.6187702
-0.9529538
-0.2059551
-1.110217
-0.3501128
-0.1666394
-0.6974016
-0.3697706
-0.6122176
1.117674
1.274937
-1.162638
-0.002823891
-0.4090864
-0.2059551
0.09546541
1.458410
1.543595
-0.009376511
-0.3239023
-0.3239023
-0.4090864
-0.5925597
-0.5597966
0.7965958
1.189753
-0.2518235
-0.1207711
0.2396231
0.5213857
-0.363218
0.4558595
-0.6646385
1.052148
0.3837807
-0.225613
0.9342008
-0.966059
1.111122
0.4951753
0.9800692
0.154439
-0.4090864
-0.7236121
-0.3239023
-0.7236121
0.4886226
-1.038138
1.700857
0.1675442
0.5213857
-0.8677698
0.5803593
-0.1404289
-1.005375
-0.1731920
0.1347811
-0.4090864
-0.2845866
-0.7170595
2.166093
-0.8546645
0.06925493
-0.3239023
-0.3697706
0.05614969
0.672096
-0.5073757
0.5541488
-0.363218
-0.7170595
0.2265178
0.9735165
-1.005375
3.397986
-0.6777438
-0.002823891
-0.2452708
1.130779
-1.084006
-0.1535342
1.163543
-0.8219014
-0.2649287
0.4886226
1.379779
-0.04869223
-0.7039543
-0.3501128
0.1151233
-0.7563752
-0.2125077
-0.9529538
-0.03558699
1.648436
-0.3370075
-0.5270335
1.373226
0.5934646
-0.6842964
0.5475962
-0.2583761
-0.4746126
-0.3042444
0.292044
-0.1862973
3.856669
1.255279
0.8948851
0.862122
-0.225613
-0.848112
-1.188848
0.04959707
-0.2059551
0.2003073
0.7441748
-1.057796
-0.3501128
0.3117019
-0.2387182
-0.9922696
0.1085707
-1.208506
-0.3697706
0.5148331
-0.1731920
0.1872021
0.04304445
-0.4746126
-0.1404289
1.170095
1.628779
-0.4221916
-0.7367174
0.4558595
-0.9595065
0.4886226
-0.1207711
0.8162537
-0.3828759
-0.4549547
-1.038138
-0.4549547
-1.719610
-0.3501128
-1.450953
-0.7236121
2.369225
-0.1994025
1.294595
-1.29369
-0.6187702
-0.1076658
0.003728729
-0.4811652
1.733621
-0.5270335
-0.8874276
-0.8677698
2.605119
-0.04213961
-0.4025337
-0.3107970
0.672096
0.1675442
0.09546541
0.02993921
-0.5139283
-0.07490271
-0.6122176
-0.1600868
-0.8874276
-0.4549547
-0.1731920
0.2134126
0.1740969
1.962962
-0.03558699
-1.175743
-0.3042444
-0.06179747
1.150437
-0.2780339
-0.8939803
0.8490168
-1.044691
-0.4549547
-0.7498226
0.0889128
-0.9201907
-0.2190604
-1.608216
-0.3239023
-1.201953
-0.2321656
-0.3435601
0.01683397
-0.6646385
2.048146
0.2789388
-0.225613
0.3182545
-0.9070855
0.3182545
-0.3763233
-0.3697706
-0.002823891
-0.3697706
-0.1535342
-0.553244
-0.4221916
-0.5729019
-0.1535342
0.05614969
-0.6122176
0.02993921
-0.3239023
0.04304445
0.5082805
-0.4942704
-0.7301648
-0.3107970
-0.3173497
-0.7825857
-0.6253228
0.3968860
-0.4615073
-0.553244
-0.8677698
-0.08145534
-0.1862973
-0.3828759
-0.4811652
0.6458855
-0.4484021
0.2723862
0.534491
-0.6842964
0.3837807
-0.6580859
0.2265178
-0.225613
0.8686746
-0.6777438
-0.07490271
-0.3959811
-0.5925597
0.344465
-1.562348
-1.149532
-0.3435601
-1.863768
0.3248071
-1.064348
2.631329
-0.5401388
5.566903
1.451858
-0.7760331
0.3510176
-0.5270335
-0.4811652
-0.3566654
-0.4352968
1.962962
0.7900432
-0.8153488
-1.306795
-0.5270335
-0.8677698
0.2134126
-0.5466914
-0.5729019
0.3968860
-0.8153488
-0.553244
-0.9267434
-1.188848
1.301148
-0.5204809
1.137332
-0.5860071
2.38233
-0.6318754
0.9604113
-0.4680599
-0.5401388
-1.070901
-0.9136381
1.340463
-1.025033
0.724517
2.500277
-0.1207711
-0.2387182
-0.6646385
-0.5401388
0.09546541
0.6524381
-0.5794545
1.071806
-0.1862973
0.08236017
-0.1207711
0.1347811
-0.03558699
-0.2780339
-0.3566654
-0.2387182
-0.4484021
-0.4090864
0.9866218
-0.2649287
-0.6646385
0.4296491
1.877778
-0.3828759
1.648436
-1.090559
-1.090559
1.143885
-0.500823
-0.7301648
0.6458855
-0.1076658
-1.182296
-0.7105069
-1.038138
0.5738067
0.09546541
-0.4352968
-0.6187702
1.124227
-0.2583761
-0.6974016
1.910541
0.4886226
2.094015
0.03649183
-0.3370075
-0.0683501
0.4624122
-0.3697706
-0.4942704
4.315353
-0.5073757
-0.7891383
0.1806495
-0.2059551
-0.5073757
-0.3501128
-0.3042444
-0.6384281
-0.5794545
0.1347811
2.703408
-0.6711912
0.8883325
-0.4025337
-0.7301648
-0.07490271
-0.3501128
-0.05524485
-0.3239023
0.4755174
-1.313348
-0.7236121
0.1216759
-0.7301648
0.6589908
2.80825
1.353569
-0.009376511
-0.7367174
-1.123322
-0.1469815
-1.156085
1.772936
0.5607015
0.1151233
5.848666
-0.2452708
-0.4549547
-0.4287442
-0.5925597
0.1872021
-0.3566654
-0.3239023
0.5541488
-0.5794545
5.311351
-0.4680599
-0.1600868
0.6065698
-0.1928499
-0.01592913
-0.9136381
5.429298
-0.3763233
-0.07490271
-0.3501128
0.2985966
0.6458855
-0.3173497
0.03649183
0.5148331
-1.123322
0.1609916
-0.5794545
-0.1273237
-0.880875
-0.3239023
0.7376222
-1.313348
-0.2190604
-0.7760331
-0.5270335
-0.690849
-0.04213961
0.3903333
1.864673
