-0.696244882099593
-0.612974351052729
-0.521189574264309
-0.428982104424888
-0.338586176232608
-0.257489495162313
-0.175577620350805
-0.0994928711709289
-0.0246158164224811
0.044222766168835
0.106207682861805
0.162969321138854
0.223354042710184
0.282531069850087
0.300253985631272
0.311123235514111
0.32923865198551
0.337692513005495
0.353392540614042
0.359823513461389
0.390831067988266
0.404115706733959
0.396869540145399
0.384792595831133
0.368277374481374
0.352184846182615
0.33286173527979
0.31314612368675
0.28856954200722
0.266046040861114
0.236246180765662
0.212907485878343
0.181084737610253
0.152915264997228
0.124323099333203
0.0973613211516044
0.0683766547973662
0.0405996828745551
0.00959212834767777
-0.0191811914810612
-0.0539929834669331
-0.0846080373035965
-0.114589051563761
-0.14740814773778
-0.178989357119584
-0.210812105387675
-0.24643909111476
-0.278020300496565
-0.317481716043429
-0.350481966382161
-0.379074132046185
-0.422762478103042
-0.462405047814619
-0.495224143988637
-0.533447672743288
-0.569497351521373
-0.601682408118891
-0.644163059744321
-0.680786393377332
-0.725682433865616
-0.766351543843906
-0.803186224002417
-0.842013599972782
-0.881686362045146
-0.912482570046524
-0.944063779428328
-0.97386363952378
-1.01673679183942
-1.056802054602
-1.0837638327836
-1.10610617976499
-1.13530219264473
-1.17252937349345
-1.20453327592626
-1.2381373734807
-1.27156031687043
-1.30296037208753
-1.32388367811199
-1.34966795422295
-1.35972201036458
-1.36877971860027
-1.36576048252171
-1.35769912219194
-1.34522967718746
-1.319656747602
-1.28242956675327
-1.23572198461785
-1.15462530354755
-1.08476018068953
-1.01815583279635
-0.941044543349763
-0.842436293023782
-0.723870892218476
-0.616597434347009
-0.523393616601662
-0.414097270557556
-0.286081660826338
-0.137927746451081
-0.00791944090800773
0.102192098877311
0.218130764294264
0.341708096989989
0.42304631694657
0.508369928526858
0.556677705783922
0.597739316452426
0.639616120862143
0.690731787672274
0.730193203219137
0.75434709184767
0.783331758201908
0.801447174673306
0.806277952399013
0.7966163969476
0.795408702516173
0.775693090923134
0.755554786279095
0.736624176066484
0.70280873198654
0.671016176079235
0.632762454963798
0.600969899056493
0.569962344529615
0.534154204637816
0.501938955679512
0.468123511599568
0.430684984225344
0.400492623439679
0.363446596755668
0.322807679138163
0.287361847575793
0.244700041785648
0.207261514411424
0.164992209311493
0.12233040352135
0.084891876147125
0.0478458494631149
0.0116150165203169
-0.0262160115441208
-0.0693005103852648
-0.107946732190916
-0.142154676961073
-0.18946610631221
-0.221258662219515
-0.204954787395257
-0.204954787395257
-0.222889049701942
-0.243601009200908
-0.274819910253284
-0.305404771729163
-0.349696965001733
-0.382485868814965
-0.409658993522063
-0.435835770323234
-0.459174465210553
-0.485139895486225
-0.510501478546183
-0.532843825527575
-0.550174240618547
-0.570282352901799
-0.586405073561344
-0.599870866471751
-0.615993587131296
-0.631874768904555
-0.645159407650248
-0.653220767980021
-0.66750175463164
-0.684409476671612
-0.710797599998284
-0.732324753238462
-0.745820738509655
-0.766140197318407
-0.787667350558586
-0.804182571908345
-0.827943959846662
-0.834767433384223
-0.839417056945215
-0.839417056945215
-0.841017252066856
-0.8748326961468
-0.878244432915579
-0.866982682342527
-0.842224946498282
-0.807201807986911
-0.777613294416959
-0.737548031654382
-0.685828517628538
-0.635316698034122
-0.577739866015859
-0.523786117291876
-0.462405047814619
-0.401416479027576
-0.336804826946254
-0.272797022080645
-0.209604410956249
-0.153023926843913
-0.105923844018276
-0.0511850939138653
0.00397634924154327
0.0530691278790345
0.103399793308737
0.144461403977242
0.180299736229825
0.22296154201997
0.260792570084407
0.285761652454153
0.306292457788404
0.318761902792884
0.321599984706737
0.32923865198551
0.322807679138163
0.317161707671244
0.306292457788404
0.284553958022726
0.262000264515834
0.231807903730169
0.202430736685718
0.171845875209839
0.142438515804602
0.105815182171591
0.0716072374014323
0.0381842940117021
0.00557654436318406
-0.0302617878894001
-0.0650735798752719
-0.097077482308076
-0.131889274293948
-0.171562036366311
-0.205769981136469
-0.242000814079267
-0.273612215821858
-0.312047091102009
-0.347674076829094
-0.379889325787398
-0.420739589930402
-0.46038215964198
-0.489185671831504
-0.526805353370442
-0.563640033528953
-0.593047392934191
-0.631270921688842
-0.667924447682639
-0.70657066948829
-0.746424585725368
-0.785070807531018
-0.81465932110097
-0.852490349165407
-0.889113682798419
-0.92413682130979
-0.952517640448315
-0.995390792763959
-1.03304066666368
-1.07026784751241
-1.10106405551379
-1.13750623498208
-1.17594111026223
-1.2156138723346
-1.25021431779497
-1.29209112220469
-1.32327983089628
-1.35670277428601
-1.39836823217023
-1.43037213460303
-1.46639162102033
-1.50485668866127
-1.54027232786285
-1.5698608414328
-1.60126089664989
-1.6292492150982
-1.65862638214266
-1.68398796520261
-1.70249588236423
-1.71197628365093
-1.70995339547829
-1.7012881879328
-1.67773814651998
-1.64875348016574
-1.61656842356822
-1.57025334212302
-1.51853382809717
-1.4561262183532
-1.38004146917333
-1.30377556582874
-1.22868716455479
-1.1381100821978
-1.06646361005341
-0.984944235932119
-0.908648140226744
-0.829936655658516
-0.748236127372507
-0.664693865078573
-0.588005268682985
-0.51352071462475
-0.451928298621994
-0.381489520909038
-0.315277673706075
-0.252054870220893
-0.195293231943844
-0.137746592286367
-0.0853930386840241
-0.0382929558583865
0.00216480759440332
0.0357689051488482
0.0631533763814466
0.0764380151271392
0.0917153496846854
0.0937382378573245
0.0949459322887515
0.0788534039899921
0.0667764596757265
0.051076432067181
0.0245071545757957
0.00596904505339786
-0.0191811914810612
-0.0495848987922256
-0.0773618707150367
-0.0988890239552159
-0.124643107705388
-0.149219689384919
-0.178989357119584
-0.204350940179543
-0.229923869765001
-0.258093342378026
-0.283666271963485
-0.311050743196082
-0.34525868796624
-0.372643159198838
-0.40202032624329
-0.437043464754661
-0.464820436677472
-0.497216839800491
-0.529220742233295
-0.558205408587534
-0.585801226345631
-0.617382435727437
-0.651409226332881
-0.683201782240186
-0.71158260137871
-0.744613044078228
-0.779424836064099
-0.805178919814271
-0.834374932694009
-0.869186724679881
-0.897175043128192
-0.92775990460407
-0.953544180715028
-0.988144626175399
-1.02196007025534
-1.05378281852343
-1.0835524862581
-1.10933676236906
-1.14073681758615
-1.17696765052895
-1.21036040155789
-1.24641008033598
-1.27660244112164
-1.30437941304445
-1.33716831685768
-1.36817587138456
-1.39332610791902
-1.42312596801447
-1.44767235733322
-1.47665702368745
-1.50745323168883
-1.5287992307643
-1.54652214654548
-1.55497600756547
-1.56783795326016
-1.5696494949073
-1.56179948110303
-1.54772984097691
-1.52176441070124
-1.48752627357029
-1.44145273101137
-1.38327205177739
-1.31120288658201
-1.23472563671192
-1.142729513398
-1.05336012547244
-0.963386890331154
-0.869186724679881
-0.775409252079606
-0.669132142114066
-0.5614359911916
-0.471674102575818
-0.366997187731919
-0.260508731240879
-0.163893176726752
-0.0618429972712058
0.0307267808976432
0.113876542501363
0.199622847132651
0.287361847575793
0.371115456395227
0.450008095128169
0.524492649186403
0.5876852603108
0.644054397897636
0.69918564869226
0.744685536396257
0.783331758201908
0.807485646830439
0.825993563992051
0.833239730580611
0.844924174204664
0.842901286032024
0.828408952854905
0.826808757733264
0.820377784885918
0.807485646830439
0.794201008084746
0.777685786734988
0.759177869573375
0.739039564929337
0.720531647767724
0.700816036174685
0.682277926652287
0.657339036643328
0.630347066100944
0.606193177472413
0.5788388986006
0.544208260779443
0.51845417702927
0.48663142876118
0.463685234564075
0.429477289793917
0.402908012302532
0.365861985618522
0.330053845726723
0.294215513474139
0.258799874272554
0.22296154201997
0.185130513955532
0.151707570565801
0.121122709089923
0.0852843768373388
0.0619456819500196
0.0297304329917153
0.00639173810439726
-0.0212040796537004
-0.0453579682822327
-0.068304162479338
-0.0948734399707222
-0.120023676505181
-0.14197352279636
-0.170354341934884
-0.193693036822203
-0.218662119191948
-0.2482506327619
-0.279227994927992
-0.313043439007936
-0.340216563715034
-0.370227770335985
-0.401023978337363
-0.434839422417307
-0.464427935987259
-0.490182019737431
-0.520374380523096
-0.5523782829559
-0.581966796525852
-0.60711703306031
-0.639120935493115
-0.655636156842874
-0.668920795588567
-0.676982155918339
-0.66771310115714
-0.656451350584087
-0.636101699414548
-0.596459129702971
-0.558809255803246
-0.510924171597182
-0.453135993053421
-0.391754923576163
-0.321919993078922
-0.249246980667827
-0.175185119660591
-0.0930618983235823
-0.0163733019279945
0.0639383777618742
0.143253709545815
0.226192124624036
0.307107651529618
0.395269345023759
0.466915817168141
0.540585177485163
0.607400871903839
0.673824065632302
0.742270147533404
0.803470062845945
0.861016702503423
0.905701396466207
0.950386090428991
0.994678283701561
1.02930892152272
1.06351686629288
1.08081708902306
1.09733231037282
1.11665542127565
1.11665542127565
1.11424003241279
1.09733231037282
1.08163228276428
1.06110147743002
1.03734008949171
1.01119350505132
0.985409228940362
0.954431866774269
0.922216617815965
0.890816562598874
0.867477867711556
0.84250878534181
0.816754701591638
0.784931953323547
0.75434709184767
0.728593008097497
0.700816036174685
0.672616371200875
0.638800927120931
0.608216065645052
0.576000816686747
0.540977678175376
0.514831093734991
0.47980795522362
0.447592706265315
0.414169762875585
0.379146624364214
0.342130790040989
0.298653790509632
0.263630651998261
0.225376930882823
0.180299736229825
0.143253709545815
0.103399793308737
0.0683766547973662
0.033746016976209
-0.00248481596658894
-0.0415235384624526
-0.0801697602681034
-0.117608287642328
-0.154050467110626
-0.193481690296704
-0.234543300965208
-0.272585675555146
-0.313254785533436
-0.350481966382161
-0.389550881238811
-0.432424033554455
-0.473485644222958
-0.508508782734329
-0.550959241998974
-0.586586227726059
-0.628070531445562
-0.673962919839773
-0.719251461018269
-0.766532698008621
-0.807413154512411
-0.845244182576849
-0.878244432915579
-0.904632556242251
-0.925555862266716
-0.940652042659549
-0.948109555773608
-0.957167264009308
-0.951128791852175
-0.939836848918336
-0.926371056007929
-0.918521042203657
-0.911063529089598
-0.885913292555139
-0.844851681886635
-0.784859461005519
-0.711190100688496
-0.641143823665754
-0.56324753283874
-0.490997213478644
-0.427593255828748
-0.373247006414551
-0.312047091102009
-0.247435439020687
-0.18605436954343
-0.142154676961073
-0.102300760723997
-0.0576160667612119
-0.00710424716679561
0.0357689051488482
0.078038210248779
0.119492321607497
0.159768930895574
0.196392264528585
0.233015598161596
0.262000264515834
0.282138569159873
0.28132337541866
0.2740772088301
0.273292207449674
0.266831042241541
0.251946208374208
0.22296154201997
0.194369376355945
0.16780009886456
0.136400043647469
0.103792293998951
0.069976849919007
0.0393919884431281
0.00959212834767777
-0.0252196636381941
-0.0660699277811987
-0.100096718386643
-0.133912162466587
-0.172347037746739
-0.208577870689536
-0.252054870220893
-0.289916090646117
-0.331762702695048
-0.373247006414551
-0.41448977124777
-0.454947534700561
-0.486166435752938
-0.521370728429023
-0.5614359911916
-0.594043740840118
-0.632478616120268
-0.665297712294287
-0.701528545237084
-0.735736490007242
-0.772782516691253
-0.800166987923851
-0.829936655658516
-0.863148252522748
-0.892555611927985
-0.920332583850797
-0.942252237781189
-0.96842901458236
-1.0024558051878
-1.03403701456961
-1.06827515170055
-1.1020905957805
-1.13086391560924
-1.16166012361061
-1.19668326212199
-1.22648312221744
-1.2604797204621
-1.29351016316161
-1.32207213646485
-1.35347219168194
-1.38447974620882
-1.43257617694038
-1.46741816128704
-1.50727207752412
-1.54350291046692
-1.58133393853135
-1.63045690952963
-1.67393390906099
-1.72000745161991
-1.73733786671088
-1.75847251926085
-1.79147276959958
-1.81239607562405
-1.84038439407236
-1.85768461680254
-1.87622272632494
-1.88204985195658
-1.89693468582391
-1.9102193245696
-1.92151126750344
-1.92975378199793
-1.93539975346484
-1.95269997619503
-1.96154633790523
-1.96658846215644
-1.96758481006236
-1.969607698235
-1.97766905856478
-2.01148450264472
-2.01389989150757
-2.01589258731943
-2.02093471157063
-2.0330116558849
-2.03624223848897
-2.03201530797897
-2.04569244741488
-2.04448475298345
-2.05979227990178
-2.06420036457649
-2.0692424888277
-2.07929654496932
-2.08654271155788
-2.09400022467194
-2.09520791910337
-2.11232698766884
-2.1286308624931
-2.14070780680736
-2.14170415471329
-2.15520013998448
-2.17271170924017
-2.1829771119073
-2.19626175065299
-2.21395447407339
-2.23107354263886
-2.25643512569882
-2.27838497199
-2.29508134750447
-2.31621600005443
-2.32989313949034
-2.33695815191419
-2.35326202673844
-2.38324304099861
-2.40135845747001
-2.41926252741591
-2.42853158217711
-2.43457005433424
-2.44664699864851
-2.44987758125257
-2.45932779017848
-2.47342762266539
-2.49133169261129
-2.50220094249413
-2.51811231662817
-2.53822042891143
-2.54024331708407
-2.54326255316263
-2.55150506765712
-2.55271276208855
-2.55573199816711
-2.55715103912404
-2.56077412241832
-2.55835873355547
-2.55594334469261
-2.54727813714713
-2.54425890106856
-2.54123966498999
-2.5372240810055
-2.53320849702101
-2.52717002486387
-2.52415078878531
-2.52916272067573
-2.53622773309957
-2.5372240810055
-2.54024331708407
-2.54024331708407
-2.53924696917814
-2.54123966498999
-2.54123966498999
-2.54727813714713
-2.55373930235526
-2.55473565026119
-2.55715103912404
-2.5643972057126
-2.57143202577566
-2.5734549139483
-2.578285691674
-2.58453551035664
-2.58794724712542
-2.5871320533842
-2.59196283110991
-2.59398571928255
-2.58794724712542
-2.58794724712542
-2.56862413622259
-2.54447024759406
-2.52031635896553
-2.4780470538656
-2.43659294250688
-2.3872586249831
-2.32587755550585
-2.25441223752618
-2.16766958498896
-2.07627730889076
-1.98530772584355
-1.88588428177635
-1.80113432505099
-1.72061129883563
-1.63848807749862
-1.56179948110303
-1.49296089851171
-1.41729884238284
-1.34984910838766
-1.27859513693349
-1.20776385853032
-1.13608719402516
-1.08134844392075
-1.02881373615369
-0.972444598566854
-0.918098349152657
-0.877459431535153
-0.850467460992768
-0.872417307283947
-0.887724834202278
-0.904813710406965
-0.921328931756723
-0.945694166910755
-0.972867291617853
-1.00444850099966
-1.02497930633391
-1.05477916642936
-1.0744947780224
-1.09704847152929
-1.12180620737354
-1.15441395702205
-1.19629076143177
-1.23028735967643
-1.26712203983494
-1.29550285897347
-1.33535677521054
-1.38568744064025
-1.41911038402998
-1.45331832880014
-1.48592607844865
-1.52297210513266
-1.56282602136974
-1.60267993760682
-1.65379560441695
-1.70995339547829
-1.74881096380944
-1.79147276959958
-1.82990764487973
-1.86997290764231
-1.90780393570675
-1.93398071250792
-1.97021154545072
-2.00804257351515
-2.03944262873225
-2.07023883673362
-2.10206158500171
-2.13868491863473
-2.16546554265161
-2.19324251457442
-2.2326737377605
-2.26830072348758
-2.29529269402997
-2.32385466733321
-2.35344318090316
-2.38526592917125
-2.42228176349447
-2.4599316373942
-2.496162470337
-2.53079310815815
-2.55494699678668
-2.58290512287421
-2.61231248227945
-2.6509587040851
-2.68797453840832
-2.70772034236215
-2.73447077401825
-2.74956695441108
-2.76004370360371
-2.75904735569778
-2.74857060650515
-2.73549731428496
-2.70448975975808
-2.67952067738834
-2.62961270500963
-2.56862413622259
-2.48671226141108
-2.41585079064713
-2.34498931988317
-2.26630802767573
-2.18035037651894
-2.08895810042074
-1.98733061401619
-1.89291910183941
-1.79268046403101
-1.69748395047381
-1.59784915988111
-1.50805707890455
-1.40984132926878
-1.31887174622157
-1.20151403984769
-1.09001365146623
-1.01634429114921
-0.946479168291182
-0.894155807049625
-0.831748197305656
-0.767559238275333
-0.71722857284563
-0.669917143494493
-0.624628602315996
-0.579943908353212
-0.551170588524474
-0.51895533956617
-0.500236075879057
-0.481939505242944
-0.473878144913172
-0.470466408144391
-0.474089491438671
-0.480127963595804
-0.502258964051697
-0.516751297228816
-0.53809729630428
-0.55418982460304
-0.574720629937292
-0.594858934581331
-0.620613018331503
-0.643166711838394
-0.668709449063066
-0.695490073079951
-0.71882876796727
-0.748417281537221
-0.777220793726746
-0.805178919814271
-0.827521266795663
-0.858528821322541
-0.891740418186772
-0.913267571426951
-0.942252237781189
-0.972655945092354
-1.0064713891723
-1.04188702837388
-1.07250208221055
-1.09683712500379
-1.12422159623639
-1.15562165145348
-1.18883324831771
-1.22104849727602
-1.25444124830496
-1.28445245492591
-1.31663751152343
-1.34824891326602
-1.38106800944004
-1.41307191187284
-1.44145273101137
-1.4744529813501
-1.50383014839455
-1.5334186619645
-1.56261467484424
-1.59280703562991
-1.62139920129393
-1.6511688690286
-1.68601085337525
-1.71801475580806
-1.7465767291113
-1.76934176914369
-1.80031913130978
-1.82990764487973
-1.85970750497518
-1.89131890671777
-1.91405375438938
-1.93298436460199
-1.95955364209338
-1.98591157305926
-2.00804257351515
-2.01791547549207
-2.02796953163369
-2.02999241980633
-2.02495029555513
-2.01045796237801
-1.99095369731047
-1.96175768443073
-1.92492300427222
-1.89473064348655
-1.842407282245
-1.77335735312818
-1.70370357679565
-1.62058400755272
-1.53686059109407
-1.4426604254428
-1.35670277428601
-1.27116781618022
-1.18662920598036
-1.09804481943522
-1.0203598751337
-0.937632806580982
-0.857713627581328
-0.781447724236738
-0.706147976437291
-0.638517088277402
-0.578947560447285
-0.519378032617169
-0.451928298621994
-0.397189548517583
-0.342028105362174
-0.286685508042051
-0.23738138287906
-0.188258411880783
-0.150608537981059
-0.122650411893534
-0.102119606559282
-0.0876272733821635
-0.0775430248797514
-0.0765466769738246
-0.0775430248797514
-0.0856043852095233
-0.10109306629257
-0.118000788332542
-0.134908510372514
-0.159877592742259
-0.182219939723651
-0.201754397151976
-0.229320022549287
-0.252870063962107
-0.276027604684711
-0.299970146787743
-0.328743466616482
-0.35591659132358
-0.376054895967618
-0.406247256753283
-0.432816534244668
-0.460201005477266
-0.482120659407659
-0.50627454803619
-0.531636131096148
-0.559231948854246
-0.581966796525852
-0.608324727491737
-0.640328629924542
-0.666716753251213
-0.694493725174024
-0.722270697096836
-0.755874794651281
-0.784859461005519
-0.810432390590977
-0.837001668082362
-0.862755751832534
-0.887302141151279
-0.911667376305311
-0.940048195443836
-0.964413430597867
-0.999829069799452
-1.02842123546348
-1.06081763858649
-1.08820210981909
-1.1111483040162
-1.14414855435493
-1.17594111026223
-1.20574097035769
-1.23753352626499
-1.26854108079187
-1.29773709367161
-1.32611791281013
-1.35467988611337
-1.38771032881289
-1.4203180784614
-1.44788370385872
-1.47768356395417
-1.50727207752412
-1.53202981336836
-1.55678754921261
-1.57046468864852
-1.58495702182563
-1.58858010511991
-1.59440723075155
-1.58577221556685
-1.57127988238973
-1.55213792565162
-1.52297210513266
-1.47587202230703
-1.42955694086182
-1.36736067764335
-1.29532170480875
-1.22527542778601
-1.14354470713922
-1.06302168092385
-0.981924999853553
-0.902398321544112
-0.818282404395249
-0.738755726085808
-0.658262892231226
-0.584593531914204
-0.547336158704694
-0.507482242467617
-0.460201005477266
-0.400601285286364
-0.351689660813586
-0.295350715587537
-0.270170286692292
-0.256885647946599
-0.235750995396634
-0.220050967788088
-0.206373828352183
-0.18925475978671
-0.161477787863899
-0.152238925463486
-0.14197352279636
-0.13995063462372
-0.138954286717793
-0.140946982529646
-0.14517391303964
-0.154442967800839
-0.164104523252252
-0.179200703645085
-0.194508230563416
-0.20737017625811
-0.22651213299622
-0.243419855036193
-0.265943356182299
-0.286896854567551
-0.304197077297736
-0.327747118710554
-0.349485618476234
-0.370408924500699
-0.392570117317377
-0.417720353851836
-0.439851354307728
-0.464609090151973
-0.487162783658865
-0.511316672287396
-0.540089992116135
-0.565270421011379
-0.589424309639911
-0.618408975994149
-0.64618594791696
-0.674355420529985
-0.702524893143011
-0.728309169253969
-0.75789768282392
-0.788482544299798
-0.81785971134425
-0.846240530482775
-0.877036738484153
-0.906021404838392
-0.933013375380775
-0.958163611915234
-0.994605791383531
-1.02721354103205
-1.05779840250793
-1.08476018068953
-1.11033311027498
-1.13850258288801
-1.17352572139938
-1.2065561640989
-1.23532948392764
-1.26772588705066
-1.29550285897347
-1.32288733020606
-1.35467988611337
-1.38771032881289
-1.41609114795141
-1.44788370385872
-1.47345663344417
-1.50503784282598
-1.53000692519572
-1.55355696660854
-1.57188372960544
-1.58939529886113
-1.60367628551275
-1.60527648063439
-1.60367628551275
-1.59501107796726
-1.57369527125258
-1.55334562008304
-1.51874517462267
-1.47022605084011
-1.41186421744142
-1.34562217787767
-1.26875242731737
-1.19025228927464
-1.10852156862784
-1.02902508267919
-0.933798376761203
-0.85149400125948
-0.76674404453412
-0.679397544781191
-0.587008920777058
-0.501443770310484
-0.422762478103042
-0.339824063024821
-0.261716425672306
-0.187443218139571
-0.118423481383542
-0.0441502738508057
0.0236919608345825
0.0812687928528451
0.143253709545815
0.201615542944505
0.256776986099915
0.303877068925551
0.344123485852842
0.374315846638507
0.398077234576826
0.413777262185371
0.416192651048224
0.416192651048224
0.410969372632305
0.393246456851119
0.371507957085441
0.350977151751188
0.326008069381444
0.297446096078205
0.275284903261527
0.243492347354222
0.212907485878343
0.183922819524105
0.153730458738441
0.121515209780137
0.0953384329789653
0.0655687652442995
0.0357689051488482
0.00639173810439726
-0.0212040796537004
-0.0542043299924322
-0.0886236212880902
-0.120023676505181
-0.151816232412486
-0.18946610631221
-0.223070203866655
-0.260508731240879
-0.298158605140603
-0.338012521377681
-0.376447396657832
-0.415304964988983
-0.455974074967273
-0.488159131564792
-0.524993811723303
-0.568078310564446
-0.602497601860103
-0.644163059744321
-0.681812933644045
-0.719251461018269
-0.762124613333913
-0.797932753225712
-0.835190126435222
-0.876040390578227
-0.908648140226744
-0.943671278738116
-0.981713653328052
-1.02760604172226
-1.05982129068057
-1.08838326398381
-1.11779062338904
-1.15441395702205
-1.18904459484321
-1.21962945631909
-1.2564641364776
-1.28665649726327
-1.319656747602
-1.35247584377602
-1.38970302462474
-1.42110307984183
-1.44767235733322
-1.46639162102033
-1.48915666105272
-1.49136070339007
-1.48894531452722
-1.48592607844865
-1.4653952731144
-1.44404927403894
-1.41609114795141
-1.36959491234149
-1.31663751152343
-1.24942931641454
-1.17274072001895
-1.09725981805479
-1.00263695935252
-0.856717279675401
-0.713001642335636
-0.579762754188498
-0.452743492363207
-0.325331729847701
-0.208789217215036
-0.0916428573666561
0.0194650303245897
0.128761376368697
0.22658462531425
0.314746318808391
0.404115706733959
0.43913884524533
0.484216039898327
0.54179287191659
0.602177593487919
0.643631704846636
0.685901009946567
0.722554535940365
0.75072400855339
0.774877897181921
0.791785619221893
0.800239480241879
0.806277952399013
0.795408702516173
0.780523868648841
0.760385564004802
0.735839174686057
0.716093370732232
0.687923898119206
0.658939231764968
0.629562064720517
0.597346815762213
0.564739066113695
0.528115732480683
0.49750067864402
0.466523316477927
0.428662096052704
0.399677429698466
0.362661595375241
0.32763845686387
0.2921926253015
0.259584875652982
0.218945958035476
0.181899931351466
0.148084487271522
0.108623071724658
0.0735999332132869
0.0381842940117021
0.000141919421764205
-0.0393194961250999
-0.0791734123621767
-0.116400593210901
-0.151816232412486
-0.192696688916276
-0.227115980211934
-0.263739313844945
-0.300181493313242
-0.34003540955032
-0.373247006414551
-0.409870340047563
-0.45153579793178
-0.481939505242944
-0.519166686091669
-0.554793671818754
-0.589424309639911
-0.625836296747423
-0.663274824121647
-0.701528545237084
-0.741774962164375
-0.777220793726746
-0.810221044065477
-0.843040140239495
-0.8748326961468
-0.908648140226744
-0.941044543349763
-0.974859987429706
-1.01875968001206
-1.05275627825672
-1.08134844392075
-1.1020905957805
-1.13186026351516
-1.15341760911613
-1.17775265190937
-1.18723305319607
-1.19064478996485
-1.18741420736079
-1.1701139846306
-1.1471677904335
-1.11537523452619
-1.07914440158339
-1.0384752916051
-0.974256140213994
-0.915894306815303
-0.837394168772576
-0.763724808455554
-0.684409476671612
-0.609955114974163
-0.532662671362862
-0.461408699908693
-0.389732035403524
-0.317481716043429
-0.227115980211934
-0.130289079172307
-0.0584312605024251
0.00639173810439726
0.0522841264986069
0.0985690155830314
0.156145847601294
0.217315570553051
0.26725373529254
0.314353818118177
0.362661595375241
0.402515511612318
0.423438817636784
0.443969622971035
0.466100623426928
0.471354094203634
0.47576217887834
0.470146399772207
0.458461956148155
0.420630928083717
0.386392790952773
0.349376956629548
0.303061875184338
0.261607763825621
0.21571537543141
0.17504626545312
0.131176765231549
0.0889074601316187
0.0341687100272084
-0.0125388721082144
-0.0672776222126246
-0.115585399469688
-0.159273745526545
-0.215431536587882
-0.261716425672306
-0.307004966850803
-0.35612793784908
-0.39477415965473
-0.425781714181608
-0.471251409524819
-0.51533225627189
-0.563458879364239
-0.594647588055831
-0.642744018787395
-0.693467184907312
-0.735555335842528
-0.788271197774299
-0.828547807062375
-0.868401723299453
-0.906625252054104
-0.943459932212615
-0.980505958896627
-1.03424836109511
-1.07129438777912
-1.10308694368643
-1.14454105504514
-1.19103729065507
-1.22726812359786
-1.2653104981878
-1.3019640241816
-1.3381948571244
-1.38124916360475
-1.41708749585734
-1.44788370385872
-1.47143374527153
-1.50606438309269
-1.54471060489834
-1.56542256439731
-1.60086839595968
-1.62360324363129
-1.65340310372674
-1.68419931172811
-1.72203033979255
-1.73854556114231
-1.76429964489248
-1.77737293711268
-1.78241506136388
-1.77637658920675
-1.76429964489248
-1.73872671530702
-1.71680706137663
-1.67471891044142
-1.6244184373725
-1.56261467484424
-1.48773762009579
-1.4064295925
-1.315852510143
-1.22847581802929
-1.14454105504514
-1.04834819358201
-0.952517640448315
-0.857713627581328
-0.75970922447106
-0.633082463335982
-0.510924171597182
-0.418324201067549
-0.316485368137502
-0.234965994016207
-0.153023926843913
-0.0938468997040099
-0.0364814142112476
0.036161405839062
0.119915014658496
0.223354042710184
0.521262066582337
0.757970175141949
0.9012933117915
0.901685812481713
0.798639285120239
0.760385564004802
0.748308619690537
0.759570370263589
0.811108730124719
0.824393368870411
0.820770285576132
0.815939507850426
0.7966163969476
0.773670202750495
0.75072400855339
0.722947036630578
0.697585453570619
0.664977703922102
0.633185148014796
0.60377778860956
0.569962344529615
0.537354594881096
0.508792621577858
0.473346790015487
0.443969622971035
0.412569567753944
0.379569317415212
0.342523290731202
0.308315345961045
0.279330679606806
0.243492347354222
0.204453624858358
0.165807403052707
0.124323099333203
0.0897226538728319
0.0554845167418874
0.0144229060733836
-0.0230156213008403
-0.0630506917026318
-0.100096718386643
-0.134908510372514
-0.176785314782231
-0.213227494250529
-0.250454675099253
-0.292935326724684
-0.333785590867687
-0.369020075904558
-0.407666297710209
-0.447308867421787
-0.483147199674371
-0.515754949322889
-0.555608865559966
-0.586797574251558
-0.625836296747423
-0.663274824121647
-0.697512961252591
-0.735555335842528
-0.770759628518613
-0.805178919814271
-0.837605515298075
-0.873836348240873
-0.909463333967957
-0.937421460055483
-0.966406126409721
-1.00547504126637
-1.03726759717368
-1.06604091700241
-1.08255613835217
-1.1020905957805
-1.11736793033804
-1.12241005458925
-1.1248254434521
-1.11516388800069
-1.09484442919194
-1.07370977664197
-1.0429135686406
-0.997806181626812
-0.940259541969335
-0.878244432915579
-0.808198155892837
-0.727101474822542
-0.643166711838394
-0.557601561371821
-0.474270645603386
-0.387135492375957
-0.301570341909383
-0.216246730329095
-0.130289079172307
-0.0503699001726532
0.0317533211643555
0.103792293998951
0.183500126473106
0.261607763825621
0.337300012315283
0.410154178891091
0.476969873309767
0.542608065657803
0.606615870523412
0.668600787216381
0.726177619234645
0.770439620146429
0.815124314109213
0.848547257498943
0.874301341249115
0.893231951461728
0.910139673501699
0.913370256105765
0.911347367933126
0.896855034756006
0.879554812025821
0.868685562142981
0.84613186863609
0.825208562611625
0.811108730124719
0.782124063770481
0.75434709184767
0.728170315046498
0.705646813900392
0.676662147546154
0.650092870054769
0.618270121786678
0.585269871447946
0.554262316921069
0.520054372150911
0.486238928070966
0.446777512524102
0.406531095596811
0.365861985618522
0.322384986087164
0.287361847575793
0.244700041785648
0.199200154081652
0.159768930895574
0.11668443205443
0.0796384053704197
0.0438302654786212
0.00596904505339786
-0.0342773718738938
-0.0747351353266847
-0.111177314794982
-0.148404495643707
-0.185239175802217
-0.222285202486228
-0.259301036809453
-0.292935326724684
-0.331762702695048
-0.366785841206419
-0.396978201992084
-0.435835770323234
-0.470255061618892
-0.50126261614577
-0.53990883795142
-0.569497351521373
-0.600474713687464
-0.639120935493115
-0.67133618445142
-0.71179394790421
-0.745398045458655
-0.783863113099591
-0.815655669006896
-0.851282654733981
-0.885098098813925
-0.912271223521024
-0.938840501012409
-0.959159959821161
-0.969244208323573
-0.976490374912133
-0.97567518117092
-0.961182847993801
-0.947686862722608
-0.917705848462443
-0.880478667613719
-0.827732613321163
-0.762517114024127
-0.685617171103039
-0.607539726111309
-0.526624199205728
-0.4390663529273
-0.339824063024821
-0.2391929245262
-0.142577370012073
-0.0421273856781666
0.0559072097928868
0.1698229870372
0.282138569159873
0.37513104037972
0.470146399772207
0.563923872372482
0.660962119937608
0.748701120380749
0.838493201357317
0.920616422694325
1.00757042175704
1.08444017231734
1.15931722706579
1.23057119851996
1.29297880826393
1.35417872357647
1.40127880640211
1.44071002958819
1.47896375070362
1.50230244559094
1.51600977738763
1.52364844466641
1.52002536137213
1.51480208295621
1.50755591636765
1.49104069501789
1.46969469594242
1.45118677878081
1.42621769641107
1.40369419526496
1.3823481961895
1.35819430756096
1.33524811336386
1.31148672542554
1.28814803053822
1.25472508714849
1.22776330896689
1.20520961546
1.1734170595527
1.14361719945725
1.1102244484283
1.07640900434836
1.04500894913126
1.01680928415745
0.980185950524441
0.944770311322856
0.912947563054766
0.878347117594394
0.84975495193037
0.815547007160212
0.780101175597842
0.745078037086471
0.706854508331819
0.671831369820447
0.629562064720517
0.59290853872672
0.551454427368002
0.510392816699499
0.474554484446914
0.429477289793917
0.396054346404186
0.360246206512387
0.32199248539695
0.284161457332512
0.244700041785648
0.209284402584063
0.173838571021693
0.128761376368697
0.0917153496846854
0.0615229888990202
0.0216690726619434
-0.00610789926086885
-0.0425198863683804
-0.0781468720954643
-0.107946732190916
-0.140946982529646
-0.168120107236746
-0.193300536131989
-0.217031731709522
-0.22832367464336
-0.233335606533781
-0.22651213299622
-0.221470008745014
-0.20193555131669
-0.176996661307731
-0.137927746451081
-0.0991003704807162
-0.0469581634038724
0.0152380998145968
0.0776457095585651
0.148084487271522
0.219730959415904
0.289777236438646
0.367884873791161
0.437931150813903
0.513200706252565
0.602177593487919
0.689524093240847
0.753531898106456
0.807878147520653
0.851777840103009
0.902078313171927
0.946370506444497
0.975355172798735
0.99830136699584
1.01400139460439
1.03211681107578
1.04863203242554
1.06110147743002
1.0691628377598
1.07719400572878
1.08202478345449
1.08848594866262
1.08365517093691
1.08123978207406
1.07278592105408
1.06834764401858
1.05225511571982
1.03975547835456
1.0284937277815
1.01197850643175
0.993863089960347
0.978978256093015
0.95240897860163
0.934686062820445
0.910139673501699
0.882755202269102
0.866662673970342
0.840093396478957
0.818747397403492
0.792178119912107
0.759993063314589
0.733001092772204
0.706039314590606
0.670200982338022
0.642031509724997
0.608216065645052
0.577208511118174
0.540977678175376
0.505169538283578
0.472139095584061
0.435908262641263
0.404115706733959
0.370300262654014
0.326823263122657
0.286154153144366
0.246300236907289
0.203245930426931
0.163392014189854
0.115869238313218
0.0732074325230731
0.0369765995802751
0.0013496138531912
-0.0395006502898134
-0.0779657179307508
-0.120838870246395
-0.157462203879405
-0.201331704100977
-0.240189272432127
-0.274819910253284
-0.312258437627509
-0.347462730303594
-0.377866437614758
-0.41630131289491
-0.45355868610442
-0.484143547580298
-0.521370728429023
-0.552166936430401
-0.583566991647492
-0.614785892699869
-0.650412878426953
-0.680997739902832
-0.705544129221577
-0.730905712281536
-0.755874794651281
-0.767136545224333
-0.773597710432466
-0.760916918902487
-0.749836322494147
-0.726497627606829
-0.691263142569958
-0.648389990254314
-0.605124337248457
-0.543713075410415
-0.481335658027231
-0.413100922651629
-0.341031757456247
-0.269566439476579
-0.185450522327717
-0.109154426622342
-0.0324658302267539
0.0478458494631149
0.123538097952776
0.208861709533065
0.289777236438646
0.369485068912801
0.443577122280823
0.508792621577858
0.58566237213816
0.646469786760489
0.711685286057525
0.773670202750495
0.834054924321824
0.883570396010315
0.93631645030287
0.982601339387295
1.02930892152272
1.06994783914022
1.10457847696138
1.12631697672706
1.13516333843726
1.14080930990418
1.14443239319846
1.14120181059439
1.13437833705683
1.11825561639729
1.10457847696138
1.08685556118019
1.06351686629288
1.0417783665272
1.01520908903581
0.982208838697081
0.94878589530735
0.916570646349046
0.884385589751527
0.857816312260143
0.828408952854905
0.799846979551666
0.766031535471721
0.735023980944844
0.70280873198654
0.671016176079235
0.633970149395224
0.60377778860956
0.567154454976548
0.531316122723964
0.501938955679512
0.469723706721208
0.43391556682941
0.406923596287025
0.373923345948293
0.340107901868349
0.30952304039247
0.278122985175379
0.246722929958288
0.209676903274277
0.178276848057186
0.150499876134375
0.11870732022707
0.0892999608218325
0.0659612659345133
0.041807377305982
0.0208840712815158
0.000353265947264438
-0.0262160115441208
-0.0453579682822327
-0.0709007055069045
-0.0936657455392963
-0.107342884975202
-0.124854454230888
-0.140946982529646
-0.161689134389399
-0.182219939723651
-0.197527466641982
-0.218058271976235
-0.240189272432127
-0.255677953515173
-0.275001064417999
-0.29190878645797
-0.307216313376303
-0.325724230537915
-0.332185395746047
-0.341243103981747
-0.341243103981747
-0.339220215809107
-0.331158855479335
-0.313043439007936
-0.279439341453491
-0.276208758849425
-0.252658717436606
-0.251873716056179
-0.18786591119057
-0.157854704569619
-0.150216037290846
-0.108158078716415
-0.0604541486750653
-0.0538118293022184
-0.0246158164224811
0.048661043204327
0.11870732022707
0.119099820917284
0.122722904211563
0.130361571490336
0.179092041798399
0.195184570097159
0.205661319289785
0.21571537543141
0.21773826360405
0.23020770860853
0.224561737141611
0.22296154201997
0.222146348278757
0.214507680999984
0.191561486802879
0.207261514411424
0.195184570097159
0.176253959884547
0.165384710001707
0.157746042722934
0.204030931807358
0.244700041785648
0.259192374962768
0.260007568703981
0.257984680531341
0.244700041785648
0.23383079190281
0.22136134689833
0.210884597705704
0.196392264528585
0.174653764762906
0.167015097484134
0.149292181702948
0.129576570109909
0.11870732022707
0.102192098877311
0.0844691830961256
0.0675614610561541
0.0534918209300339
0.0393919884431281
0.0220917657129428
0.00639173810439726
-0.00508135899415542
-0.0242233157322673
-0.0352737197798206
-0.0503699001726532
-0.0684853166440516
-0.0825851491309574
-0.0956584413511498
-0.116611939736402
-0.129896578482093
-0.149400843549633
-0.168542800287744
-0.187262063974857
-0.208577870689536
-0.230316370455215
-0.250847175789466
-0.276027604684711
-0.297947258615104
-0.324335381941775
-0.346255035872168
-0.367993535637846
-0.392570117317377
-0.415304964988983
-0.435835770323234
-0.45537022775156
-0.472881797007245
-0.492204907910071
-0.502258964051697
-0.517747645134743
-0.536074408131641
-0.551170588524474
-0.563851380054453
-0.577528519490359
-0.588609115898698
-0.598874518565824
-0.603101449075817
-0.611343963570304
-0.612370503837016
-0.600897406738464
-0.600897406738464
-0.593651240149904
-0.579762754188498
-0.563851380054453
-0.551170588524474
-0.526020351990015
-0.497216839800491
-0.4567590763477
-0.424151326699182
-0.378470284830472
-0.310235549454869
-0.255285452824959
-0.181012245292225
-0.100096718386643
-0.0463543161881595
0.036161405839062
0.086099570578552
0.127946182627483
0.188753597249812
0.256384485409701
0.291800124611286
0.321177291655738
0.357408124598535
0.395661845713972
0.455231373544089
0.504354344542366
0.510392816699499
0.518846677719484
0.520446872841125
0.516038788166418
0.504354344542366
0.493485094659526
0.484216039898327
0.478177567741194
0.477392566360767
0.486238928070966
0.48140815034526
0.473346790015487
0.462085039442435
0.452423483991022
0.451215789559595
0.416192651048224
0.406531095596811
0.390831067988266
0.365469484928308
0.346146374025482
0.323200179828377
0.300253985631272
0.278122985175379
0.247115430648502
0.225376930882823
0.198807653391439
0.170215487727414
0.149292181702948
0.121907710470351
0.105815182171591
0.0776457095585651
0.0599227937773805
0.041807377305982
0.0200688775403026
-0.00145827569987551
-0.0212040796537004
-0.0453579682822327
-0.0684853166440516
-0.0866007331154501
-0.108761925932129
-0.129896578482093
-0.14719680121228
-0.169539148193672
-0.18925475978671
-0.205166133920756
-0.227115980211934
-0.24260466129498
-0.257912188213313
-0.277235299116138
-0.294928022536537
-0.317270369517929
-0.334178091557901
-0.350300812217446
-0.369020075904558
-0.386531645160244
-0.408270144925922
-0.427593255828748
-0.445104825084433
-0.456366575657487
-0.470858908834605
-0.485139895486225
-0.497216839800491
-0.507301088302902
-0.523393616601662
-0.537493449088568
-0.551170588524474
-0.556816559991393
-0.562432339097526
-0.565451575176093
-0.568289657089946
-0.566870616133019
-0.565451575176093
-0.559413103018961
-0.552982130171614
-0.53809729630428
-0.527016699895942
-0.50829743620883
-0.493201255815998
-0.479101423329092
-0.470647562309106
-0.45878196452034
-0.451143297241566
-0.439851354307728
-0.411078034478989
-0.373639507104765
-0.325120383322202
-0.270381633217792
-0.20012400966955
-0.132493121509661
-0.0797772595778907
-0.0143504137553543
0.0438302654786212
0.075622821385926
0.110253459207083
0.160161431585788
0.207654015101638
0.237846375887303
0.266831042241541
0.288177041317006
0.291800124611286
0.288177041317006
0.278122985175379
0.264415653378687
0.243492347354222
0.221753847588544
0.196392264528585
0.172630876590267
0.149292181702948
0.123115404901776
0.102192098877311
0.0740226262642863
0.0514689327573948
0.0224842664031566
-0.00266597013130251
-0.0272425518108332
-0.0604541486750653
-0.0856043852095233
-0.107735385665415
-0.131889274293948
-0.154835468491053
-0.182219939723651
-0.199942855504836
-0.223885397607868
-0.246016398063761
-0.267966244354938
-0.285870314300837
-0.30640111963509
-0.327958465236055
-0.346255035872168
-0.362166410006212
-0.383512409081678
-0.400812631811863
-0.420950936455902
-0.432816534244668
-0.449120409068927
-0.461197353383193
-0.478105075423165
-0.492204907910071
-0.504281852224337
-0.51352071462475
-0.531636131096148
-0.547336158704694
-0.55621271277568
-0.568289657089946
-0.579762754188498
-0.590420657545838
-0.597878170659897
-0.611343963570304
-0.623843600935569
-0.638124587587188
-0.652224420074093
-0.661674629000007
-0.678371004514479
-0.692470837001385
-0.701528545237084
-0.714601837457277
-0.72969801785011
-0.741593807999662
-0.75789768282392
-0.7703671278284
-0.781840224926952
-0.793101975500005
-0.800166987923851
-0.808198155892837
-0.818674905085463
-0.82169414116403
-0.82169414116403
-0.811428738496903
-0.797147751845284
-0.776405599985532
-0.734528795575815
-0.687036212059965
-0.630063227257415
-0.567474463348732
-0.507693588993116
-0.44450097786872
-0.39999743807065
-0.347885423354593
-0.273612215821858
-0.18967745283771
-0.115585399469688
-0.0491622057412262
0.0156306005048106
0.0679841541071524
0.126345987505843
0.175861459194333
0.242677153613009
0.301461680062699
0.324800374950017
0.344938679594055
0.3699077619638
0.384792595831133
0.392038762419693
0.409338985149878
0.421838622515143
0.447592706265315
0.466100623426928
0.47938526217262
0.493485094659526
0.493485094659526
0.492277400228099
0.487839123192607
0.474161983756701
0.464500428305288
0.448800400696742
0.435908262641263
0.417007844789437
0.399284929008252
0.372715651516868
0.335669624832856
0.311938429255325
0.27610009700274
0.241469459181582
0.208469208842851
0.176676652935546
0.145669098408668
0.118284627176071
0.084891876147125
0.0587150993459535
0.0277075448190762
-0.00710424716679561
-0.056408372329786
-0.098285176739503
-0.13995063462372
-0.183216287629577
-0.218662119191948
-0.255074106299459
-0.289704744120617
-0.328350965926268
-0.357124285755006
-0.391543577050664
-0.424151326699182
-0.454555034010347
-0.478920269164378
-0.505278200130263
-0.535470560915928
-0.5614359911916
-0.585589879820132
-0.606120685154383
-0.634894004983122
-0.658444046395941
-0.689451600922818
-0.71360548955135
-0.742197655215375
-0.766140197318407
-0.796121211578572
-0.815444322481397
-0.841832445808068
-0.873625001715373
-0.895574848006551
-0.91912488941937
-0.939655694753622
-0.959159959821161
-0.982528847069266
-1.00849427734494
-1.03524470900104
-1.05275627825672
-1.06706745726913
-1.07772536062647
-1.0928215410193
-1.10308694368643
-1.11839447060476
-1.14212566618229
-1.16144877708512
-1.18258342963508
-1.20371808218505
-1.21941810979359
-1.22485273473501
-1.24339084425741
-1.24982181710476
-1.22204484518194
-1.19870615029463
-1.19064478996485
-1.18964844205893
-1.1610562763949
-1.10408329159235
-1.05094473660958
-0.987148278269472
-0.928786444870782
-0.86236325114232
-0.796725058794285
-0.728913016469682
-0.66771310115714
-0.599689712307037
-0.536285754657141
-0.470858908834605
-0.415304964988983
-0.353108701770513
-0.294928022536537
-0.243601009200908
-0.195897079159557
-0.149823536600633
-0.110150774528269
-0.0793545665268913
-0.0527852890355061
-0.0342773718738938
-0.0272425518108332
-0.0252196636381941
-0.0292352476226878
-0.0403158440310266
-0.0536004827767193
-0.0684853166440516
-0.0846080373035965
-0.106346537069275
-0.128870038215381
-0.14719680121228
-0.173977425229164
-0.193481690296704
-0.219869813623375
-0.24441620294212
-0.270381633217792
-0.299970146787743
-0.324335381941775
-0.350300812217446
-0.375662395277404
-0.406458603278782
-0.438855006401801
-0.469047367187465
-0.496220491894563
-0.526805353370442
-0.555790019724681
-0.586797574251558
-0.617382435727437
-0.651409226332881
-0.685224670412825
-0.718043766586842
-0.753851906478641
-0.788271197774299
-0.815867015532396
-0.852490349165407
-0.883890404382499
-0.916105653340804
-0.946086667600969
-0.9792982644652
-1.015529097408
-1.0473216533153
-1.07570247245383
-1.10510983185906
-1.13427565237802
-1.16489070621468
-1.20069884610648
-1.22868716455479
-1.26470665097209
-1.2924836228949
-1.31766405179014
-1.34501833066196
-1.37662973240455
-1.40199131546451
-1.43239502277567
-1.45573371766299
-1.47846856533459
-1.50745323168883
-1.52919173145451
-1.54449925837284
-1.55696870337732
-1.56300717553446
-1.56382236927567
-1.55497600756547
-1.53867213274121
-1.51672228645003
-1.48511088470744
-1.44567966152136
-1.40159881477429
-1.36192605270193
-1.3105990393663
-1.27781013555307
-1.24680258102619
-1.20957540017746
-1.16286781804204
-1.11676408312233
-1.0565907080765
-0.998832721893524
-0.961182847993801
-0.92072508454101
-0.891347917496558
-0.822509334905242
-0.758290183514134
-0.698509309158518
-0.65162057285838
-0.585378533294632
-0.544528269151627
-0.493201255815998
-0.434416729366308
-0.382908561865964
-0.320500952121996
-0.262924120103733
-0.213016147725029
-0.160692786483471
-0.116611939736402
-0.0759428297581106
-0.0515775946040791
-0.0242233157322673
-0.0107273304610755
-0.0038736645627295
-0.00508135899415542
-0.0151656074965675
-0.0302617878894001
-0.0423387322036658
-0.0648622333497717
-0.0795659130523905
-0.100911912127855
-0.119208482763968
-0.140946982529646
-0.166127411424891
-0.190281300053424
-0.213408648415242
-0.239374078690914
-0.266758549923512
-0.287893202473478
-0.316666522302215
-0.33822386790318
-0.363374104437639
-0.385505104893532
-0.414097270557556
-0.444078284817721
-0.463612742246046
-0.484143547580298
-0.510501478546183
-0.534655367174715
-0.5614359911916
-0.587401421467272
-0.611766656621302
-0.644163059744321
-0.670128490019993
-0.702524893143011
-0.727705322038255
-0.756871142557208
-0.785070807531018
-0.81242508640283
-0.836790321556862
-0.861759403926607
-0.889717530014132
-0.911667376305311
-0.942252237781189
-0.959159959821161
-0.992582903210892
-1.02419430495348
-1.0515485838253
-1.07772536062647
-1.09804481943522
-1.12844852674638
-1.15764453962612
-1.19327152535321
-1.22204484518194
-1.25184470527739
-1.28001417789042
-1.31041788520158
-1.34061024598725
-1.3649452887805
-1.3878914829776
-1.40401420363715
-1.41204537160613
-1.41609114795141
-1.40902613552757
-1.39595284330737
-1.36899106512577
-1.33638331547726
-1.29308747011061
-1.24559488659476
-1.17594111026223
-1.10390213742764
-1.03645240343246
-0.962783043115441
-0.888328681417991
-0.806205460080984
-0.714601837457277
-0.618408975994149
-0.532843825527575
-0.446101172990361
-0.351085813597873
-0.259512383334952
-0.174581272444878
-0.0898313157195162
-0.00127712153516195
0.0804535991116329
0.155723154550295
0.237453875197089
0.305899957098191
0.374315846638507
0.433492873778411
0.488261816243606
0.543000566348017
0.596139121330786
0.646469786760489
0.690731787672274
0.724154731062004
0.751931702984817
0.770862313197428
0.785354646374547
0.783724258892121
0.777685786734988
0.759177869573375
0.744685536396257
0.722554535940365
0.696770259829407
0.675846953804941
0.649277676313555
0.627146675857663
0.600969899056493
0.581254287463454
0.554685009972068
0.523284954754977
0.49750067864402
0.475369678188128
0.450008095128169
0.422623623895571
0.400885124129893
0.367069680049947
0.334461930401429
0.303484568235338
0.27087681858682
0.234223292593023
0.197599958960012
0.160976625327001
0.121907710470351
0.0917153496846854
0.0635458770716604
0.0264998503876492
-0.000673274319448988
-0.0312581357953269
-0.0672776222126246
-0.0958697878766501
-0.124461953540674
-0.154835468491053
-0.188258411880783
-0.218662119191948
-0.250454675099253
-0.287681855947977
-0.322916340984849
-0.354708896892153
-0.385505104893532
-0.423970172534468
-0.454766380535846
-0.486166435752938
-0.520374380523096
-0.55056674130876
-0.582781990267064
-0.617201281562722
-0.652405574238808
-0.685224670412825
-0.719251461018269
-0.755874794651281
-0.786067155436945
-0.81444797457547
-0.834767433384223
-0.858528821322541
-0.87120961285252
-0.880659821778433
-0.883286557166785
-0.872417307283947
-0.860732863659894
-0.829936655658516
-0.806205460080984
-0.764540002196766
-0.719432615182983
-0.663274824121647
-0.598874518565824
-0.528435740852868
-0.454947534700561
-0.374032007794979
-0.29734341139939
-0.231524064886641
-0.150004690765346
-0.0648622333497717
0.00759943253582318
0.0723922387818599
0.142861208855601
0.217315570553051
0.294608014164353
0.369485068912801
0.42666940024085
0.487054121812179
0.540977678175376
0.594116233158147
0.641639009034783
0.694777564017552
0.738647064239124
0.778108479785987
0.822370480697772
0.854585729656077
0.875931728731541
0.907331783948632
0.920193729643326
0.924239505988605
0.923424312247392
0.921008923384539
0.914970451227406
0.905308895775993
0.885170591131955
0.869078062833195
0.852170340793223
0.826808757733264
0.801447174673306
0.769231925715002
0.737439369807697
0.702416231296326
0.671408676769449
0.631554760532371
0.600969899056493
0.563531371682268
0.524069956135404
0.492277400228099
0.457254261716728
0.424254011377997
0.389623373556839
0.353392540614042
0.314353818118177
0.28494645871294
0.247507931338716
0.209284402584063
0.17142318215884
0.140023126941749
0.111038460587511
0.0772230165075668
0.0506537390161816
0.0208840712815158
-0.0105159839355753
-0.0372966079524597
-0.0660699277811987
-0.0958697878766501
-0.118815982073754
-0.142969870702287
-0.168542800287744
-0.195504578469343
-0.217846925450736
-0.239977925906628
-0.263739313844945
-0.287893202473478
-0.314251133439363
-0.339220215809107
-0.356520438539293
-0.379285478571684
-0.39860858947451
-0.419743242024475
-0.441874242480367
-0.464609090151973
-0.480127963595804
-0.49923972797313
-0.514547254891462
-0.537493449088568
-0.551985782265687
-0.564666573795666
-0.583385837482778
-0.593832394314617
-0.596851630393184
-0.599870866471751
-0.597878170659897
-0.597878170659897
-0.591024504761551
-0.582570643741565
-0.568893504305659
-0.54534346289284
-0.510501478546183
-0.481124311501732
-0.44087789457444
-0.384116256297391
-0.318689410474856
-0.242997161985194
-0.163712022562038
-0.0789620658366775
0.0164457942460227
0.0965461274103923
0.150499876134375
0.232623097471383
0.336877319264283
0.42826959536249
0.517246482597845
0.601362399746706
0.686323702997567
0.770862313197428
0.847732063757731
0.909324479760486
0.977378060971374
1.04902453311576
1.11061694911851
1.16979397625842
1.21287847509956
1.250709503164
1.29056341940108
1.32477136417123
1.3509481409724
1.37027125187523
1.38476358505235
1.38838666834663
1.38838666834663
1.38959436277806
1.3871789739152
1.37872511289522
1.36664816858095
1.34771755836834
1.3280019467753
1.30384805814677
1.2869403361068
1.26399414190969
1.24506353169708
1.22090964306855
1.205632308511
1.18950958785145
1.17018647694863
1.14926317092416
1.12752467115849
1.10216308809853
1.07598631129736
1.0506247282374
1.0284937277815
1.00032425516848
0.972939783935882
0.93993953359715
0.914577950537192
0.885170591131955
0.86062420181321
0.832847229890397
0.803862563536159
0.772070007628854
0.745893230827683
0.720139147077511
0.691154480723272
0.666577899043742
0.633970149395224
0.609031259386265
0.581254287463454
0.551061926677789
0.521654567272551
0.498315872385232
0.469723706721208
0.443969622971035
0.412569567753944
0.388415679125413
0.356623123218108
0.323592680518591
0.296630902336992
0.262422957566834
0.23020770860853
0.198807653391439
0.165384710001707
0.133199653404189
0.109438265465871
0.0812687928528451
-0.0886236212880902
-0.100911912127855
-0.126665995878027
-0.155862008757766
-0.181223591817724
-0.20555863461097
-0.232943105843567
-0.258093342378026
-0.281462229626131
-0.309631702239156
-0.332185395746047
-0.351297160123374
-0.360958715574786
-0.379466632736399
-0.393566465223303
-0.40724360465921
-0.424574019750182
-0.436832118229161
-0.4479127146375
-0.459989658951767
-0.469439867877679
-0.474089491438671
-0.489185671831504
-0.489185671831504
-0.498243380067204
-0.50126261614577
-0.503255311957624
-0.502258964051697
-0.489185671831504
-0.478920269164378
-0.454766380535846
-0.430793646072028
-0.402231672768789
-0.351901007339087
-0.298369951666103
-0.2480392862364
-0.191881495175063
-0.132704468035161
-0.0640772319693441
0.00717673948482378
0.0776457095585651
0.145669098408668
0.224169236451397
0.313538624376964
0.396477039455185
0.468516012289782
0.523677455445191
0.573585427823895
0.611023955198118
0.630347066100944
0.693147176535127
0.751539202294603
0.817962396023065
0.873516339868688
0.929462784404524
0.985409228940362
1.03854778392313
1.09250153264711
1.14361719945725
1.18790939272981
1.22857850270811
1.27124030849825
1.30224786302513
1.33805600291693
1.35336352983526
1.37027125187523
1.3871789739152
1.38597127948378
1.3871789739152
1.37147894630666
1.36100219711403
1.34530216950549
1.32317116904959
1.29983247416227
1.27042511475704
1.24950180873257
1.22414022567261
1.20200922521672
1.17704014284698
1.14805547649274
1.12067100526014
1.0916863389059
1.06149397812024
1.03130161733457
1.00433983915297
0.967293812468962
0.937101451683298
0.908931979070273
0.874724034300114
0.84975495193037
0.818747397403492
0.788977729668827
0.753139397416243
0.720531647767724
0.691546981413486
0.653293260298049
0.616669926665039
0.59130834360508
0.555470011352496
0.524492649186403
0.492277400228099
0.464107927615074
0.437538650123689
0.410969372632305
0.380777011846639
0.351792345492401
0.32561556869123
0.300253985631272
0.280115680987233
0.254754097927275
0.22658462531425
0.197599958960012
0.174261264072692
0.151707570565801
0.12393059864299
0.100984404445884
0.0748076276447128
0.0587150993459535
0.0297304329917153
0.0116150165203169
-0.00508135899415542
-0.020177539386988
-0.0312581357953269
-0.0423387322036658
-0.0568310653807854
-0.0600314556240659
-0.0463543161881595
-0.0342773718738938
-0.0135352200141422
0.0164457942460227
0.0502612383259678
0.0965461274103923
0.148899681012734
0.181507430661252
0.205238626238785
0.268461429723967
0.334461930401429
0.406138594906598
0.478600260792194
0.545415955210869
0.62995456541073
0.712077786747739
0.790185424100254
0.854193228965863
0.914155257486193
0.985409228940362
1.02930892152272
1.0735709224345
1.16819378113678
1.22815580965711
1.28854053122844
1.31954808575531
1.39200975164091
1.44554080731389
1.46166352797344
1.49064819432768
1.53331000011782
1.59408722237936
1.61944880543932
1.62388708247481
1.62388708247481
1.62871786020052
1.62026399918053
1.60335627714056
1.58765624953202
1.56954083306062
1.54982522146758
1.53451769454925
1.51277919478357
1.4918558887591
1.46365622378529
1.44354811150204
1.41939422287351
1.39442514050376
1.36785586301238
1.33887119665814
1.30828633518226
1.28210955838109
1.25152469690521
1.22293253124119
1.19554806000859
1.16577839227392
1.1279171718487
1.0916863389059
1.0598937829986
1.02487064448723
0.988247310854214
0.943955117581644
0.905308895775993
0.865847480229129
0.832454729200183
0.7966163969476
0.756762480710522
0.723762230371791
0.691154480723272
0.656916343592329
0.622315898131958
0.59130834360508
0.555470011352496
0.522862261703978
0.491069705796673
0.463292733873861
0.43029248353513
0.399284929008252
0.365861985618522
0.332046541538576
0.302276873803912
0.27045412553582
0.235430987024449
0.202430736685718
0.167407598174346
0.134407347835616
0.10783807034423
0.0716072374014323
0.0414148766157682
0.0152380998145968
-0.0107273304610755
-0.0342773718738938
-0.0503699001726532
-0.060242802149565
-0.0686966631695518
-0.0733160943697585
-0.0590351077181391
-0.0382929558583865
-0.0149542609710684
0.0204613782305164
0.0542768223104615
0.10783807034423
0.16619990374292
0.234223292593023
0.301069179372485
0.379961818105426
0.456861761026514
0.541400371226376
0.615854732923825
0.678654843358008
0.762800952867655
0.83888570204753
0.921401424074753
1.0055475335844
1.08685556118019
1.17260186581148
1.24225564214401
1.32477136417123
1.39563283493519
1.46649430569914
1.5276640286509
1.58765624953202
1.65006385927598
1.69514105392898
1.74103344232319
1.78330274742312
1.82354916435041
1.86141038477564
1.88474907966296
1.90808777455028
1.92943377362574
1.94030302350858
1.92822607919431
1.91334124532698
1.90609507873842
1.8956183295458
1.8730646360389
1.85416421818708
1.83161052468019
1.80301835901616
1.78451044185455
1.75634096924152
1.72814130426771
1.70398741563918
1.67823333188901
1.65127155370741
1.61905630474911
1.59046413908508
1.5638948615937
1.53814077784353
1.50592552888522
1.47694086253098
1.44756369548653
1.41776383539108
1.39403263981355
1.36341758597688
1.33123252937937
1.3006174755427
1.2736556973611
1.24790161361093
1.21607886534284
1.19394786488695
1.16698608670535
1.13757872730011
1.11221714424015
1.08607055979977
1.06230917186145
1.0377627825427
1.01318620086317
0.991870394148494
0.962463034743256
0.937916645424511
0.914970451227406
0.885170591131955
0.865847480229129
0.843716479773237
0.817147202281852
0.7877700352374
0.756762480710522
0.731793398340778
0.704831620159179
0.681070232220861
0.659754425506181
0.62835437028909
0.605800676782199
0.586477565879373
0.565554259854908
0.550246732936575
0.54179287191659
0.539377483053737
0.540585177485163
0.543000566348017
0.555077510662282
0.565554259854908
0.580831594412454
0.632369954273584
0.680677731530648
0.73100839696035
0.7877700352374
0.852562841483437
0.919801228953112
0.991055200407281
1.06110147743002
1.13878642173154
1.21206328135835
1.27607108622396
1.3368483084855
1.42863308527392
1.5276640286509
1.60939474929769
1.68508699778736
1.75794116436316
1.82354916435041
1.89601083023601
1.95962613441141
2.03411068846964
2.09286502255854
2.14117279981561
2.18948057707267
2.24584971465951
2.29497268565778
2.35131163088383
2.39400362903476
2.42419598982043
2.46121182414365
2.4950272682236
2.51918115685213
2.53328098933904
2.5405271559276
2.5453579336533
2.54294254479045
2.52845021161333
2.513142684695
2.49221937867053
2.47008837821464
2.45719624015916
2.43222715778942
2.40970365664331
2.39237324155234
2.36661915780217
2.33884218587935
2.31188040769776
2.28811901975944
2.25711146523256
2.22652660375668
2.19874963183387
2.16774207730699
2.13957260469397
2.11300332720258
2.08483385458956
2.05464149380389
2.032087800297
2.00108024577012
1.96928768986282
1.93909532907715
1.90247199544414
1.87427233047033
1.83644130240589
1.79861027434146
1.768810414246
1.73460246947585
1.7048026093804
1.67823333188901
1.64481038849928
1.60978724998791
1.56993333375083
1.53814077784353
1.50592552888522
1.46688680638936
1.42944827901513
1.39442514050376
1.36220989154546
1.32317116904959
1.28331725281252
1.24829411430114
1.21046308623671
1.17423225329391
1.12592447603684
1.08969364309405
1.05225511571982
1.02003986676152
0.988639811544428
0.954824367464483
0.924239505988605
0.896855034756006
0.876324229421755
0.86062420181321
0.85700111851893
0.854585729656077
0.858208812950356
0.863039590676062
0.871493451696048
0.901685812481713
0.927047395541672
0.962070534053043
1.00757042175704
1.04742433799412
1.08887844935283
1.13878642173154
1.19394786488695
1.23621716998688
1.28854053122844
1.34490966881527
1.38920186208784
1.43871733377633
1.4825868339979
1.52929441613333
1.57760219339039
1.61624841519604
1.65851772029597
1.67702563745758
1.7003643323449
1.72895649800893
1.75754866367295
1.79335680356475
1.82596455321327
1.85778730148136
1.88716446852581
1.90688008011885
1.92097991260575
1.92460299590003
1.93305685692002
1.92339530146861
1.9097181620327
1.89401813442416
1.86542596876013
1.83161052468019
1.80141816389452
1.77001810867743
1.73460246947585
1.70277972120776
1.66654888826496
1.62509477690624
1.5824329711161
1.53774827715331
1.49224838944932
1.44394061219225
1.40085611335111
1.36060969642382
1.31631750315125
1.27727878065538
1.23582466929666
1.20321691964815
1.16858628182699
1.12954755933112
1.09612461594139
1.06230917186145
1.0284937277815
0.995493477442774
0.961678033362829
0.929462784404524
0.893231951461728
0.866270173280128
0.834054924321824
0.802654869104733
0.765216341730508
0.733816286513417
0.696770259829407
0.661747121318036
0.624308593943811
0.590493149863867
0.551061926677789
0.513200706252565
0.477785067050981
0.434700568209836
0.402092818561318
0.365076984238094
0.322807679138163
0.287361847575793
0.244307541095435
0.209284402584063
0.173838571021693
0.131569265921763
0.0989615162732452
0.0643610708128736
0.0277075448190762
-0.00266597013130251
-0.0352737197798206
-0.0648622333497717
-0.0825851491309574
-0.10290460793971
-0.117819634167828
-0.124854454230888
-0.124854454230888
-0.115796745995188
-0.103327300990709
-0.0805622609583173
-0.0499773994824394
-0.00912713533943472
0.033746016976209
0.0832614886646996
0.144068903287028
0.211699791446917
0.284553958022726
0.359038512080961
0.441946734798396
0.519661871460698
0.606615870523412
0.689131592550633
0.775693090923134
0.866270173280128
0.950386090428991
1.04298606095862
1.13154025514298
1.21810175351548
1.29699439224842
1.38114050175807
1.46326372309508
1.54055616670638
1.61461802771361
1.6826716089245
1.74184863606441
1.7957721924276
1.85857230286179
1.91011066272292
1.96527210587832
2.00832641235868
2.0413568550582
2.06067996596103
2.08803424483284
2.09851099402546
2.10415696549238
2.10817254947688
2.10657235435524
2.10174157662953
2.09208002117812
2.07435710539693
2.06067996596103
2.04860302164676
2.03088010586557
2.01116449427253
1.98821830007543
1.9636417183959
1.93628743952409
1.90890296829149
1.88354138523153
1.8642182743287
1.83402591354304
1.80706413536144
1.78007216481906
1.75552577550031
1.72735630288729
1.70561780312161
1.68146391449308
1.65287174882905
1.62871786020052
1.60456397157199
1.57355641704511
1.54861752703615
1.52244075023498
1.49505627900238
1.46365622378529
1.43307136230941
1.39925591822947
1.37027125187523
1.33564061405407
1.30022497485249
1.2688249196354
1.23902505953995
1.20883269875428
1.17984803240004
1.15047086535559
1.12471678160542
1.09410172776875
1.06433206003409
1.03694758880149
1.00352464541176
0.975355172798735
0.94153972871879
0.909747172811485
0.880762506457247
0.85337803522465
0.823578175129198
0.795408702516173
0.763193453557869
0.744685536396257
0.724154731062004
0.7100548985751
0.700000842433473
0.697585453570619
0.69918564869226
0.704439119468965
0.727777814356284
0.748308619690537
0.776478092303562
0.810716229434505
0.85337803522465
0.898877922928647
0.953616673033057
1.02124756119295
1.08646306048998
1.15650933751272
1.22254003055097
1.28171705769088
1.34771755836834
1.41012516811231
1.4737404722877
1.53572538898067
1.59408722237936
1.64040230382457
1.6734025541633
1.71606435995345
1.75151019151582
1.77726427526599
1.81349510820879
1.83683380309611
1.85334902444587
1.86744885693277
1.88354138523153
1.88474907966296
1.88957985738866
1.8956183295458
1.87629521864297
1.86581846945035
1.84770305297895
1.81509530333043
1.78571813628598
1.75712597062195
1.71687955369466
1.69514105392898
1.6597254147274
1.62427958316503
1.58804875022223
1.55142541658922
1.51800247319949
1.46930219525221
1.42461750128943
1.38074800106786
1.33606330710507
1.28452494724394
1.23944775259094
1.19917114330287
1.16535569922292
1.11704792196586
1.0691628377598
1.02930892152272
0.991447701097494
0.949601089048563
0.91173986862334
0.871100951005834
0.832847229890397
0.795801203206387
0.755947286969309
0.719716454026512
0.673039064251874
0.636385538258077
0.599369703934852
0.555470011352496
0.516431288856631
0.480592956604047
0.443577122280823
0.404930900475172
0.365076984238094
0.32401537356959
0.283346263591299
0.241469459181582
0.204453624858358
0.167407598174346
0.131991958972763
0.0973613211516044
0.0659612659345133
0.0301229336819291
0.001742114543405
-0.0385043023838867
-0.0662812743066979
-0.0958697878766501
-0.122227718842535
-0.156254509447979
-0.185239175802217
-0.216427884493808
-0.24100446617334
-0.254892952134746
-0.265550855492085
-0.279650687978991
-0.280858382410417
-0.280858382410417
-0.269173938786365
-0.250847175789466
-0.228112328117861
-0.19671227290077
-0.153235273369412
-0.102723453774995
-0.0206002324379874
0.0490535438945408
0.117499625795643
0.197207458269798
0.280115680987233
0.364654291187095
0.452030983300808
0.53454670532803
0.621108203700531
0.709662397884886
0.792600812963107
0.868685562142981
0.942354922460003
1.01602428277703
1.09289403333733
1.16496319853271
1.23057119851996
1.29418650269535
1.35457122426668
1.42017922425393
1.48944049989625
1.54698713955373
1.61220263885076
1.66494869314332
1.7003643323449
1.74426402492726
1.77243349754028
1.79377949661575
1.81228741377736
1.81953358036592
1.81871838662471
1.81267991446757
1.80422605344759
1.79658738616882
1.7820950529917
1.76799522050479
1.75392558037867
1.73055669313057
1.70640280450203
1.68789488734042
1.65891022098618
1.62871786020052
1.59650261124222
1.55948677691899
1.52847922239211
1.49384858457096
1.46084833423222
1.42621769641107
1.39403263981355
1.35900950130218
1.32075578018674
1.28413244655373
1.2466939191795
1.2144786702212
1.18187092057268
1.14120181059439
1.10014019992589
1.06312436560266
1.0284937277815
0.991447701097494
0.954009173723271
0.917778340780473
0.882755202269102
0.85700111851893
0.824000868180198
0.79097042548068
0.756762480710522
0.724969924803218
0.6919394821037
0.655316148470689
0.627146675857663
0.598554510193639
0.565131566803909
0.534939206018244
0.505562038973792
0.474161983756701
0.448800400696742
0.418215539220863
0.394454151282546
0.359823513461389
0.32763845686387
0.302276873803912
0.272084513018247
0.244700041785648
0.218523264984478
0.195184570097159
0.186730709077172
0.175468958504119
0.174653764762906
0.183107625782893
0.200015347822864
0.218523264984478
0.248323125079928
0.28856954200722
0.338900207436922
0.396054346404186
0.457254261716728
0.53294651020639
0.604200481660559
0.694354870966553
0.779708674907628
0.866662673970342
0.953224172342843
1.04337856164884
1.14240950502582
1.23703236372809
1.33283272450101
1.42944827901513
1.51800247319949
1.60779455417605
1.68828738803064
1.75712597062195
1.82557205252305
1.88876466364745
1.94957207826978
2.01194949565296
2.05986477221981
2.10817254947688
2.13594952139969
2.1456110768511
2.15083435526702
2.18990327012367
2.2229035204624
2.23618815920809
2.24343432579665
2.23135738148239
2.22088063228976
2.20276521581836
2.18304960422532
2.16049591071843
2.13836491026254
2.11623390980665
2.08884943857405
2.0590495784786
2.02725702257129
1.99262638475014
1.95841843997998
1.91696432862126
1.8823336908001
1.84045688639039
1.7961948854786
1.76600252469294
1.72895649800893
1.69716394210162
1.66334849802168
1.6230718887336
1.58886394396344
1.5462021381733
1.50634822193622
1.46205602866365
1.42301730616779
1.38557877879356
1.34370197438384
1.30665594769983
1.26800972589418
1.23380178112402
1.20400192102857
1.17743264353719
1.13679372591968
1.11221714424015
1.07882439321121
1.04337856164884
1.01762447789867
0.990240006666067
0.960470338931403
0.93631645030287
0.907331783948632
0.880762506457247
0.864639785797702
0.839278202737744
0.819955091834918
0.788555036617827
0.765216341730508
0.741454953792191
0.723339537320791
0.697977954260833
0.673039064251874
0.646862287450703
0.623100899512385
0.602177593487919
0.577631204169174
0.557492899525135
0.535754399759457
0.524885149876617
0.512808205562352
0.498315872385232
0.494692789090953
0.492277400228099
0.494692789090953
0.497108177953806
0.506769733405219
0.514408400683991
0.526485344998258
0.54179287191659
0.563923872372482
0.58246198189488
0.607400871903839
0.638800927120931
0.674639259373515
0.712892980488952
0.748308619690537
0.783331758201908
0.820770285576132
0.858208812950356
0.887193479304594
0.927047395541672
0.968501506900389
1.01922467302031
1.05143992197861
1.08003208764263
1.10780905956545
1.1331706426254
1.16375550410128
1.18993228090245
1.21206328135835
1.22897100339832
1.24950180873257
1.27969416951824
1.30182516997413
1.32558655791245
1.34089408483078
1.35055564028219
1.35737911381975
1.36100219711403
1.35737911381975
1.35417872357647
1.34974044654098
1.33887119665814
1.31834039132389
1.30303286440555
1.28935572496965
1.26197125373705
1.23703236372809
1.21487117091141
1.19476305862816
1.1689787825172
1.1371862266099
1.11342483867158
1.08244747650549
1.05424781153168
1.02487064448723
0.991870394148494
0.957632257017549
0.931062979526165
0.900478118050286
0.872701146127475
0.84975495193037
0.819562591144705
0.789762731049254
0.761200757746016
0.73463148025463
0.706039314590606
0.672616371200875
0.643631704846636
0.617062427355251
0.58566237213816
0.555892704403495
0.524492649186403
0.501938955679512
0.472561788635061
0.447592706265315
0.421838622515143
0.399677429698466
0.372323150826654
0.349376956629548
0.32199248539695
0.303877068925551
0.285761652454153
0.265230847119901
0.242284652922795
0.224561737141611
0.205661319289785
0.185523014645746
0.168615292605773
0.149292181702948
0.131569265921763
0.117499625795643
0.104607487740164
0.0901151545630457
0.0812687928528451
0.0820537942332727
0.0925305434258986
0.103399793308737
0.116291931364216
0.12553079376463
0.143253709545815
0.166592404433134
0.196392264528585
0.245907736217075
0.301854180752912
0.364654291187095
0.43391556682941
0.504746845232579
0.555470011352496
0.605408176091985
0.675031760063728
0.743870342655044
0.814731813418999
0.885593284182954
0.954431866774269
1.0284937277815
1.08042458833285
1.13839392104132
1.19675575444001
1.24790161361093
1.30949402961369
1.36384027902788
1.4145634451478
1.45641005719673
1.4777560562722
1.47413297297792
1.45924813911058
1.44596350036489
1.41939422287351
1.39321744607234
1.36704066927116
1.33404041893243
1.29741708529942
1.26118625235662
1.22897100339832
1.19234766976531
1.1512860590968
1.11384753172258
1.07477861686593
1.0377627825427
0.999509061427266
0.960047645880403
0.918201033831472
0.875931728731541
0.841693591600598
0.804255064226373
0.761593258436228
0.726177619234645
0.685508509256354
0.641639009034783
0.602992787229132
0.558700593956562
0.514015899993779
0.476577372619554
0.438323651504116
0.394061650592332
0.350977151751188
0.309100347341471
0.269246431104394
0.226977126004463
0.188753597249812
0.148476987961735
0.111853654328724
0.0732074325230731
0.0369765995802751
0.00216480759440332
-0.0332810239679671
-0.0705082048166907
-0.10109306629257
-0.136116204803941
-0.172769730797738
-0.203354592273616
-0.236354842612348
-0.266969896449011
-0.298158605140603
-0.330555008263621
-0.356731785064793
-0.386712799324957
-0.414308617083055
-0.443897130653007
-0.469258713712966
-0.494197603721924
-0.520163033997596
-0.546128464273268
-0.577528519490359
-0.599267019256037
-0.624024755100283
-0.645159407650248
-0.654428462411447
-0.668709449063066
-0.679397544781191
-0.678189850349766
-0.666505406725713
-0.655424810317374
-0.642140171571681
-0.62160936623743
-0.585982380510345
-0.554793671818754
-0.50989763133047
-0.464609090151973
-0.409870340047563
-0.361773909315999
-0.298369951666103
-0.225908285780507
-0.160692786483471
-0.100308064912142
-0.0562272181650713
-0.00891578881393556
0.0518614334476075
0.130784264541336
0.213692487258771
0.2740772088301
0.346961567766695
0.422623623895571
0.47980795522362
0.535361899069243
0.576816010427961
0.627146675857663
0.689131592550633
0.738647064239124
0.772070007628854
0.807093146140225
0.84250878534181
0.863432091366276
0.883177895320101
0.901685812481713
0.905308895775993
0.893231951461728
0.879132118974822
0.865062478848701
0.844924174204664
0.816754701591638
0.790577924790466
0.761593258436228
0.737439369807697
0.708847204143673
0.677054648236368
0.63560053687765
0.593723732467933
0.551454427368002
0.514408400683991
0.473769483066487
0.43551576195105
0.400492623439679
0.361453900943814
0.322807679138163
0.285369151763939
0.243492347354222
0.205238626238785
0.169430486346987
0.129969070800122
0.0985690155830314
0.0591076000361673
0.0212765719717296
-0.0137465665396414
-0.0539929834669331
-0.0886236212880902
-0.130681579862521
-0.168331453762245
-0.20555863461097
-0.246831591804974
-0.279046840763278
-0.316485368137502
-0.353712548986227
-0.391543577050664
-0.427170562777748
-0.462405047814619
-0.494197603721924
-0.533447672743288
-0.570886200117513
-0.607720880276024
-0.649386338160241
-0.684016975981398
-0.723478391528262
-0.756871142557208
-0.792498128284292
-0.822297988379743
-0.862755751832534
-0.893551959833912
-0.92051373801551
-0.950524944636461
-0.985940583838045
-1.0115135134235
-1.03545605552654
-1.0477443463663
-1.05982129068057
-1.05982129068057
-1.05982129068057
-1.04874069427223
-1.03666374995796
-1.01250986132943
-0.981502306802553
-0.946901861342182
-0.903424861810824
-0.853698043596834
-0.794309669931432
-0.72788647620297
-0.656028657533088
-0.577951212541358
-0.503678005008624
-0.426989408613035
-0.34547003449174
-0.285085312920411
-0.210389412336676
-0.128266190999668
-0.0513964404393655
0.0204613782305164
0.101799598187097
0.171030681468626
0.249530819511355
0.307500152219831
0.377938929932787
0.427061900931064
0.487839123192607
0.535361899069243
0.584454677706734
0.638015925740503
0.693147176535127
0.744293035706043
0.784539452633334
0.809901035693292
0.823185674438984
0.844924174204664
0.862647089985849
0.873093646817689
0.875931728731541
0.875116534990328
0.875116534990328
0.865847480229129
0.86062420181321
0.84975495193037
0.835655119443464
0.819170090454492
0.806277952399013
0.788977729668827
0.769654618766001
0.749516314121963
0.729800702528923
0.706854508331819
0.683485621083714
0.663770009490675
0.632762454963798
0.609423760076479
0.579623899981027
0.549854232246362
0.518846677719484
0.491462206486887
0.461269845701222
0.427454401621278
0.398892428318038
0.365076984238094
0.328846151295296
0.302669374494125
0.27247701370846
0.231415403039957
0.195577070787372
0.160161431585788
0.123115404901776
0.0885149594414049
0.0587150993459535
0.0212765719717296
-0.0125388721082144
-0.0517889411295793
-0.090827663625444
-0.12204656467782
-0.153839120585125
-0.188258411880783
-0.225696939255008
-0.264735661750872
-0.295954562803249
-0.33822386790318
-0.369020075904558
-0.406458603278782
-0.444078284817721
-0.476686034466239
-0.506697241087189
-0.539697491425921
-0.573724282031365
-0.592836046408691
-0.619405323900076
-0.640147475759828
-0.648178643728815
-0.656451350584087
-0.661674629000007
-0.658444046395941
-0.643166711838394
-0.624658794676781
-0.590813158236052
-0.55962444954446
-0.516147450013103
-0.464609090151973
-0.402412826933504
-0.327143271494841
-0.253685257703319
-0.173162231487951
-0.0928505517980831
-0.0145617602808546
0.0599227937773805
0.138422931820109
0.208076708152637
0.286969346885579
0.366284678669521
0.438323651504116
0.510785317389712
0.572377733392468
0.630347066100944
0.687531397428994
0.74550073013747
0.800239480241879
0.846524369326304
0.884778090441741
0.933478368389018
0.974147478367308
1.01158600574153
1.04579395051169
1.07921689390142
1.10820156025566
1.12550178298585
1.14443239319846
1.14926317092416
1.14322469876703
1.13395564400583
1.11584022753443
1.09612461594139
1.08081708902306
1.06270167255166
1.04138586583698
1.01360889391417
0.987432117113001
0.955639561205696
0.928255089973099
0.900478118050286
0.872701146127475
0.84613186863609
0.818747397403492
0.785354646374547
0.75072400855339
0.723339537320791
0.689524093240847
0.655316148470689
0.620685510649531
0.583246983275307
0.551061926677789
0.509185122268072
0.475369678188128
0.445177317402462
0.406531095596811
0.369485068912801
0.335669624832856
0.301854180752912
0.268461429723967
0.233015598161596
0.200287079069936
0.172630876590267
0.135192349216042
0.110253459207083
0.0792459046802059
0.0534918209300339
0.0232994601443687
-0.00266597013130251
-0.0322544837012536
-0.0618429972712058
-0.0993117170062153
-0.130892926388021
-0.190462454218137
-0.218662119191948
-0.25006217440904
-0.281462229626131
-0.317693062568929
-0.364068528735709
-0.413100922651629
-0.446101172990361
-0.467024479014826
-0.486166435752938
-0.49923972797313
-0.511316672287396
-0.519981879832882
-0.515543602797389
-0.507301088302902
-0.493201255815998
