6.60665
4.248495
5.560681
6.620073
7.07609
5.480638
6.845879
6.173786
5.347107
5.926926
4.867534
5.52146
5.991464
6.620073
6.703188
4.905274
5.220355
6.067267
6.272877
6.461468
4.499809
4.248495
6.445719
6.55108
4.553876
5.298317
7.120848
5.788941
6.437751
6.263398
6.586171
6.956545
7.562977
4.941642
6.745236
4.317488
6.652863
7.003065
4.460144
7.495541
4.91998
5.272999
6.745236
6.052089
6.514712
5.857933
6.774223
6.163314
5.147494
4.219507
5.857933
5.833836
7.170119
4.60517
6.476972
6.603266
6.620073
6.55108
4.787491
5.438079
6.109247
5.991464
5.310739
5.480638
6.603266
5.105945
6.263398
7.588323
7.069023
5.899897
4.941642
5.695414
4.976733
5.616771
4.317488
6.2393
6.907755
5.833836
5.51141
6.620073
6.838762
6.417548
7.420578
7.807916
6.60665
5.703782
5.703782
6.55108
6.052089
5.783825
5.247024
6.109247
6.55108
5.075173
5.953243
6.396929
6.437751
6.55108
4.65396
6.214608
4.65396
6.109247
6.562914
6.194405
5.703782
6.396929
4.248495
4.317488
5.953243
4.317488
5.298317
6.659293
6.774223
6.396929
6.620073
6.802394
5.164785
6.487684
5.164785
5.52146
6.063785
5.658321
4.499809
5.579729
7.570443
6.802394
4.499809
6.866933
5.52146
5.192956
7.047517
6.715383
4.60517
5.4161
6.916053
5.075173
6.214608
6.774223
4.212127
6.650709
4.516338
5.043425
7.529116
7.170119
7.377758
7.090076
5.370638
6.49602
6.18929
5.616771
6.507277
6.396929
6.375876
4.70048
5.52146
5.164785
6.309918
7.549609
6.824373
4.70048
6.745236
6.282266
5.105945
6.109247
4.60517
6.745236
6.907755
5.828945
5.62582
4.905274
4.579852
4.70048
7.170119
4.499809
6.163314
6.856461
4.941642
6.802394
6.040254
4.471638
6.652863
7.662624
6.163314
5.616771
6.248319
5.043425
7.279318
6.028278
6.639875
6.35437
6.907755
5.76832
5.62582
5.52146
6.60665
6.052089
4.744932
7.207859
5.501258
4.828313
4.60517
6.282266
5.893024
6.620073
5.010635
5.991464
5.370638
5.857933
4.60517
7.138866
7.106606
6.829793
4.248495
4.382026
6.60665
5.703782
6.948577
5.459585
6.327936
6.684611
6.950175
5.720311
7.31322
4.248495
6.263398
6.620073
6.109247
5.252273
5.991464
4.976733
5.703782
5.899897
5.298317
6.655011
5.52146
6.668863
7.177782
5.347107
6.684611
5.370638
6.032287
6.597599
6.774223
5.4161
6.214608
6.802394
6.620073
7.788418
5.298317
4.70048
4.317488
5.164785
5.247024
4.787491
6.309918
6.856461
4.499809
5.043425
5.010635
6.388561
6.214608
6.309918
6.363028
