199
361
220
381
34
74
24
25
56
67
18
22
31
382
47
59
34
124
136
341
30
40
30
23
32
25
36
23
29
20
41
29
181
80
28
20
23
17
26
24
29
253
190
37
44
360
101
281
39
126
74
19
34
41
157
24
24
749
41
82
38
22
119
175
28
88
43
21
19
30
54
82
20
142
33
34
27
117
381
20
35
46
45
53
183
128
34
919
35
44
978
24
41
31
25
44
29
20
78
21
56
120
76
151
26
132
46
57
181
227
20
138
31
19
35
74
18
20
81
75
50
253
149
28
426
28
70
47
64
82
102
80
64
74
270
29
19
34
113
86
107
28
113
52
18
53
21
26
48
266
41
21
95
74
28
171
15
99
603
24
290
15
80
182
88
53
32
73
23
22
18
23
20
76
54
42
102
25
65
350
116
72
18
67
28
117
1238
30
53
42
46
50
253
33
36
37
27
18
62
47
267
28
25
28
24
47
275
45
41
