1.333635
1.969349
1.440720
2.026904
-0.5523969
0.2777232
-0.9241786
-0.8806053
-0.01977488
0.1716532
-1.231250
-1.017054
-0.650996
2.029702
-0.2067873
0.03592807
-0.5523969
0.8287314
0.9273305
1.908512
-0.6859957
-0.3789246
-0.6859957
-0.9696067
-0.6171075
-0.8806053
-0.4913861
-0.9696067
-0.7221822
-1.118788
-0.3525677
-0.7221822
1.232438
0.3609391
-0.7596386
-1.118788
-0.9696067
-1.292261
-0.8387412
-0.9241786
-0.7221822
1.589901
1.284235
-0.4621405
-0.2771907
1.966388
0.609743
1.701941
-0.4059487
0.8458101
0.2777232
-1.173539
-0.5523969
-0.3525677
1.080599
-0.9241786
-0.9241786
2.748401
-0.3525677
0.3872960
-0.4336749
-1.017054
0.7847994
1.196455
-0.7596386
0.462673
-0.3017297
-1.066710
-1.173539
-0.6859957
-0.05859362
0.3872960
-1.118788
0.9734124
-0.5842619
-0.5523969
-0.7984573
0.7667075
2.026904
-1.118788
-0.5214557
-0.229743
-0.2532032
-0.07854556
1.244167
0.8626199
-0.5523969
2.966734
-0.5214557
-0.2771907
3.033151
-0.9241786
-0.3525677
-0.650996
-0.8806053
-0.2771907
-0.7221822
-1.118788
0.3339149
-1.066710
-0.01977488
0.7937316
0.3061888
1.039007
-0.8387412
0.8954655
-0.229743
-0.0008823962
1.232438
1.474153
-1.118788
0.9429132
-0.650996
-1.173539
-0.5214557
0.2777232
-1.231250
-1.118788
0.3741989
0.2920509
-0.1407417
1.589901
1.024775
-0.7596386
2.146069
-0.7596386
0.2184080
-0.2067873
0.1227562
0.3872960
0.6202593
0.3609391
0.1227562
0.2777232
1.659317
-0.7221822
-1.173539
-0.5523969
0.7295768
0.438134
0.6713407
-0.7596386
0.7295768
-0.09887756
-1.231250
-0.07854556
-1.066710
-0.8387412
-0.1843150
1.643385
-0.3525677
-1.066710
0.5443717
0.2777232
-0.7596386
1.171774
-1.425859
0.5883943
2.516966
-0.9241786
1.735592
-1.425859
0.3609391
1.238319
0.462673
-0.07854556
-0.6171075
0.2632005
-0.9696067
-1.017054
-1.231250
-0.9696067
-1.118788
0.3061888
-0.05859362
-0.3268461
0.6202593
-0.8806053
0.1393053
1.936318
0.7575452
0.2484776
-1.231250
0.1716532
-0.7596386
0.7667075
3.284782
-0.6859957
-0.07854556
-0.3268461
-0.229743
-0.1407417
1.589901
-0.5842619
-0.4913861
-0.4621405
-0.7984573
-1.231250
0.08886773
-0.2067873
1.647390
-0.7596386
-0.8806053
-0.7596386
-0.9241786
-0.2067873
1.678902
-0.2532032
-0.3525677
