220
170
170
200
170
230
100
160
200
180
230
180
120
230
25
200
160
150
200
120
50
100
300
160
200
220
240
180
120
130
190
190
180
200
140
105
150
230
130
250
130
80
240
220
190
230
190
200
80
60
130
110
160
140
90
250
110
160
240
120
160
80
250
50
180
200
160
120
350
280
280
240
220
150
180
250
100
150
100
200
160
150
160
220
230
175
20
100
50
120
100
170
100
200
100
50
140
170
100
90
130
125
250
90
260
100
40
150
140
150
100
200
190
71
190
200
160
160
140
100
90
200
290
120
120
40
25
130
220
120
190
280
250
160
40
65
90
140
100
90
150
130
110
180
180
200
130
150
100
200
170
200
180
200
100
200
210
150
160
140
210
210
150
100
190
120
70
140
50
160
120
200
270
170
180
230
150
240
190
160
200
140
80
210
330
140
400
170
230
250
230
150
200
100
150
120
150
200
170
100
100
260
160
120
-5
60
170
160
160
190
120
150
250
140
270
190
145
130
100
120
140
210
80
250
100
200
150
70
30
230
230
200
160
240
260
95
100
180
160
200
180
180
60
250
150
180
150
110
185
40
100
120
10
200
180
180
220
110
230
150
35
140
160
150
140
280
150
160
160
95
90
100
170
150
120
150
110
190
80
100
200
200
130
120
90
100
150
250
200
210
80
200
170
130
100
190
200
120
150
230
260
130
100
80
140
130
1
200
160
200
190
70
100
100
130
130
120
-10
260
250
100
80
70
170
260
250
125
200
150
140
70
200
150
200
180
120
150
230
40
250
250
220
300
115
210
300
55
190
150
110
110
200
110
100
200
100
240
100
100
110
50
270
240
100
130
150
210
160
160
190
150
185
200
170
200
150
140
90
90
220
110
95
290
110
150
160
170
200
150
190
80
100
170
240
190
240
180
90
70
-10
240
180
250
210
120
150
140
120
220
60
85
110
55
180
-5
250
160
100
220
200
170
110
160
200
70
100
120
85
220
140
120
180
190
350
110
100
100
180
140
200
110
45
220
170
130
100
200
200
150
330
160
190
100
200
260
130
100
140
110
150
80
180
130
160
120
210
180
140
200
200
30
170
120
100
140
190
220
100
140
300
200
180
10
150
240
130
35
115
200
80
210
150
180
120
200
210
210
140
300
250
70
280
370
160
90
200
150
130
140
200
300
90
210
30
150
200
270
150
240
280
170
50
140
90
200
280
220
160
230
150
-50
190
140
-30
130
150
125
150
180
190
140
85
100
130
120
130
175
60
150
180
250
250
90
60
320
120
220
190
160
260
100
140
120
170
140
110
210
120
90
120
170
180
250
50
30
170
200
200
60
110
160
190
140
200
30
100
290
180
130
170
240
60
140
110
240
130
140
280
100
120
40
250
80
140
50
85
210
220
250
240
230
150
120
120
240
120
120
250
140
90
170
150
200
90
150
80
85
180
100
120
100
200
190
280
70
110
130
250
200
210
90
280
170
50
200
330
140
140
250
120
10
180
250
200
