0.9533697
0.1934255
0.1934255
0.649392
0.1934255
1.105358
-0.8704962
0.04143671
0.649392
0.3454144
1.105358
0.3454144
-0.5665186
1.105358
-2.010412
0.649392
0.04143671
-0.1105521
0.649392
-0.5665186
-1.630440
-0.8704962
2.169280
0.04143671
0.649392
0.9533697
1.257347
0.3454144
-0.5665186
-0.4145298
0.4974032
0.4974032
0.3454144
0.649392
-0.2625409
-0.7945018
-0.1105521
1.105358
-0.4145298
1.409336
-0.4145298
-1.174474
1.257347
0.9533697
0.4974032
1.105358
0.4974032
0.649392
-1.174474
-1.478452
-0.4145298
-0.7185074
0.04143671
-0.2625409
-1.022485
1.409336
-0.7185074
0.04143671
1.257347
-0.5665186
0.04143671
-1.174474
1.409336
-1.630440
0.3454144
0.649392
0.04143671
-0.5665186
2.929224
1.865303
1.865303
1.257347
0.9533697
-0.1105521
0.3454144
1.409336
-0.8704962
-0.1105521
-0.8704962
0.649392
0.04143671
-0.1105521
0.04143671
0.9533697
1.105358
0.2694199
-2.086407
-0.8704962
-1.630440
-0.5665186
-0.8704962
0.1934255
-0.8704962
0.649392
-0.8704962
-1.630440
-0.2625409
0.1934255
-0.8704962
-1.022485
-0.4145298
-0.4905242
1.409336
-1.022485
1.561325
-0.8704962
-1.782429
-0.1105521
-0.2625409
-0.1105521
-0.8704962
0.649392
0.4974032
-1.311264
0.4974032
0.649392
0.04143671
0.04143671
-0.2625409
-0.8704962
-1.022485
0.649392
2.017291
-0.5665186
-0.5665186
-1.782429
-2.010412
-0.4145298
0.9533697
-0.5665186
0.4974032
1.865303
1.409336
0.04143671
-1.782429
-1.402457
-1.022485
-0.2625409
-0.8704962
-1.022485
-0.1105521
-0.4145298
-0.7185074
0.3454144
0.3454144
0.649392
-0.4145298
-0.1105521
-0.8704962
0.649392
0.1934255
0.649392
0.3454144
0.649392
-0.8704962
0.649392
0.8013808
-0.1105521
0.04143671
-0.2625409
0.8013808
0.8013808
-0.1105521
-0.8704962
0.4974032
-0.5665186
-1.326463
-0.2625409
-1.630440
0.04143671
-0.5665186
0.649392
1.713314
0.1934255
0.3454144
1.105358
-0.1105521
1.257347
0.4974032
0.04143671
0.649392
-0.2625409
-1.174474
0.8013808
2.625247
-0.2625409
3.689169
0.1934255
1.105358
1.409336
1.105358
-0.1105521
0.649392
-0.8704962
-0.1105521
-0.5665186
-0.1105521
0.649392
0.1934255
-0.8704962
-0.8704962
1.561325
0.04143671
-0.5665186
-2.466379
-1.478452
0.1934255
0.04143671
0.04143671
0.4974032
-0.5665186
-0.1105521
1.409336
-0.2625409
1.713314
0.4974032
-0.1865465
-0.4145298
-0.8704962
-0.5665186
-0.2625409
0.8013808
-1.174474
1.409336
-0.8704962
0.649392
-0.1105521
-1.326463
-1.934418
1.105358
1.105358
0.649392
0.04143671
1.257347
1.561325
-0.9464907
-0.8704962
0.3454144
0.04143671
0.649392
0.3454144
0.3454144
-1.478452
1.409336
-0.1105521
0.3454144
-0.1105521
-0.7185074
0.4214088
-1.782429
-0.8704962
-0.5665186
-2.238396
0.649392
0.3454144
0.3454144
0.9533697
-0.7185074
1.105358
-0.1105521
-1.858424
-0.2625409
0.04143671
-0.1105521
-0.2625409
1.865303
-0.1105521
0.04143671
0.04143671
-0.9464907
-1.022485
-0.8704962
0.1934255
-0.1105521
-0.5665186
-0.1105521
-0.7185074
0.4974032
-1.174474
-0.8704962
0.649392
0.649392
-0.4145298
-0.5665186
-1.022485
-0.8704962
-0.1105521
1.409336
0.649392
0.8013808
-1.174474
0.649392
0.1934255
-0.4145298
-0.8704962
0.4974032
0.649392
-0.5665186
-0.1105521
1.105358
1.561325
-0.4145298
-0.8704962
-1.174474
-0.2625409
-0.4145298
-2.375186
0.649392
0.04143671
0.649392
0.4974032
-1.326463
-0.8704962
-0.8704962
-0.4145298
-0.4145298
-0.5665186
-2.542373
1.561325
1.409336
-0.8704962
-1.174474
-1.326463
0.1934255
1.561325
1.409336
-0.4905242
0.649392
-0.1105521
-0.2625409
-1.326463
0.649392
-0.1105521
0.649392
0.3454144
-0.5665186
-0.1105521
1.105358
-1.782429
1.409336
1.409336
0.9533697
2.169280
-0.642513
0.8013808
2.169280
-1.554446
0.4974032
-0.1105521
-0.7185074
-0.7185074
0.649392
-0.7185074
-0.8704962
0.649392
-0.8704962
1.257347
-0.8704962
-0.8704962
-0.7185074
-1.630440
1.713314
1.257347
-0.8704962
-0.4145298
-0.1105521
0.8013808
0.04143671
0.04143671
0.4974032
-0.1105521
0.4214088
0.649392
0.1934255
0.649392
-0.1105521
-0.2625409
-1.022485
-1.022485
0.9533697
-0.7185074
-0.9464907
2.017291
-0.7185074
-0.1105521
0.04143671
0.1934255
0.649392
-0.1105521
0.4974032
-1.174474
-0.8704962
0.1934255
1.257347
0.4974032
1.257347
0.3454144
-1.022485
-1.326463
-2.542373
1.257347
0.3454144
1.409336
0.8013808
-0.5665186
-0.1105521
-0.2625409
-0.5665186
0.9533697
-1.478452
-1.098479
-0.7185074
-1.554446
0.3454144
-2.466379
1.409336
0.04143671
-0.8704962
0.9533697
0.649392
0.1934255
-0.7185074
0.04143671
0.649392
-1.326463
-0.8704962
-0.5665186
-1.098479
0.9533697
-0.2625409
-0.5665186
0.3454144
0.4974032
2.929224
-0.7185074
-0.8704962
-0.8704962
0.3454144
-0.2625409
0.649392
-0.7185074
-1.706435
0.9533697
0.1934255
-0.4145298
-0.8704962
0.649392
0.649392
-0.1105521
2.625247
0.04143671
0.4974032
-0.8704962
0.649392
1.561325
-0.4145298
-0.8704962
-0.2625409
-0.7185074
-0.1105521
-1.174474
0.3454144
-0.4145298
0.04143671
-0.5665186
0.8013808
0.3454144
-0.2625409
0.649392
0.649392
-1.934418
0.1934255
-0.5665186
-0.8704962
-0.2625409
0.4974032
0.9533697
-0.8704962
-0.2625409
2.169280
0.649392
0.3454144
-2.238396
-0.1105521
1.257347
-0.4145298
-1.858424
-0.642513
0.649392
-1.174474
0.8013808
-0.1105521
0.3454144
-0.5665186
0.649392
0.8013808
0.8013808
-0.2625409
2.169280
1.409336
-1.326463
1.865303
3.233202
0.04143671
-1.022485
0.649392
-0.1105521
-0.4145298
-0.2625409
0.649392
2.169280
-1.022485
0.8013808
-1.934418
-0.1105521
0.649392
1.713314
-0.1105521
1.257347
1.865303
0.1934255
-1.630440
-0.2625409
-1.022485
0.649392
1.865303
0.9533697
0.04143671
1.105358
-0.1105521
-3.150329
0.4974032
-0.2625409
-2.846351
-0.4145298
-0.1105521
-0.4905242
-0.1105521
0.3454144
0.4974032
-0.2625409
-1.098479
-0.8704962
-0.4145298
-0.5665186
-0.4145298
0.2694199
-1.478452
-0.1105521
0.3454144
1.409336
1.409336
-1.022485
-1.478452
2.473258
-0.5665186
0.9533697
0.4974032
0.04143671
1.561325
-0.8704962
-0.2625409
-0.5665186
0.1934255
-0.2625409
-0.7185074
0.8013808
-0.5665186
-1.022485
-0.5665186
0.1934255
0.3454144
1.409336
-1.630440
-1.934418
0.1934255
0.649392
0.649392
-1.478452
-0.7185074
0.04143671
0.4974032
-0.2625409
0.649392
-1.934418
-0.8704962
2.017291
0.3454144
-0.4145298
0.1934255
1.257347
-1.478452
-0.2625409
-0.7185074
1.257347
-0.4145298
-0.2625409
1.865303
-0.8704962
-0.5665186
-1.782429
1.409336
-1.174474
-0.2625409
-1.630440
-1.098479
0.8013808
0.9533697
1.409336
1.257347
1.105358
-0.1105521
-0.5665186
-0.5665186
1.257347
-0.5665186
-0.5665186
1.409336
-0.2625409
-1.022485
0.1934255
-0.1105521
0.649392
-1.022485
-0.1105521
-1.174474
-1.098479
0.3454144
-0.8704962
-0.5665186
-0.8704962
0.649392
0.4974032
1.865303
-1.326463
-0.7185074
-0.4145298
1.409336
0.649392
0.8013808
-1.022485
1.865303
0.1934255
-1.630440
0.649392
2.625247
-0.2625409
-0.2625409
1.409336
-0.5665186
-2.238396
0.3454144
1.409336
0.649392
