64 4 "UN" "Client-Server" 0.1 0.839546 1.974686 308.491814 700.514102
64 4 "UN" "Client-Server" 0.2 0.827412 9.556437 291.037663 864.599227
64 4 "UN" "Client-Server" 0.3 0.802605 27.027618 264.928002 839.372851
64 4 "UN" "Client-Server" 0.4 0.723403 61.848511 235.776888 1256.053108
64 4 "UN" "Client-Server" 0.5 0.72121 121.085884 189.680044 1343.875577
64 4 "UN" "Client-Server" 0.6 0.647035 205.881088 145.988097 1574.366301
64 4 "UN" "Client-Server" 0.7 0.567402 284.999115 118.323674 1974.853192
64 4 "UN" "Client-Server" 0.8 0.511627 368.157288 92.003542 1845.521914
64 4 "UN" "Client-Server" 0.9 0.47056 431.169037 80.43286 2605.196106
64 4 "UN" "Client-Server" 1 0.421877 505.119598 68.518468 2586.130982
64 6 "UN" "Client-Server" 0.1 0.901173 2.153823 495.533336 866.002265
64 6 "UN" "Client-Server" 0.2 0.897863 11.002777 469.872618 1188.628365
64 6 "UN" "Client-Server" 0.3 0.871957 31.924433 447.158333 1351.075304
64 6 "UN" "Client-Server" 0.4 0.853846 84.117371 395.848075 1413.081946
64 6 "UN" "Client-Server" 0.5 0.796428 194.432526 311.877373 1804.085211
64 6 "UN" "Client-Server" 0.6 0.731779 341.365112 217.600589 2114.035099
64 6 "UN" "Client-Server" 0.7 0.640211 495.164948 157.213968 2275.428465
64 6 "UN" "Client-Server" 0.8 0.568923 626.139282 121.870069 3297.253072
64 6 "UN" "Client-Server" 0.9 0.514046 741.330261 101.696076 2923.876773
64 6 "UN" "Client-Server" 1 0.463145 851.930115 86.442861 3808.98919
64 8 "UN" "Client-Server" 0.1 0.923706 2.222387 688.57719 1141.277162
64 8 "UN" "Client-Server" 0.2 0.922138 11.448802 664.122822 1192.856244
64 8 "UN" "Client-Server" 0.3 0.928869 36.851643 622.974259 1456.320301
64 8 "UN" "Client-Server" 0.4 0.911611 97.074905 559.575905 1949.797805
64 8 "UN" "Client-Server" 0.5 0.850776 260.288574 438.777004 2531.21942
64 8 "UN" "Client-Server" 0.6 0.768916 498.907104 281.908378 2677.461345
64 8 "UN" "Client-Server" 0.7 0.673281 703.671875 202.216033 3430.493664
64 8 "UN" "Client-Server" 0.8 0.601595 886.009094 147.831672 3378.167663
64 8 "UN" "Client-Server" 0.9 0.538158 1042.865601 123.761679 4793.187737
64 8 "UN" "Client-Server" 1 0.488247 1182.806885 108.13343 5033.174441
64 10 "UN" "Client-Server" 0.1 0.961658 2.323333 865.229508 1212.364504
64 10 "UN" "Client-Server" 0.2 0.950974 12.018917 845.739986 1818.518585
64 10 "UN" "Client-Server" 0.3 0.938148 36.704994 814.701175 1860.231397
64 10 "UN" "Client-Server" 0.4 0.934972 106.477081 726.08212 1910.845894
64 10 "UN" "Client-Server" 0.5 0.911155 289.791046 561.201404 2968.873768
64 10 "UN" "Client-Server" 0.6 0.954375 569.042358 328.673091 3327.975791
64 10 "UN" "Client-Server" 0.7 0.960799 770.286499 237.074701 4402.212045
64 10 "UN" "Client-Server" 0.8 0.626211 943.934143 176.311116 4042.570405
64 10 "UN" "Client-Server" 0.9 0.557324 1112.935791 137.785534 5117.790831
64 10 "UN" "Client-Server" 1 0.504446 1258.460205 125.978201 6065.736672
64 4 "HR" "Client-Server" 0.1 0.549508 1.222985 327.044772 1327.334659
64 4 "HR" "Client-Server" 0.2 0.509507 5.670937 328.113813 1501.504698
64 4 "HR" "Client-Server" 0.3 0.531845 16.238094 303.152729 1517.024022
64 4 "HR" "Client-Server" 0.4 0.519655 45.07972 279.317307 1455.789406
64 4 "HR" "Client-Server" 0.5 0.515341 129.721649 198.615324 1881.893315
64 4 "HR" "Client-Server" 0.6 0.452565 262.34314 117.981682 2090.345171
64 4 "HR" "Client-Server" 0.7 0.381618 347.487946 96.904514 2511.787943
64 4 "HR" "Client-Server" 0.8 0.355369 424.036957 72.491967 3071.20543
64 4 "HR" "Client-Server" 0.9 0.32818 495.345062 64.535954 3621.956835
64 4 "HR" "Client-Server" 1 0.282082 575.525146 51.514464 3681.474413
64 6 "HR" "Client-Server" 0.1 0.572224 1.282619 500.454189 1708.165016
64 6 "HR" "Client-Server" 0.2 0.557274 6.012516 479.164027 2103.200338
64 6 "HR" "Client-Server" 0.3 0.585218 19.425623 458.150123 1875.405626
64 6 "HR" "Client-Server" 0.4 0.591425 45.844761 455.109135 2280.018142
64 6 "HR" "Client-Server" 0.5 0.557459 180.532654 342.885502 2637.788002
64 6 "HR" "Client-Server" 0.6 0.517327 358.594482 230.493497 2629.292325
64 6 "HR" "Client-Server" 0.7 0.458381 558.683594 126.359342 3158.973789
64 6 "HR" "Client-Server" 0.8 0.401393 662.153564 109.862502 3844.868921
64 6 "HR" "Client-Server" 0.9 0.365252 781.969604 86.830904 4843.121879
64 6 "HR" "Client-Server" 1 0.338053 868.8797 86.709082 5131.942593
64 8 "HR" "Client-Server" 0.1 0.567314 1.354892 662.928251 2119.201174
64 8 "HR" "Client-Server" 0.2 0.601986 7.1774 656.473887 2342.016821
64 8 "HR" "Client-Server" 0.3 0.649676 21.905952 619.675549 2655.360904
64 8 "HR" "Client-Server" 0.4 0.627225 53.570431 601.248564 2517.612877
64 8 "HR" "Client-Server" 0.5 0.609125 193.282196 507.519015 2658.641154
64 8 "HR" "Client-Server" 0.6 0.564138 472.804352 322.66365 3926.536213
64 8 "HR" "Client-Server" 0.7 0.49258 717.856323 189.742882 4291.11536
64 8 "HR" "Client-Server" 0.8 0.440587 889.111389 139.782762 4418.932026
64 8 "HR" "Client-Server" 0.9 0.409357 966.465942 144.69665 4776.873467
64 8 "HR" "Client-Server" 1 0.375879 1121.980713 108.468607 4901.47212
64 10 "HR" "Client-Server" 0.1 0.63489 1.522023 805.937932 2383.059193
64 10 "HR" "Client-Server" 0.2 0.625327 7.723398 799.71602 2440.137766
64 10 "HR" "Client-Server" 0.3 0.654058 22.386116 792.572565 3084.570291
64 10 "HR" "Client-Server" 0.4 0.66297 63.343914 750.52034 3079.737616
64 10 "HR" "Client-Server" 0.5 0.645673 200.854584 644.088642 3821.53383
64 10 "HR" "Client-Server" 0.6 0.591505 456.956177 447.4156 3767.82198
64 10 "HR" "Client-Server" 0.7 0.521848 689.914368 272.809553 4885.31403
64 10 "HR" "Client-Server" 0.8 0.490651 834.243164 202.79287 4445.629398
64 10 "HR" "Client-Server" 0.9 0.452518 974.687012 166.741261 5406.725208
64 10 "HR" "Client-Server" 1 0.41892 1099.184082 141.082172 5578.782966
64 4 "BR" "Client-Server" 0.1 0.905039 2.064371 312.112215 421.877284
64 4 "BR" "Client-Server" 0.2 0.900025 10.150197 286.822622 470.197916
64 4 "BR" "Client-Server" 0.3 0.883719 27.690582 257.634588 525.910576
64 4 "BR" "Client-Server" 0.4 0.853155 63.448967 217.084157 608.76642
64 4 "BR" "Client-Server" 0.5 0.81232 118.239517 167.018717 742.125137
64 4 "BR" "Client-Server" 0.6 0.749235 183.529724 124.98469 826.143227
64 4 "BR" "Client-Server" 0.7 0.675295 253.750458 94.723194 961.642973
64 4 "BR" "Client-Server" 0.8 0.605546 326.512787 70.481463 1201.631933
64 4 "BR" "Client-Server" 0.9 0.543298 397.394623 53.208525 1230.205126
64 4 "BR" "Client-Server" 1 0.491761 463.621521 43.59645 1493.745104
64 6 "BR" "Client-Server" 0.1 0.9375 2.221174 505.996723 614.630123
64 6 "BR" "Client-Server" 0.2 0.935522 11.598482 474.580111 705.468587
64 6 "BR" "Client-Server" 0.3 0.922333 33.815647 443.284879 698.256515
64 6 "BR" "Client-Server" 0.4 0.915624 87.285263 378.630739 836.310509
64 6 "BR" "Client-Server" 0.5 0.870269 201.725983 274.904992 1072.239243
64 6 "BR" "Client-Server" 0.6 0.796469 349.786835 177.205979 1196.322911
64 6 "BR" "Client-Server" 0.7 0.703475 491.681183 117.337618 1469.079664
64 6 "BR" "Client-Server" 0.8 0.622974 616.168579 85.139828 1717.654857
64 6 "BR" "Client-Server" 0.9 0.554223 733.769775 64.354544 1995.584056
64 6 "BR" "Client-Server" 1 0.500716 840.099243 54.225401 2231.332104
64 8 "BR" "Client-Server" 0.1 0.948599 2.236039 702.994414 770.69059
64 8 "BR" "Client-Server" 0.2 0.947834 11.946494 671.295779 912.798464
64 8 "BR" "Client-Server" 0.3 0.937209 36.190128 632.904352 976.231023
64 8 "BR" "Client-Server" 0.4 0.9347 104.912659 550.705519 1072.740772
64 8 "BR" "Client-Server" 0.5 0.908685 278.916565 390.322682 1316.231632
64 8 "BR" "Client-Server" 0.6 0.96125 536.66925 215.844594 1768.407896
64 8 "BR" "Client-Server" 0.7 0.973316 739.287598 137.888258 1945.345426
64 8 "BR" "Client-Server" 0.8 0.977292 911.85968 97.604255 2341.989053
64 8 "BR" "Client-Server" 0.9 0.97836 1062.74292 80.864712 2665.358418
64 8 "BR" "Client-Server" 1 0.978299 1206.503906 70.630917 2976.70983
64 10 "BR" "Client-Server" 0.1 0.95829 2.279548 892.852416 1073.734018
64 10 "BR" "Client-Server" 0.2 0.944783 11.98399 874.462284 1076.528275
64 10 "BR" "Client-Server" 0.3 0.947848 37.191639 823.85165 1124.130178
64 10 "BR" "Client-Server" 0.4 0.942199 107.564377 736.207309 1243.009661
64 10 "BR" "Client-Server" 0.5 0.928141 337.949127 482.476965 1663.612858
64 10 "BR" "Client-Server" 0.6 0.828573 626.390198 250.496786 2074.953492
64 10 "BR" "Client-Server" 0.7 0.720587 833.389587 160.824461 2591.180139
64 10 "BR" "Client-Server" 0.8 0.636664 992.94165 125.042268 2931.702541
64 10 "BR" "Client-Server" 0.9 0.567883 1148.794189 102.43451 3325.676426
64 10 "BR" "Client-Server" 1 0.513848 1307.005127 88.266633 3710.484756
64 6 "PS" "Client-Server" 0.1 0.927886 2.25691 467.220073 991.654608
64 6 "PS" "Client-Server" 0.2 0.914674 11.221832 444.583904 1179.806258
64 6 "PS" "Client-Server" 0.3 0.897633 34.58432 421.810454 1270.946206
64 6 "PS" "Client-Server" 0.4 0.867957 83.233231 374.280065 1463.837946
64 6 "PS" "Client-Server" 0.5 0.80322 190.616913 303.249182 1548.167651
64 6 "PS" "Client-Server" 0.6 0.715007 335.887207 225.88267 2433.831986
64 6 "PS" "Client-Server" 0.7 0.637811 448.49762 194.370202 2761.361123
64 6 "PS" "Client-Server" 0.8 0.561209 594.423401 141.776326 2950.973036
64 6 "PS" "Client-Server" 0.9 0.503471 688.62207 134.938714 3475.612812
64 6 "PS" "Client-Server" 1 0.460363 792.786804 115.919129 3914.442104
64 8 "PS" "Client-Server" 0.1 0.94723 2.302593 664.751138 1172.376429
64 8 "PS" "Client-Server" 0.2 0.936275 11.752433 648.914045 1191.328365
64 8 "PS" "Client-Server" 0.3 0.938896 37.560291 603.003875 1408.075927
64 8 "PS" "Client-Server" 0.4 0.916288 98.944687 545.087566 1544.60147
64 8 "PS" "Client-Server" 0.5 0.863297 255.613998 425.801938 2257.446611
64 8 "PS" "Client-Server" 0.6 0.771295 458.623169 315.421884 2694.984699
64 8 "PS" "Client-Server" 0.7 0.680886 664.535339 225.084681 3618.974981
64 8 "PS" "Client-Server" 0.8 0.606569 826.57782 185.147187 3980.472255
64 8 "PS" "Client-Server" 0.9 0.538424 999.04895 143.408169 4515.318353
64 8 "PS" "Client-Server" 1 0.492775 1135.979736 125.056075 4284.404858
64 10 "PS" "Client-Server" 0.1 0.956543 2.329191 854.506365 1317.539043
64 10 "PS" "Client-Server" 0.2 0.964797 12.197474 828.237477 1602.749624
64 10 "PS" "Client-Server" 0.3 0.958799 38.007793 786.852128 1632.929179
64 10 "PS" "Client-Server" 0.4 0.833681 104.889626 712.104035 2470.414099
64 10 "PS" "Client-Server" 0.5 0.90626 279.355682 556.958907 2488.393811
64 10 "PS" "Client-Server" 0.6 0.799148 535.853882 361.84257 3466.244423
64 10 "PS" "Client-Server" 0.7 0.705812 745.923279 254.808006 3810.631711
64 10 "PS" "Client-Server" 0.8 0.628214 898.211548 220.939988 4583.919059
64 10 "PS" "Client-Server" 0.9 0.561943 1053.160522 191.264946 4622.484513
64 10 "PS" "Client-Server" 1 0.509802 1211.382568 147.265376 5919.152636
64 4 "UN" "Asynchronous" 0.1 0.816425 1.899652 304.142096 138.918151
64 4 "UN" "Asynchronous" 0.2 0.802371 9.239443 287.760631 221.239958
64 4 "UN" "Asynchronous" 0.3 0.77942 26.343061 261.583243 343.33257
64 4 "UN" "Asynchronous" 0.4 0.731806 61.675339 241.112137 365.704783
64 4 "UN" "Asynchronous" 0.5 0.681066 122.838882 194.910803 564.244978
64 4 "UN" "Asynchronous" 0.6 0.624804 207.630569 145.400461 746.187279
64 4 "UN" "Asynchronous" 0.7 0.560888 285.684875 120.476798 834.650499
64 4 "UN" "Asynchronous" 0.8 0.484743 380.017151 87.956296 1027.134803
64 4 "UN" "Asynchronous" 0.9 0.448374 447.772125 77.160614 1160.935215
64 4 "UN" "Asynchronous" 1 0.404992 524.617188 67.063865 1183.696475
64 6 "UN" "Asynchronous" 0.1 0.849913 2.062736 498.420073 136.31725
64 6 "UN" "Asynchronous" 0.2 0.874955 10.711858 471.114584 207.247489
64 6 "UN" "Asynchronous" 0.3 0.850958 32.423492 452.291306 337.491171
64 6 "UN" "Asynchronous" 0.4 0.791423 83.810753 393.581999 571.173224
64 6 "UN" "Asynchronous" 0.5 0.786026 190.786957 311.382721 778.427756
64 6 "UN" "Asynchronous" 0.6 0.710901 199.974614 365.533325 1001.625231
64 6 "UN" "Asynchronous" 0.7 0.611163 503.520325 159.535965 1288.482455
64 6 "UN" "Asynchronous" 0.8 0.539734 638.689331 123.091451 1391.636666
64 6 "UN" "Asynchronous" 0.9 0.491085 744.496521 98.180394 1614.588983
64 6 "UN" "Asynchronous" 1 0.443039 857.977722 86.052872 1778.766636
64 8 "UN" "Asynchronous" 0.1 0.896803 2.195465 691.580927 150.551879
64 8 "UN" "Asynchronous" 0.2 0.89971 11.211035 658.241134 298.356074
64 8 "UN" "Asynchronous" 0.3 0.888416 35.185795 636.182197 417.879955
64 8 "UN" "Asynchronous" 0.4 0.887363 103.991623 556.300537 662.942924
64 8 "UN" "Asynchronous" 0.5 0.83289 269.960358 429.255853 928.672341
64 8 "UN" "Asynchronous" 0.6 0.744839 511.700409 278.413418 1280.691436
64 8 "UN" "Asynchronous" 0.7 0.663184 710.060181 192.790455 1418.79659
64 8 "UN" "Asynchronous" 0.8 0.584847 884.266846 149.129576 1819.996806
64 8 "UN" "Asynchronous" 0.9 0.519696 1044.152344 123.914238 2326.923643
64 8 "UN" "Asynchronous" 1 0.47054 1199.370728 102.923829 2386.83458
64 10 "UN" "Asynchronous" 0.1 0.914353 2.140482 872.458834 154.900342
64 10 "UN" "Asynchronous" 0.2 0.910044 11.266356 852.306247 263.461036
64 10 "UN" "Asynchronous" 0.3 0.915063 36.400436 814.131542 461.111618
64 10 "UN" "Asynchronous" 0.4 0.805937 101.311462 742.584297 855.129063
64 10 "UN" "Asynchronous" 0.5 0.8794 295.776855 544.772977 1121.475113
64 10 "UN" "Asynchronous" 0.6 0.776228 548.018188 356.9093 1589.911663
64 10 "UN" "Asynchronous" 0.7 0.682158 767.490173 227.405102 1754.958119
64 10 "UN" "Asynchronous" 0.8 0.604104 939.929688 177.316797 2352.552511
64 10 "UN" "Asynchronous" 0.9 0.539017 1105.541992 145.25426 2547.77951
64 10 "UN" "Asynchronous" 1 0.489624 1251.231445 126.660093 3207.772882
64 4 "HR" "Asynchronous" 0.1 0.418621 0.950721 330.567126 162.560751
64 4 "HR" "Asynchronous" 0.2 0.414236 4.682868 317.843877 253.825208
64 4 "HR" "Asynchronous" 0.3 0.393893 12.673223 321.257419 489.94064
64 4 "HR" "Asynchronous" 0.4 0.380225 33.187843 290.625295 742.056173
64 4 "HR" "Asynchronous" 0.5 0.341765 122.90625 231.736427 1040.479968
64 4 "HR" "Asynchronous" 0.6 0.318841 262.651215 138.85743 1264.44738
64 4 "HR" "Asynchronous" 0.7 0.268535 373.700378 96.498589 1752.237646
64 4 "HR" "Asynchronous" 0.8 0.242966 439.287231 90.756925 1975.005819
64 4 "HR" "Asynchronous" 0.9 0.221539 506.213196 75.023394 2368.824948
64 4 "HR" "Asynchronous" 1 0.202377 602.795288 60.490983 2066.717469
64 6 "HR" "Asynchronous" 0.1 0.452819 1.078156 521.344889 224.450947
64 6 "HR" "Asynchronous" 0.2 0.416491 4.814028 512.702741 383.315579
64 6 "HR" "Asynchronous" 0.3 0.40539 14.149101 494.651719 638.387938
64 6 "HR" "Asynchronous" 0.4 0.398521 36.513699 469.551196 897.947716
64 6 "HR" "Asynchronous" 0.5 0.397512 156.048096 383.694759 1466.091771
64 6 "HR" "Asynchronous" 0.6 0.347587 380.817383 237.431619 1973.63609
64 6 "HR" "Asynchronous" 0.7 0.324751 504.747375 191.278809 2272.76014
64 6 "HR" "Asynchronous" 0.8 0.268258 660.401001 146.495822 2652.015506
64 6 "HR" "Asynchronous" 0.9 0.254752 812.112305 104.067686 3195.861695
64 6 "HR" "Asynchronous" 1 0.230011 915.025818 93.711371 2541.630367
64 8 "HR" "Asynchronous" 0.1 0.526524 1.231869 650.631676 163.801348
64 8 "HR" "Asynchronous" 0.2 0.473054 5.644928 678.861945 347.974872
64 8 "HR" "Asynchronous" 0.3 0.447295 14.823047 677.316062 571.060156
64 8 "HR" "Asynchronous" 0.4 0.439256 41.55265 640.455567 921.813348
64 8 "HR" "Asynchronous" 0.5 0.445936 162.783722 551.62617 1409.149715
64 8 "HR" "Asynchronous" 0.6 0.371522 497.685699 345.966081 2162.578816
64 8 "HR" "Asynchronous" 0.7 0.332085 675.931763 284.934711 2620.790918
64 8 "HR" "Asynchronous" 0.8 0.290999 863.256653 234.321275 2574.649117
64 8 "HR" "Asynchronous" 0.9 0.282314 996.663574 198.169508 3392.124868
64 8 "HR" "Asynchronous" 1 0.255619 1158.224731 157.509882 3030.629787
64 10 "HR" "Asynchronous" 0.1 0.503035 1.196131 821.037681 158.319629
64 10 "HR" "Asynchronous" 0.2 0.482426 5.792946 832.629849 314.127942
64 10 "HR" "Asynchronous" 0.3 0.479445 17.800585 836.760791 509.908916
64 10 "HR" "Asynchronous" 0.4 0.484361 47.390614 825.793428 785.114697
64 10 "HR" "Asynchronous" 0.5 0.426271 162.10405 762.418444 1418.223088
64 10 "HR" "Asynchronous" 0.6 0.406267 424.684723 537.662801 1783.194698
64 10 "HR" "Asynchronous" 0.7 0.365252 615.394104 424.832467 2152.341855
64 10 "HR" "Asynchronous" 0.8 0.338151 832.63324 284.647089 2949.189101
64 10 "HR" "Asynchronous" 0.9 0.305455 988.797302 243.685678 3349.417336
64 10 "HR" "Asynchronous" 1 0.286714 1154.155518 194.823388 3407.799491
64 4 "BR" "Asynchronous" 0.1 0.590286 1.474199 313.118038 26.502746
64 4 "BR" "Asynchronous" 0.2 0.570239 6.385164 301.836467 54.064068
64 4 "BR" "Asynchronous" 0.3 0.54004 16.750683 297.233229 89.413975
64 4 "BR" "Asynchronous" 0.4 0.530152 37.607037 286.104428 161.584607
64 4 "BR" "Asynchronous" 0.5 0.517356 98.631683 234.559543 346.177863
64 4 "BR" "Asynchronous" 0.6 0.464993 241.5065 138.143841 587.624428
64 4 "BR" "Asynchronous" 0.7 0.412242 355.984772 81.354739 688.446953
64 4 "BR" "Asynchronous" 0.8 0.365082 439.582275 54.572955 956.721115
64 4 "BR" "Asynchronous" 0.9 0.330783 516.230347 41.036081 789.555446
64 4 "BR" "Asynchronous" 1 0.300045 583.544617 33.03613 1230.215474
64 6 "BR" "Asynchronous" 0.1 0.648118 1.745482 501.62453 21.445301
64 6 "BR" "Asynchronous" 0.2 0.623425 7.612763 486.995914 63.349039
64 6 "BR" "Asynchronous" 0.3 0.590987 20.255486 464.868028 125.447427
64 6 "BR" "Asynchronous" 0.4 0.537327 45.311146 449.813066 307.187608
64 6 "BR" "Asynchronous" 0.5 0.560995 170.806641 363.487787 572.849075
64 6 "BR" "Asynchronous" 0.6 0.485852 377.750397 224.77904 832.185981
64 6 "BR" "Asynchronous" 0.7 0.427971 537.255859 152.560222 861.210192
64 6 "BR" "Asynchronous" 0.8 0.381173 680.231445 109.199942 1276.382477
64 6 "BR" "Asynchronous" 0.9 0.346758 823.323486 64.842144 1607.041811
64 6 "BR" "Asynchronous" 1 0.318419 897.971619 75.311153 1756.065814
64 8 "BR" "Asynchronous" 0.1 0.706503 1.912839 706.197879 23.996447
64 8 "BR" "Asynchronous" 0.2 0.652849 8.527907 665.484182 57.535982
64 8 "BR" "Asynchronous" 0.3 0.604986 22.941246 643.360101 136.146416
64 8 "BR" "Asynchronous" 0.4 0.578066 54.552902 625.761629 363.675685
64 8 "BR" "Asynchronous" 0.5 0.567715 215.921051 511.649039 639.629146
64 8 "BR" "Asynchronous" 0.6 0.501516 485.607819 347.748721 911.954125
64 8 "BR" "Asynchronous" 0.7 0.446351 748.391968 217.859424 1519.366224
64 8 "BR" "Asynchronous" 0.8 0.398993 945.257813 138.28172 1694.42824
64 8 "BR" "Asynchronous" 0.9 0.356831 1100.739502 120.530379 2037.679313
64 8 "BR" "Asynchronous" 1 0.329844 1262.165771 78.67394 1525.505283
64 10 "BR" "Asynchronous" 0.1 0.727582 1.930754 873.604169 28.755788
64 10 "BR" "Asynchronous" 0.2 0.6822 8.784504 844.140732 58.842202
64 10 "BR" "Asynchronous" 0.3 0.625697 23.825163 816.210705 134.41607
64 10 "BR" "Asynchronous" 0.4 0.61155 59.21846 779.310592 405.903473
64 10 "BR" "Asynchronous" 0.5 0.574306 173.637634 689.117984 943.784262
64 10 "BR" "Asynchronous" 0.6 0.51484 523.096191 455.44 1459.009166
64 10 "BR" "Asynchronous" 0.7 0.452304 786.126831 305.172719 1425.640396
64 10 "BR" "Asynchronous" 0.8 0.410658 996.017639 184.80678 2160.995515
64 10 "BR" "Asynchronous" 0.9 0.372704 1144.733521 178.556087 1831.873466
64 10 "BR" "Asynchronous" 1 0.346742 1297.879517 123.035292 2296.19935
64 4 "PS" "Asynchronous" 0.1 0.787703 1.803502 297.272181 145.151796
64 4 "PS" "Asynchronous" 0.2 0.77177 8.760285 279.965347 206.818555
64 4 "PS" "Asynchronous" 0.3 0.75457 24.96559 260.250104 324.83453
64 4 "PS" "Asynchronous" 0.4 0.720497 54.264687 231.015389 384.912161
64 4 "PS" "Asynchronous" 0.5 0.673265 98.535614 200.816199 538.891334
64 4 "PS" "Asynchronous" 0.6 0.600602 164.131485 175.197572 677.867406
64 4 "PS" "Asynchronous" 0.7 0.521786 258.612244 134.413359 834.448158
64 4 "PS" "Asynchronous" 0.8 0.476747 320.643372 111.161267 972.773241
64 4 "PS" "Asynchronous" 0.9 0.431657 398.550964 84.187286 915.343493
64 4 "PS" "Asynchronous" 1 0.397266 452.322357 76.947265 1050.177944
64 6 "PS" "Asynchronous" 0.1 0.877179 2.101553 475.167884 162.362566
64 6 "PS" "Asynchronous" 0.2 0.851833 10.140016 463.786026 237.913709
64 6 "PS" "Asynchronous" 0.3 0.877377 32.558105 416.138883 420.847188
64 6 "PS" "Asynchronous" 0.4 0.835567 76.65834 380.515425 489.414091
64 6 "PS" "Asynchronous" 0.5 0.781463 310.095978 314.613922 707.337345
64 6 "PS" "Asynchronous" 0.6 0.715298 371.66571 229.012375 877.694794
64 6 "PS" "Asynchronous" 0.7 0.63048 412.371552 200.58859 939.017256
64 6 "PS" "Asynchronous" 0.8 0.566405 541.182068 150.632315 1273.250027
64 6 "PS" "Asynchronous" 0.9 0.50749 656.648621 124.408329 1571.410199
64 6 "PS" "Asynchronous" 1 0.462423 750.842773 106.669307 1494.136836
64 8 "PS" "Asynchronous" 0.1 0.915108 2.167838 659.665687 188.94189
64 8 "PS" "Asynchronous" 0.2 0.918623 11.410483 633.454923 265.838034
64 8 "PS" "Asynchronous" 0.3 0.898435 34.909355 615.454019 460.266911
64 8 "PS" "Asynchronous" 0.4 0.90209 95.616432 541.620146 542.198431
64 8 "PS" "Asynchronous" 0.5 0.859304 229.198608 434.18093 854.724177
64 8 "PS" "Asynchronous" 0.6 0.767585 450.834259 294.302512 1288.185116
64 8 "PS" "Asynchronous" 0.7 0.671155 603.029236 256.529357 1234.085264
64 8 "PS" "Asynchronous" 0.8 0.601854 793.640015 177.777102 1769.297096
64 8 "PS" "Asynchronous" 0.9 0.539759 951.538147 139.549869 2006.590809
64 8 "PS" "Asynchronous" 1 0.486748 1087.726685 126.184347 1974.496396
64 10 "PS" "Asynchronous" 0.1 0.930484 2.192356 847.957303 164.755251
64 10 "PS" "Asynchronous" 0.2 0.942199 12.014284 826.762393 277.98685
64 10 "PS" "Asynchronous" 0.3 0.941612 36.644043 786.883481 532.570733
64 10 "PS" "Asynchronous" 0.4 0.927346 105.939613 709.664401 662.714307
64 10 "PS" "Asynchronous" 0.5 0.888311 274.691742 550.531361 937.078417
64 10 "PS" "Asynchronous" 0.6 0.797411 512.345947 374.545667 1368.201165
64 10 "PS" "Asynchronous" 0.7 0.706503 725.963135 243.629049 1779.316082
64 10 "PS" "Asynchronous" 0.8 0.627709 885.104004 210.026391 2193.119031
64 10 "PS" "Asynchronous" 0.9 0.560011 1040.495117 172.818675 2686.459284
64 10 "PS" "Asynchronous" 1 0.50823 1180.058472 160.397978 2766.021133
16 4 "UN" "Client-Server" 0.1 0.837166 2.004246 264.944191 547.570481
16 4 "UN" "Client-Server" 0.2 0.799354 9.472887 260.322674 571.093509
16 4 "UN" "Client-Server" 0.3 0.852871 29.294453 209.804258 693.270291
16 4 "UN" "Client-Server" 0.4 0.763965 66.187737 196.745354 832.28476
16 4 "UN" "Client-Server" 0.5 0.729444 133.006058 157.230179 1194.286232
16 4 "UN" "Client-Server" 0.6 0.625584 202.418213 128.417501 1261.044228
16 4 "UN" "Client-Server" 0.7 0.560313 281.745117 98.304158 1657.765373
16 4 "UN" "Client-Server" 0.8 0.531492 349.288635 85.586606 1827.375029
16 4 "UN" "Client-Server" 0.9 0.476232 411.124512 75.172233 1999.516709
16 4 "UN" "Client-Server" 1 0.423975 498.134125 64.562717 1698.50628
16 6 "UN" "Client-Server" 0.1 0.914756 2.220169 465.308045 652.441763
16 6 "UN" "Client-Server" 0.2 0.91516 11.093018 432.340411 1003.826707
16 6 "UN" "Client-Server" 0.3 0.904898 35.288231 396.832563 811.330775
16 6 "UN" "Client-Server" 0.4 0.861362 86.183983 363.243995 1177.194924
16 6 "UN" "Client-Server" 0.5 0.792027 218.846512 271.082784 1003.120135
16 6 "UN" "Client-Server" 0.6 0.705315 362.37619 192.780636 1718.83999
16 6 "UN" "Client-Server" 0.7 0.637113 494.74469 144.197162 2071.088303
16 6 "UN" "Client-Server" 0.8 0.565409 620.136169 109.11666 2622.311601
16 6 "UN" "Client-Server" 0.9 0.505995 746.678711 97.670696 2646.366771
16 6 "UN" "Client-Server" 1 0.455567 849.864807 86.230127 3239.210381
16 8 "UN" "Client-Server" 0.1 0.90698 2.27336 665.293585 936.18684
16 8 "UN" "Client-Server" 0.2 0.919247 11.414202 634.179949 1092.624144
16 8 "UN" "Client-Server" 0.3 0.923054 35.754356 600.485778 1317.559372
16 8 "UN" "Client-Server" 0.4 0.907902 105.284363 516.166909 858.284943
16 8 "UN" "Client-Server" 0.5 0.845062 274.173981 402.508533 1832.015352
16 8 "UN" "Client-Server" 0.6 0.733655 525.180847 260.326255 2248.767269
16 8 "UN" "Client-Server" 0.7 0.661952 689.955933 206.797478 2360.612364
16 8 "UN" "Client-Server" 0.8 0.586487 887.138184 144.352713 3390.422991
16 8 "UN" "Client-Server" 0.9 0.541788 1026.908203 135.949253 4020.823301
16 8 "UN" "Client-Server" 1 0.490409 1176.928711 114.291223 4475.082423
16 10 "UN" "Client-Server" 0.1 0.955848 2.391438 827.54203 870.068191
16 10 "UN" "Client-Server" 0.2 0.935056 11.377554 810.791833 1582.542014
16 10 "UN" "Client-Server" 0.3 0.932695 37.361408 784.912542 1680.9416
16 10 "UN" "Client-Server" 0.4 0.915236 118.756714 700.461831 1727.842054
16 10 "UN" "Client-Server" 0.5 0.882814 313.291901 507.58366 1396.347726
16 10 "UN" "Client-Server" 0.6 0.771937 565.769348 336.628744 2956.160892
16 10 "UN" "Client-Server" 0.7 0.687306 745.52948 264.673434 3774.548086
16 10 "UN" "Client-Server" 0.8 0.617007 946.430603 178.332365 3667.614018
16 10 "UN" "Client-Server" 0.9 0.551504 1103.527954 157.680668 4910.532583
16 10 "UN" "Client-Server" 1 0.503592 1264.407837 128.494491 4559.7941
16 4 "HR" "Client-Server" 0.1 0.622777 1.424685 311.912393 625.949413
16 4 "HR" "Client-Server" 0.2 0.714232 7.784738 266.751283 695.613489
16 4 "HR" "Client-Server" 0.3 0.563058 17.237011 295.00162 868.535961
16 4 "HR" "Client-Server" 0.4 0.61408 47.139942 248.004784 953.962094
16 4 "HR" "Client-Server" 0.5 0.58883 129.407547 181.319843 928.606772
16 4 "HR" "Client-Server" 0.6 0.531492 1627.330246 124.036349 224.875168
16 4 "HR" "Client-Server" 0.7 0.475336 323.723724 85.539297 1737.167893
16 4 "HR" "Client-Server" 0.8 0.413104 392.275299 75.917551 2154.044741
16 4 "HR" "Client-Server" 0.9 0.361952 473.47699 70.346343 2543.927978
16 4 "HR" "Client-Server" 1 0.335961 549.021851 59.854221 2655.729283
16 6 "HR" "Client-Server" 0.1 0.793967 1.854915 474.078984 952.678288
16 6 "HR" "Client-Server" 0.2 0.779392 9.595086 459.408864 1027.855103
16 6 "HR" "Client-Server" 0.3 0.771373 26.096712 431.734106 1096.862164
16 6 "HR" "Client-Server" 0.4 0.737937 71.482933 382.593795 1295.636006
16 6 "HR" "Client-Server" 0.5 0.649532 185.400986 321.164792 1653.366
16 6 "HR" "Client-Server" 0.6 0.580466 420.417145 161.651698 1992.715915
16 6 "HR" "Client-Server" 0.7 0.546245 518.351929 137.385957 2644.567425
16 6 "HR" "Client-Server" 0.8 0.493581 663.640259 97.337675 2587.353042
16 6 "HR" "Client-Server" 0.9 0.427316 777.911072 84.124586 3509.19345
16 6 "HR" "Client-Server" 1 0.407034 874.560791 82.302762 3916.523672
16 8 "HR" "Client-Server" 0.1 0.788644 1.7672 632.892659 904.356536
16 8 "HR" "Client-Server" 0.2 0.8471 10.156638 636.190081 1319.209855
16 8 "HR" "Client-Server" 0.3 0.796617 29.106882 628.544874 1445.395821
16 8 "HR" "Client-Server" 0.4 0.787135 67.76693 592.618135 1403.904639
16 8 "HR" "Client-Server" 0.5 0.752581 212.689209 472.946322 1815.336111
16 8 "HR" "Client-Server" 0.6 0.686232 520.065125 254.090024 2731.8835
16 8 "HR" "Client-Server" 0.7 0.556637 736.940674 194.68858 3389.835282
16 8 "HR" "Client-Server" 0.8 0.533445 887.897278 144.084164 2778.215451
16 8 "HR" "Client-Server" 0.9 0.470176 1066.175171 119.098713 4555.877628
16 8 "HR" "Client-Server" 1 0.436457 1211.93335 107.372065 3816.021591
16 10 "HR" "Client-Server" 0.1 0.849374 1.980331 820.621205 1440.760876
16 10 "HR" "Client-Server" 0.2 0.853076 10.2187 801.114926 1783.877387
16 10 "HR" "Client-Server" 0.3 0.85156 30.706835 761.209416 1738.892586
16 10 "HR" "Client-Server" 0.4 0.805596 78.206543 747.394023 2299.360993
16 10 "HR" "Client-Server" 0.5 0.79196 221.464294 630.708725 2401.750804
16 10 "HR" "Client-Server" 0.6 0.638244 537.422058 395.293799 1925.507111
16 10 "HR" "Client-Server" 0.7 0.622735 761.577026 225.412774 3768.54491
16 10 "HR" "Client-Server" 0.8 0.553766 928.661072 188.420577 3922.378045
16 10 "HR" "Client-Server" 0.9 0.489242 1075.117432 157.60558 5365.009141
16 10 "HR" "Client-Server" 1 0.477834 1217.886597 136.838134 4530.380751
16 4 "BR" "Client-Server" 0.1 0.88365 1.921418 305.277775 250.716906
16 4 "BR" "Client-Server" 0.2 0.860418 9.29508 286.311814 488.081072
16 4 "BR" "Client-Server" 0.3 0.843287 27.243357 256.627682 307.441712
16 4 "BR" "Client-Server" 0.4 0.832914 61.148876 211.636713 587.814337
16 4 "BR" "Client-Server" 0.5 0.7821 111.845444 174.542099 495.701487
16 4 "BR" "Client-Server" 0.6 0.714232 189.958618 125.603599 545.004812
16 4 "BR" "Client-Server" 0.7 0.647217 268.578033 87.902292 775.542157
16 4 "BR" "Client-Server" 0.8 0.581954 339.456268 68.747484 754.715206
16 4 "BR" "Client-Server" 0.9 0.527778 408.526337 54.547726 1159.859915
16 4 "BR" "Client-Server" 1 0.480408 471.786499 46.118236 1484.799775
16 6 "BR" "Client-Server" 0.1 0.908802 2.134946 496.436634 399.020319
16 6 "BR" "Client-Server" 0.2 0.90698 10.394992 471.799576 490.268575
16 6 "BR" "Client-Server" 0.3 0.896247 30.655106 436.696046 503.392515
16 6 "BR" "Client-Server" 0.4 0.880803 84.361443 377.865241 583.281742
16 6 "BR" "Client-Server" 0.5 0.843151 204.702072 271.474592 990.952492
16 6 "BR" "Client-Server" 0.6 0.755583 369.789307 169.425549 812.773944
16 6 "BR" "Client-Server" 0.7 0.671474 510.915802 111.033113 976.441463
16 6 "BR" "Client-Server" 0.8 0.600924 626.10022 89.194322 1535.476028
16 6 "BR" "Client-Server" 0.9 0.539897 738.934143 68.914483 2112.035842
16 6 "BR" "Client-Server" 1 0.490711 839.243652 63.710844 2353.144075
16 8 "BR" "Client-Server" 0.1 0.908662 2.093968 694.530209 731.390336
16 8 "BR" "Client-Server" 0.2 0.916754 10.831274 663.907475 639.486244
16 8 "BR" "Client-Server" 0.3 0.914468 35.075058 623.925842 754.063759
16 8 "BR" "Client-Server" 0.4 0.923701 103.896408 537.369656 582.75072
16 8 "BR" "Client-Server" 0.5 0.86701 300.255798 369.500912 1279.921264
16 8 "BR" "Client-Server" 0.6 0.781098 555.305237 207.147214 1086.897059
16 8 "BR" "Client-Server" 0.7 0.684499 748.928955 138.909547 1298.358239
16 8 "BR" "Client-Server" 0.8 0.610051 902.59436 118.079647 2054.4057
16 8 "BR" "Client-Server" 0.9 0.548603 1062.911255 89.018931 2671.651809
16 8 "BR" "Client-Server" 1 0.498233 1201.908813 81.294476 2101.883654
16 10 "BR" "Client-Server" 0.1 0.940461 2.086331 877.635199 905.729476
16 10 "BR" "Client-Server" 0.2 0.902923 10.837634 863.513897 665.273676
16 10 "BR" "Client-Server" 0.3 0.908622 33.603893 817.815971 767.296404
16 10 "BR" "Client-Server" 0.4 0.902704 91.781967 759.858006 1343.881897
16 10 "BR" "Client-Server" 0.5 0.888585 328.355347 485.458241 1210.30457
16 10 "BR" "Client-Server" 0.6 0.789 601.244873 279.231626 1927.057396
16 10 "BR" "Client-Server" 0.7 0.694901 830.786377 166.135699 1766.06318
16 10 "BR" "Client-Server" 0.8 0.618812 975.618347 153.678378 2053.676488
16 10 "BR" "Client-Server" 0.9 0.555489 1142.917725 119.934979 3501.850233
16 10 "BR" "Client-Server" 1 0.505846 1286.25415 103.926322 2146.969058
16 4 "PS" "Client-Server" 0.1 0.86733 2.044179 246.261255 367.493895
16 4 "PS" "Client-Server" 0.2 0.840152 10.14529 235.461691 626.860874
16 4 "PS" "Client-Server" 0.3 0.824914 30.322653 217.819531 713.864201
16 4 "PS" "Client-Server" 0.4 0.75785 58.60265 204.534258 796.514082
16 4 "PS" "Client-Server" 0.5 0.714316 123.017624 158.143149 982.481297
16 4 "PS" "Client-Server" 0.6 0.632461 214.452255 116.240102 1135.886412
16 4 "PS" "Client-Server" 0.7 0.551504 278.491974 113.595496 1418.882864
16 4 "PS" "Client-Server" 0.8 0.49651 364.986053 81.290563 1501.070594
16 4 "PS" "Client-Server" 0.9 0.452939 425.249847 83.883106 1577.887682
16 4 "PS" "Client-Server" 1 0.420933 483.833649 87.548434 2065.619811
16 6 "PS" "Client-Server" 0.1 0.936473 2.227537 440.568794 702.425075
16 6 "PS" "Client-Server" 0.2 0.900764 10.88244 425.003658 802.773783
16 6 "PS" "Client-Server" 0.3 0.90722 33.936623 396.412708 789.924743
16 6 "PS" "Client-Server" 0.4 0.862785 94.348297 347.883212 1036.468694
16 6 "PS" "Client-Server" 0.5 0.807842 179.849548 291.412257 1389.333044
16 6 "PS" "Client-Server" 0.6 0.701786 374.583313 179.632006 1570.51253
16 6 "PS" "Client-Server" 0.7 0.639351 490.504761 145.010342 2252.575091
16 6 "PS" "Client-Server" 0.8 0.573968 603.130981 124.17505 2400.1869
16 6 "PS" "Client-Server" 0.9 0.511543 715.827026 113.861094 2904.991727
16 6 "PS" "Client-Server" 1 0.47255 830.844727 89.16558 2394.23185
16 8 "PS" "Client-Server" 0.1 0.9513 2.314414 636.497807 949.857036
16 8 "PS" "Client-Server" 0.2 0.936808 11.713354 620.951115 1170.297092
16 8 "PS" "Client-Server" 0.3 0.931204 36.626431 587.482683 760.049126
16 8 "PS" "Client-Server" 0.4 0.937835 102.300987 509.674402 1314.509873
16 8 "PS" "Client-Server" 0.5 0.864236 306.522491 354.147836 1676.812651
16 8 "PS" "Client-Server" 0.6 0.780074 497.36142 264.85216 2381.463659
16 8 "PS" "Client-Server" 0.7 0.687981 681.090576 199.986105 2149.237046
16 8 "PS" "Client-Server" 0.8 0.61379 845.246582 166.875076 2470.214123
16 8 "PS" "Client-Server" 0.9 0.549407 1007.446472 131.749403 3485.25522
16 8 "PS" "Client-Server" 1 0.50007 1151.877319 120.57513 4123.286673
16 10 "PS" "Client-Server" 0.1 0.974802 2.351146 822.921127 968.314249
16 10 "PS" "Client-Server" 0.2 0.980224 12.150679 809.186312 1142.913841
16 10 "PS" "Client-Server" 0.3 0.971452 40.07254 755.084983 1483.32136
16 10 "PS" "Client-Server" 0.4 0.948199 106.190559 686.45432 1635.900805
16 10 "PS" "Client-Server" 0.5 0.909553 295.415222 522.214254 2016.290249
16 10 "PS" "Client-Server" 0.6 0.806512 553.938843 313.497466 2373.16626
16 10 "PS" "Client-Server" 0.7 0.703002 755.845886 236.531664 1934.740695
16 10 "PS" "Client-Server" 0.8 0.635748 928.996765 176.748269 2980.861045
16 10 "PS" "Client-Server" 0.9 0.574563 1072.681763 152.513064 3372.189353
16 10 "PS" "Client-Server" 1 0.510356 1226.546875 135.151713 5015.644768
16 4 "UN" "Asynchronous" 0.1 0.805631 1.942182 270.747872 97.039249
16 4 "UN" "Asynchronous" 0.2 0.711402 8.758454 285.337517 189.728209
16 4 "UN" "Asynchronous" 0.3 0.764771 27.745926 235.742445 278.035569
16 4 "UN" "Asynchronous" 0.4 0.714662 61.134068 226.975478 313.655513
16 4 "UN" "Asynchronous" 0.5 0.702304 126.200226 169.986024 478.87206
16 4 "UN" "Asynchronous" 0.6 0.625735 208.140411 133.539131 527.958591
16 4 "UN" "Asynchronous" 0.7 0.567802 277.625092 105.518029 799.296875
16 4 "UN" "Asynchronous" 0.8 0.495292 364.442078 87.992509 962.201487
16 4 "UN" "Asynchronous" 0.9 0.470201 421.035217 77.335651 1060.153725
16 4 "UN" "Asynchronous" 1 0.416087 499.487244 81.015041 1212.852502
16 6 "UN" "Asynchronous" 0.1 0.898346 2.169365 458.073357 135.013123
16 6 "UN" "Asynchronous" 0.2 0.834869 10.44451 473.602198 217.297108
16 6 "UN" "Asynchronous" 0.3 0.884136 34.631821 399.531575 309.237367
16 6 "UN" "Asynchronous" 0.4 0.81023 445.018668 372.234784 84.688896
16 6 "UN" "Asynchronous" 0.5 0.762009 215.162201 272.973696 619.696092
16 6 "UN" "Asynchronous" 0.6 0.690723 373.463867 193.323326 707.930583
16 6 "UN" "Asynchronous" 0.7 0.599696 509.8172 150.016862 1193.248324
16 6 "UN" "Asynchronous" 0.8 0.506488 666.255615 123.97509 1271.03947
16 6 "UN" "Asynchronous" 0.9 0.491041 747.157043 102.805916 1189.9045
16 6 "UN" "Asynchronous" 1 0.456873 835.229004 94.498951 1811.012822
16 8 "UN" "Asynchronous" 0.1 0.895793 2.181244 659.521851 125.438472
16 8 "UN" "Asynchronous" 0.2 0.917185 11.909069 622.913749 218.046743
16 8 "UN" "Asynchronous" 0.3 0.896828 36.004375 599.416001 258.929993
16 8 "UN" "Asynchronous" 0.4 0.862535 102.455956 537.88127 513.782316
16 8 "UN" "Asynchronous" 0.5 0.803943 286.08728 399.242048 738.685759
16 8 "UN" "Asynchronous" 0.6 0.739532 509.905884 274.537311 1144.697168
16 8 "UN" "Asynchronous" 0.7 0.638247 743.187683 167.733261 1549.619758
16 8 "UN" "Asynchronous" 0.8 0.546533 874.141541 185.060726 1762.429191
16 8 "UN" "Asynchronous" 0.9 0.497897 1055.804199 132.752413 2124.122474
16 8 "UN" "Asynchronous" 1 0.457959 1188.806396 137.567342 1800.665678
16 10 "UN" "Asynchronous" 0.1 0.933178 2.268084 851.836871 178.716605
16 10 "UN" "Asynchronous" 0.2 0.901664 11.165421 837.913631 266.863225
16 10 "UN" "Asynchronous" 0.3 0.878836 35.783009 819.288729 400.380958
16 10 "UN" "Asynchronous" 0.4 0.886027 105.661499 726.71872 464.618315
16 10 "UN" "Asynchronous" 0.5 0.846923 289.955444 556.42145 859.177814
16 10 "UN" "Asynchronous" 0.6 0.755375 598.604126 299.191908 1386.292707
16 10 "UN" "Asynchronous" 0.7 0.643968 769.585083 265.510606 1808.262657
16 10 "UN" "Asynchronous" 0.8 0.586142 932.586914 197.369362 1289.923936
16 10 "UN" "Asynchronous" 0.9 0.538516 1065.520996 172.631985 2473.733856
16 10 "UN" "Asynchronous" 1 0.491613 1233.783325 147.869615 2828.767953
16 4 "HR" "Asynchronous" 0.1 0.572178 1.393413 344.412678 208.202647
16 4 "HR" "Asynchronous" 0.2 0.558476 6.146375 319.720534 224.008272
16 4 "HR" "Asynchronous" 0.3 0.604414 19.377216 298.515323 339.373784
16 4 "HR" "Asynchronous" 0.4 0.639143 42.881931 243.422381 454.336136
16 4 "HR" "Asynchronous" 0.5 0.547472 110.907822 206.067076 553.155326
16 4 "HR" "Asynchronous" 0.6 0.448119 158.804123 225.488963 808.222372
16 4 "HR" "Asynchronous" 0.7 0.38111 314.990753 125.631665 1113.299692
16 4 "HR" "Asynchronous" 0.8 0.37793 400.346375 87.270384 1345.570771
16 4 "HR" "Asynchronous" 0.9 0.311804 490.02179 87.705551 1570.581512
16 4 "HR" "Asynchronous" 1 0.305073 550.135315 59.292463 1773.611828
16 6 "HR" "Asynchronous" 0.1 0.679129 1.496446 508.002074 157.891728
16 6 "HR" "Asynchronous" 0.2 0.707956 8.302955 480.132066 516.439638
16 6 "HR" "Asynchronous" 0.3 0.683511 23.719973 454.797569 488.64161
16 6 "HR" "Asynchronous" 0.4 0.690876 62.65062 411.688018 531.356966
16 6 "HR" "Asynchronous" 0.5 0.64273 182.825714 334.347245 871.053275
16 6 "HR" "Asynchronous" 0.6 0.5458 402.114136 190.350066 1352.484214
16 6 "HR" "Asynchronous" 0.7 0.432759 485.1474 204.971539 1555.443767
16 6 "HR" "Asynchronous" 0.8 0.420722 667.30658 141.801921 1620.412515
16 6 "HR" "Asynchronous" 0.9 0.422564 728.156982 132.294159 1464.219174
16 6 "HR" "Asynchronous" 1 0.347239 821.218018 110.316602 2495.585069
16 8 "HR" "Asynchronous" 0.1 0.803096 2.026069 690.208567 290.712404
16 8 "HR" "Asynchronous" 0.2 0.769347 8.922665 642.837882 543.234636
16 8 "HR" "Asynchronous" 0.3 0.761153 26.240793 619.51453 625.048774
16 8 "HR" "Asynchronous" 0.4 0.683967 58.573162 624.406642 751.235356
16 8 "HR" "Asynchronous" 0.5 0.709455 221.735184 472.98318 1025.620714
16 8 "HR" "Asynchronous" 0.6 0.604509 423.436707 371.598935 1559.892031
16 8 "HR" "Asynchronous" 0.7 0.505288 679.681152 217.553375 2156.154352
16 8 "HR" "Asynchronous" 0.8 0.463521 870.919556 193.512634 2071.026508
16 8 "HR" "Asynchronous" 0.9 0.408886 972.338074 184.823285 2532.130972
16 8 "HR" "Asynchronous" 1 0.364302 1125.519653 157.423829 1987.508899
16 10 "HR" "Asynchronous" 0.1 0.731229 1.8182 861.776137 388.940989
16 10 "HR" "Asynchronous" 0.2 0.781164 9.258657 834.790991 492.393833
16 10 "HR" "Asynchronous" 0.3 0.675502 25.449713 821.138662 566.652085
16 10 "HR" "Asynchronous" 0.4 0.733372 67.158897 817.520328 599.358071
16 10 "HR" "Asynchronous" 0.5 0.634559 185.278748 705.750487 1211.646463
16 10 "HR" "Asynchronous" 0.6 0.615881 506.056 427.56895 1896.395789
16 10 "HR" "Asynchronous" 0.7 0.550544 668.805542 361.920132 2418.757984
16 10 "HR" "Asynchronous" 0.8 0.430889 859.233643 300.175428 2690.80746
16 10 "HR" "Asynchronous" 0.9 0.470719 958.309814 216.179762 2859.921799
16 10 "HR" "Asynchronous" 1 0.409884 1194.435669 183.762009 3444.731968
16 4 "BR" "Asynchronous" 0.1 0.442501 1.013195 381.615554 19.110126
16 4 "BR" "Asynchronous" 0.2 0.443607 3.981061 359.07301 34.452089
16 4 "BR" "Asynchronous" 0.3 0.460454 9.462865 336.131204 109.222768
16 4 "BR" "Asynchronous" 0.4 0.458123 22.943092 317.289503 133.728978
16 4 "BR" "Asynchronous" 0.5 0.490711 67.113464 269.75649 156.050398
16 4 "BR" "Asynchronous" 0.6 0.500619 251.171982 133.817155 301.014182
16 4 "BR" "Asynchronous" 0.7 0.453512 328.706573 100.252963 305.420849
16 4 "BR" "Asynchronous" 0.8 0.406964 396.323639 85.430627 454.557929
16 4 "BR" "Asynchronous" 0.9 0.368315 484.105438 55.990098 574.452631
16 4 "BR" "Asynchronous" 1 0.332298 545.141968 53.772597 719.461548
16 6 "BR" "Asynchronous" 0.1 0.487785 1.119696 498.820922 19.484081
16 6 "BR" "Asynchronous" 0.2 0.460979 4.844061 523.303737 56.253503
16 6 "BR" "Asynchronous" 0.3 0.506713 13.533961 476.584253 83.709148
16 6 "BR" "Asynchronous" 0.4 0.492925 33.58577 461.969537 195.577372
16 6 "BR" "Asynchronous" 0.5 0.474015 61.682014 446.820517 200.586964
16 6 "BR" "Asynchronous" 0.6 0.532269 179.855214 415.380127 470.830639
16 6 "BR" "Asynchronous" 0.7 0.468575 543.321716 140.80299 1069.873863
16 6 "BR" "Asynchronous" 0.8 0.422222 653.907227 125.902747 1263.494341
16 6 "BR" "Asynchronous" 0.9 0.3822 784.053589 88.886586 1468.299448
16 6 "BR" "Asynchronous" 1 0.348186 898.097229 73.066224 1679.285594
16 8 "BR" "Asynchronous" 0.1 0.508909 1.348418 652.238802 18.983249
16 8 "BR" "Asynchronous" 0.2 0.503872 5.645099 653.732879 70.357942
16 8 "BR" "Asynchronous" 0.3 0.531937 15.225128 617.541676 113.300356
16 8 "BR" "Asynchronous" 0.4 0.507399 46.924644 596.548855 262.79635
16 8 "BR" "Asynchronous" 0.5 0.528152 119.316422 551.801733 390.451218
16 8 "BR" "Asynchronous" 0.6 0.535232 476.424927 323.176361 600.515833
16 8 "BR" "Asynchronous" 0.7 0.480331 644.258728 275.567272 881.48296
16 8 "BR" "Asynchronous" 0.8 0.435503 918.558167 149.863613 884.867818
16 8 "BR" "Asynchronous" 0.9 0.389167 1085.429932 130.566104 1295.182846
16 8 "BR" "Asynchronous" 1 0.359547 1212.562012 114.470506 1537.658973
16 10 "BR" "Asynchronous" 0.1 0.537593 1.361603 788.311656 21.925482
16 10 "BR" "Asynchronous" 0.2 0.575784 6.146961 718.154923 64.7016
16 10 "BR" "Asynchronous" 0.3 0.505995 16.159618 809.522351 104.128664
16 10 "BR" "Asynchronous" 0.4 0.552845 40.650211 756.011389 314.63874
16 10 "BR" "Asynchronous" 0.5 0.531937 127.536873 704.662768 571.212667
16 10 "BR" "Asynchronous" 0.6 0.536095 394.76413 593.208144 682.280142
16 10 "BR" "Asynchronous" 0.7 0.492379 718.662415 322.470207 918.415437
16 10 "BR" "Asynchronous" 0.8 0.441288 916.20813 268.419502 1446.767732
16 10 "BR" "Asynchronous" 0.9 0.403188 1111.200439 208.053061 1615.034325
16 10 "BR" "Asynchronous" 1 0.369813 1268.63562 139.778284 1918.226261
16 4 "PS" "Asynchronous" 0.1 0.787135 1.870605 270.589738 125.582387
16 4 "PS" "Asynchronous" 0.2 0.781164 9.179881 245.813397 186.819899
16 4 "PS" "Asynchronous" 0.3 0.765629 25.114941 224.150588 283.319397
16 4 "PS" "Asynchronous" 0.4 0.721782 55.607788 204.244054 350.483928
16 4 "PS" "Asynchronous" 0.5 0.609036 149.28801 147.14324 512.272546
16 4 "PS" "Asynchronous" 0.6 0.600147 202.291977 127.218886 584.690104
16 4 "PS" "Asynchronous" 0.7 0.545556 285.707153 91.945013 771.946701
16 4 "PS" "Asynchronous" 0.8 0.487692 365.927063 72.64524 636.779001
16 4 "PS" "Asynchronous" 0.9 0.450406 392.787323 77.53762 1058.35527
16 4 "PS" "Asynchronous" 1 0.388274 483.779236 72.486585 981.808492
16 6 "PS" "Asynchronous" 0.1 0.904261 2.169803 416.99405 157.505141
16 6 "PS" "Asynchronous" 0.2 0.903137 10.854911 419.513506 245.594209
16 6 "PS" "Asynchronous" 0.3 0.888765 33.627537 392.270923 323.700479
16 6 "PS" "Asynchronous" 0.4 0.854246 85.455521 342.517993 419.35944
16 6 "PS" "Asynchronous" 0.5 0.791902 200.680069 264.207476 641.749697
16 6 "PS" "Asynchronous" 0.6 0.708413 362.55365 177.957505 841.086602
16 6 "PS" "Asynchronous" 0.7 0.612917 493.587738 147.050534 926.740294
16 6 "PS" "Asynchronous" 0.8 0.57831 574.596436 132.983807 846.435531
16 6 "PS" "Asynchronous" 0.9 0.508989 701.366394 109.738298 1491.317415
16 6 "PS" "Asynchronous" 1 0.467505 808.651123 93.370477 1718.163415
16 8 "PS" "Asynchronous" 0.1 0.965042 2.384536 630.808059 194.963345
16 8 "PS" "Asynchronous" 0.2 0.97462 12.422179 594.851999 267.928247
16 8 "PS" "Asynchronous" 0.3 0.965674 37.241966 564.654284 387.492337
16 8 "PS" "Asynchronous" 0.4 0.923701 104.177879 497.096637 341.501226
16 8 "PS" "Asynchronous" 0.5 0.845989 340.443665 324.235594 855.57456
16 8 "PS" "Asynchronous" 0.6 0.764771 504.08136 256.389778 1049.175562
16 8 "PS" "Asynchronous" 0.7 0.672547 689.887268 194.248624 1416.449231
16 8 "PS" "Asynchronous" 0.8 0.605648 832.789551 162.886466 940.794155
16 8 "PS" "Asynchronous" 0.9 0.547097 978.88269 129.470496 1923.328176
16 8 "PS" "Asynchronous" 1 0.499688 1105.590332 122.442908 2126.55381
16 10 "PS" "Asynchronous" 0.1 0.977722 2.383884 819.691756 212.784185
16 10 "PS" "Asynchronous" 0.2 0.986516 12.676008 793.754257 337.634981
16 10 "PS" "Asynchronous" 0.3 0.980612 39.742607 757.774533 451.19667
16 10 "PS" "Asynchronous" 0.4 0.965674 118.184151 662.787576 351.184393
16 10 "PS" "Asynchronous" 0.5 0.906607 970.432438 485.592935 307.792664
16 10 "PS" "Asynchronous" 0.6 0.79234 532.737732 363.094043 1214.057768
16 10 "PS" "Asynchronous" 0.7 0.707199 751.67511 224.638088 1653.736882
16 10 "PS" "Asynchronous" 0.8 0.61823 905.326843 206.922631 1421.304936
16 10 "PS" "Asynchronous" 0.9 0.564482 1048.269897 154.713952 2371.043062
16 10 "PS" "Asynchronous" 1 0.515257 1184.647461 136.375081 2592.966463
