-1.81174530524617
-1.05716963343237
-0.408798804145561
0.221530393536829
0.421420294550031
0.587953528487062
0.629926435500432
0.704932348897967
0.818718697937719
0.787941508497841
-1.7254603071272
-0.907069535539475
-0.316339733129076
0.249615314493199
0.640867147680223
0.926120104235163
0.953238947065393
0.994059425857226
1.02790158397141
1.02590077242082
-1.84111996502068
-0.995443616306849
-0.190421012088965
0.427383497602754
0.819444482519794
1.03926893979066
1.07362110869224
1.12687800437693
1.14705285417866
1.16850763489878
-1.77730976919664
-0.954490730868286
-0.215705777664492
0.466718079581285
0.794865885726826
0.358375114907095
-0.117960248678571
1.23006691772841
1.22674203971053
1.2340636368797
-2.07891249464778
-1.78876049216384
-1.19088073083002
-0.875738199763284
-0.418037845717378
-0.354271785442246
-0.432381899113115
-0.240098024362063
-0.198085885749661
-0.327790456096271
-2.01526903311962
-1.60929063844631
-1.08718180669114
-0.495172073362349
-0.214558253392833
-0.00358542565335343
0.0336600736767727
0.0313208895845451
0.0179968577636167
0.0821454261293014
-2.23837423285946
-1.54398964185909
-0.851179218769831
-0.410034599515039
-0.0447099493376769
0.174437762849904
0.169543620870777
0.217602329683843
0.310698914184582
0.306059777599157
-2.02663638893888
-1.57106434914041
-0.797539814994595
-0.281305915194327
0.0989610702639956
0.26868677557218
0.258339441327735
0.48357295531501
0.609535811904032
0.626179817792965
-2.54798020451294
-1.65594681759401
-0.846961821873991
-0.138105674781028
0.464202353293417
0.851030823689687
1.05097466815156
1.15207940280451
1.20337471853764
1.22427535292145
-2.51128394756925
-1.57838594630958
-0.729345487978831
0.087171974755158
0.753020481410306
1.0931633489596
1.19937309543647
1.23653522761866
1.24513185175634
1.24896674056163
-2.49736653781298
-1.55054622284715
-0.677751031303089
0.157322977772598
0.867331553087099
0.466561153185161
-0.038501548791009
-0.444936010803059
-0.785530041741208
-1.05089257758739
-2.49182997839972
-1.55693116558946
-0.652083757637009
0.192572569502018
0.948428172234208
1.2042672374156
1.24585763633842
1.25662671027245
1.26429158393314
1.26471332362273
-1.23936608328255
-0.622964103256194
-0.0416449806633738
0.419890262187819
0.722174636672125
0.879125552545815
0.973202927022331
0.980441157043564
0.990356943698668
1.03696898729746
-1.54130718127534
-0.803287244252648
-0.0983444491630341
0.484426242593936
0.879679698882129
1.06174374208559
1.13083549192919
1.16161268136906
1.15011782285296
1.1902174210126
-1.64738942505536
-0.845088513020257
-0.103581867633682
1.09907260856365
0.992485257946104
1.14169283696104
1.20652305435989
1.24368518654207
1.25892666276564
1.26769492514909
-1.38954954832338
-0.792562305867528
-0.253637829977662
0.0503923506635262
0.355442552879522
0.568028780129155
0.651974594155896
0.564625438913209
0.697654887277703
0.667897719412633
-1.61443978581914
-0.74411618501403
-0.284670024811242
0.596790446168811
0.69322662053707
0.847455844227981
0.819145341577182
0.827874372361596
0.901090344053338
0.90288028575913
-1.53543224932043
-0.828488642680234
-0.22349815402204
0.382600627308783
0.785813194250405
0.946809868774176
1.04442299111337
1.03765063633063
1.03633147381321
1.05187209097939
-1.56680772064553
-0.859991616702186
-0.211365782021679
0.898216629424312
0.917989355335973
1.06404369457878
1.10848819233111
1.12313138666946
1.12138558051258
1.13275293633183
-1.9428622131579
-1.71903122883598
-1.43990820962965
-1.10901909550181
-1.14043379842594
-0.791282374949139
-1.05457053999656
-0.969222196304454
-0.976587929022539
-1.04167315181509
-1.8941610869107
-1.57616936096432
-1.45012313722736
-1.00855677828299
-0.648763783569005
-0.673028527569724
-0.581079467340644
-0.798603972118313
-0.736367944205393
-0.863311590770191
-1.61239483871964
-1.49631344113657
-1.00008275289227
-0.957300694148887
-0.513179377317612
-0.702398283394362
-0.758376871261825
-0.770337605016424
-0.574694524598336
-0.543618194215847
-1.66641675058543
-1.4048743916949
-1.08871183905335
-0.709038231530371
-0.80498891486062
-0.445195920146639
-0.441321799742321
-0.190376876540055
-0.398456373850993
-0.418891132996304
-2.86464786399201
-2.30324858580722
-1.83362672960575
-1.38401298891012
-0.979736264844783
-0.816822145918369
-0.743478671529775
-0.713804870812646
-0.683498460561141
-0.658552067527257
-2.79564438524623
-2.19239970274492
-1.69762058366477
-1.35677154733292
-0.777320829643956
-0.732282953956283
-0.672258607438739
-0.637523930446601
-0.58311951049026
-0.543191550576384
-2.73247170290645
-2.13254699447314
-1.65100854006598
-1.20130652827253
-0.76178511642765
-0.66715359561482
-0.57630792410849
-0.535698315161448
-0.537909996556826
-0.4887037634721
-2.7056127694198
-2.07226764256189
-1.58523676429038
-1.07785939797138
-0.736284577057452
-0.620154139975594
-0.56707378648655
-0.491768732146404
-0.453243301897888
-0.364825085581605
-1.35809070985034
-0.881956408209709
-0.265132688493767
0.051755648729856
0.401627952838854
0.520269212258701
0.502389411000289
0.652146232401657
0.67696512273869
0.73771034988843
-1.47230370252956
-0.923076027944154
-0.174203649839495
0.285541651305906
0.646614576938275
0.885000484500719
0.934466626929024
1.00189593776368
1.01985910617004
1.04633553156613
-1.61388563948282
-0.827380350007606
-0.212513306293339
0.462461451086414
0.873294756139822
1.04565388253297
1.06945275129519
1.136754559433
1.15471772783935
1.15062783364036
-1.60532824694417
-0.839385219311115
-0.130656574915002
0.492429488796275
0.949918972997389
1.14322286932325
1.21457043611114
1.23483355701069
1.23976693058884
1.25790664119084
-0.563111394984412
-0.18424693919145
0.284011618943694
0.358590888701766
0.520180941160881
0.664067734557225
0.767595020450351
0.869420635735504
0.919480156099154
0.757718465394277
-1.01196011949893
-0.2830075858023
0.198192496063219
0.52546249518044
0.714298893166636
0.834681054793487
0.961879706751987
0.97566961381141
0.89189543803043
0.882018882974357
-1.16606184049299
-0.443749254932369
0.0965336150739483
0.554067234823971
0.882872170253283
0.908240302976751
1.01074756729507
1.03424729511468
1.09877837157092
1.09656669017554
-1.18972830260849
-0.589504453232567
0.012759439292968
0.522054250014615
0.988439499296024
1.05535879934328
1.14662621053919
1.16365762846856
1.14628783799755
1.14083954968211
-1.28968060903991
-0.337500276856462
-0.586949495345668
-0.0459849763061865
0.0331941984382789
0.372895710498471
0.358762526947527
0.374935753648087
0.240592046716052
0.0646922685103524
-1.07104781158961
-0.718576414044801
0.178267747705312
0.243485377144594
0.385665595983086
0.318746295935831
0.716338936316252
0.558833874106247
0.415290357201426
0.532955730595374
-1.25358263398144
-0.469970674934763
-0.256447793258263
0.34564936497139
0.51337425872899
0.853070866839303
0.475569709112671
0.737283706248967
0.715662191232966
0.691309176134427
-1.1085090847144
-0.638543952021409
-0.122099182376349
0.174692768243605
0.675984332762913
0.460754876528562
0.837917661713551
0.827192723328431
0.769296691058323
0.980779529585207
-2.37059452949394
-1.5519046169636
-0.808652165420147
-0.10047276341047
0.390770607807004
0.692672474200757
0.874868924050944
0.940253287786108
0.982314465897298
1.01653913210203
-2.34011648099667
-1.45757223709339
-0.659488721954124
0.0854703041471852
0.652146232401657
0.877590616233724
0.985717807113244
1.02743570873291
1.04820884041987
1.05229383066898
-2.35356801551445
-1.42964914648302
-0.598189348468071
0.240077131978769
0.746650250517636
0.981799551160015
1.03220234801519
1.04922886199467
1.06812868482789
1.07272858981429
-2.33092157497377
-1.46881209021579
-0.59256942190687
0.16583623476234
0.815609593714506
1.00938426922874
1.06796195053201
1.08465009196985
1.0880534331858
1.08975510379377
-0.367978325353728
-0.0946861025533863
0.230372215168458
0.313636380162034
0.540615700306192
0.601743435546484
0.574501993969282
0.680074226961903
0.681942631865757
0.70663401950594
-0.65489372091761
-0.289137523150905
0.217602329683843
0.548618946508531
0.853070866839303
0.851030823689687
1.0202857498095
1.03015740091569
0.963919749901603
1.01653913210203
-1.09437590116346
-0.405606332774407
-0.00563037275284817
0.675302683729748
0.967156356821667
1.0931633489596
1.19311565539102
1.18000249341488
1.18613243076349
1.17319090703311
-1.23842942885569
-0.410716248548204
0.128208227341662
0.677347630829243
1.0931633489596
1.21167220173272
1.18834411215886
1.2794447890589
1.31639114744641
1.19702900739437
-0.25746781483307
-0.407651279873901
0.281966671844199
0.306148048696977
0.571265387049219
0.647717965661024
0.926120104235163
0.722302139368975
0.873505625984614
0.647036316627859
-0.510840193225384
-0.405267960232764
0.31466130568672
0.416486920971873
0.635119718422171
0.842855939241587
0.820037860455139
0.535677422778156
0.829066032182165
0.955239758615978
-0.796049014231415
-0.264279401214841
0.155282934622982
0.568372056620677
0.744948579909663
0.952174789941675
0.978567848189831
0.927993413088897
0.905690249039731
0.900751971511695
-0.855646717109495
-0.469970674934763
-0.0521149136547917
0.53091078349588
0.870950668097715
1.00325433188013
0.91897014531175
1.02198742041747
1.05280384145638
1.07443026042226
-1.20420476265095
-0.500281989136146
-0.346861917175252
0.477104645424762
0.32947613827083
-0.0602897981028922
-0.0786796101487078
0.133828153902863
-0.219153254429348
0.0102044814060693
-0.815973762589321
0.0262109738107478
-0.0541598607542864
0.111348447658057
0.512520971450064
0.281966671844199
0.0369408161457464
0.176056066309935
0.378510733109794
0.6930108467424
-0.843730118903806
-0.228863075189539
0.0423891044611867
0.26323848725674
0.59170014619453
0.721277213844288
0.750906879012507
0.257785294991421
0.303421452564317
0.374597381106444
-1.09386589037606
-0.396411426751499
-0.57520453538574
0.246207069327375
0.477614656212166
0.496514479045386
0.529209112887907
0.169244479928165
0.896490439066945
0.52273589904778
-2.86831111455154
-2.41282244190101
-1.95393042803454
-1.54713797768133
-1.03443492179386
-0.60891919080307
-0.528038345450631
-0.480528879024
-0.442895967653443
-0.430807731201993
-2.80462842142435
-2.36616626275331
-1.79148218434662
-1.41091605794568
-1.08211602646625
-0.486320443830963
-0.456519140416983
-0.412417919156177
-0.369341623420058
-0.366105016499994
-2.78708699270758
-2.29294538711169
-1.72252284114975
-1.37005144360494
-0.861605016212339
-0.490405434080074
-0.415992898617884
-0.353845141802783
-0.355546812410756
-0.315020570611657
-2.74571236757943
-2.1322086219315
-1.80272203746902
-1.2024981880931
-0.860756632883292
-0.488360486980579
-0.370700017536508
-0.348396853487343
-0.312637250970519
-0.257129442291428
-0.553578116419861
-0.203661676761952
0.306996432026024
0.638523059638117
0.35246095135316
0.677347630829243
0.737793717036371
0.662361159999373
1.0773235908508
0.725367108043278
-0.0388350173827734
0.0898936669379386
0.374425742860683
0.634438069389006
0.910966899109411
1.05535879934328
0.945191565314144
1.13504798487515
1.03594896572266
1.06761867404049
-0.763526018634654
-0.0875312396800942
0.424485263224333
0.70527072143961
0.963753015605721
1.07783850558809
1.06080708765872
1.20043725256019
1.1876624631257
1.18340583463083
-0.810692208569763
-0.24112294988675
0.310061400700327
0.780874916722369
1.07528354770119
1.17285253449147
1.27535489485991
1.18000249341488
1.26275664762105
1.27024988303599
