789
146
807
105
11
259
1
7
90
2
354
281
327
15
0
220
894
438
26
17
8
4
17
114
752
24
182
3
1303
29
7
1381
1125
98
217
129
30
325
1
1129
41
1
242
1272
2462
64
10
296
945
9
211
328
84
38
527
337
197
313
101
50
23
25
803
197
127
195
2875
6
382
44
7
1453
56
483
32
705
778
107
128
119
366
1752
141
3
3
0
211
1278
625
1
12
3
134
11
311
43
0
30
90
8
636
25
142
11
2
158
114
15
930
1252
135
252
317
197
335
466
1150
380
282
559
946
796
2
39
186
284
142
336
112
196
1256
11
104
39
300
21
10
215
470
225
520
151
3
363
4
90
98
6
399
174
303
35
2
591
3
46
3
70
1
89
279
325
21
407
354
6
337
19
127
319
480
493
356
557
615
841
173
0
10
647
155
170
262
372
645
109
86
589
58
4
9
1
8
605
1245
836
271
1359
58
248
127
416
135
403
97
63
115
397
0
361
30
2
243
1774
45
413
191
28
720
511
1108
11
675
26
49
168
454
2
37
23
1149
488
723
961
5
4
26
439
35
315
249
940
118
122
2
1918
54
291
362
2
56
69
181
86
208
1080
1
9
203
90
765
448
242
127
324
227
20
13
141
3
849
277
2
9
20
2
0
326
198
1
49
167
2
127
47
82
133
294
633
60
501
0
0
0
31
399
8
4
36
52
19
266
792
76
3
2
1
12
187
1
762
1870
383
103
702
45
8
16
64
0
175
352
574
38
684
117
410
115
14
1163
370
306
239
668
260
3
131
237
89
1632
198
284
7000
241
503
3
81
28
39
1310
719
12
403
267
8
173
66
235
1056
277
49
1
64
216
109
5
0
25
153
379
1190
9
139
1
216
1
632
37
61
421
1698
54
95
88
63
1041
152
59
323
177
12
34
618
15
1405
33
174
74
6
616
143
109
41
298
504
1121
12
0
529
9
400
1566
7
3
1
779
0
888
2
179
5568
360
255
232
11
40
262
61
571
5
408
95
385
0
363
249
462
143
115
1
242
210
437
0
612
226
22
23
273
1098
8
1799
11
106
176
298
184
456
1
69
189
437
7
5
186
1
100
73
49
82
48
1
3
88
15
59
41
25
612
1061
197
39
232
43
174
158
94
379
794
773
6
171
32
39
521
71
57
9
4
2
24
2
73
0
75
1
6
146
390
143
16
3
149
68
341
272
6
2
129
1304
1
300
1
5918
22
100
381
1437
59
2
288
439
0
216
93
95
732
257
105
1032
62
72
11
2001
483
515
12
195
228
372
3
84
22
0
1
1236
434
372
43
754
289
15
265
227
324
702
228
114
192
2
1486
68
32
286
114
157
96
118
207
317
178
472
279
80
104
284
934
826
183
88
299
8
13
1
100
300
166
393
19
29
251
35
0
80
373
7
7
282
760
0
3
6
19
7
612
117
104
25
545
372
76
239
142
6
160
