1.140365
0.2877587
1.151787
0.1219663
-0.9825944
0.5768867
-1.891053
-1.188174
0.0446053
-1.685474
0.7347912
0.6180697
0.6946838
-0.8367337
-2.242493
0.4944863
1.203636
0.842473
-0.5714361
-0.7770153
-1.128455
-1.426475
-0.7770153
0.1632849
1.116044
-0.610457
0.3988234
-1.539613
1.394462
-0.5180162
-1.188174
1.423918
1.320050
0.08732702
0.4875565
0.2254468
-0.5013911
0.6915827
-1.891053
1.321848
-0.3474179
-1.891053
0.5426019
1.382263
1.716899
-0.1259930
-1.026711
0.644346
1.231735
-1.075035
0.4734061
0.6962272
0.01002231
-0.3849921
0.9360675
0.7099108
0.4387669
0.6725672
0.1024631
-0.2489768
-0.6311546
-0.5905713
1.149271
0.4387669
0.2175859
0.4336194
1.795497
-1.255877
0.7732828
-0.3124371
-1.188174
1.449668
-0.1925831
0.891951
-0.469692
1.083367
1.133255
0.1314436
0.2215316
0.1848635
0.7516466
1.544486
0.270213
-1.539613
-1.539613
-2.242493
0.4734061
1.384648
1.022390
-1.891053
-0.9420111
-1.539613
0.2445819
-0.9825944
0.6693275
-0.3238313
-2.242493
-0.5013911
0.0446053
-1.128455
1.031222
-0.5905713
0.2737710
-0.9825944
-1.685474
0.3275454
0.1632849
-0.8367337
1.223631
1.374234
0.2483238
0.563049
0.6789853
0.4387669
0.7069017
0.873822
1.331184
0.7706282
0.6198644
0.9659008
1.232270
1.144837
-1.685474
-0.3721555
0.4097864
0.623435
0.2737710
0.7084085
0.1543896
0.4361997
1.375850
-0.9825944
0.1171604
-0.3721555
0.651129
-0.6752711
-1.026711
0.4828834
0.8781464
0.5058295
0.9293007
0.3047175
-1.539613
0.747485
-1.426475
0.0446053
0.08732702
-1.255877
0.7953025
0.3761595
0.6561574
-0.4255754
-1.685474
0.9940759
-1.539613
-0.2903892
-1.539613
-0.08122687
-1.891053
0.03900280
0.614461
0.6915827
-0.6752711
0.8053428
0.7347912
-1.255877
0.7099108
-0.7235953
0.2175859
0.6821641
0.8887984
0.9023198
0.7376397
0.9640868
1.014225
1.172686
0.3732539
-2.242493
-1.026711
1.039902
0.3178876
0.3644359
0.5827034
0.7598688
1.038335
0.1407470
0.02181402
0.99236
-0.1750979
-1.426475
-1.075035
-1.891053
-1.128455
1.005927
1.371394
1.169666
0.5997637
1.415782
-0.1750979
0.5549688
0.2175859
0.8164055
0.2483238
0.8003475
0.08217956
-0.1338540
0.1676747
0.792761
-2.242493
0.7446915
-0.5013911
-1.685474
0.5446841
1.550809
-0.3012933
0.8127447
0.423165
-0.535205
1.094026
0.9204656
1.312336
-0.9825944
1.061351
-0.5714361
-0.2590171
0.3584709
0.8606234
-1.685474
-0.3981622
-0.6311546
1.330743
0.8971619
1.096131
1.240238
-1.334034
-1.426475
-0.5714361
0.8436267
-0.4255754
0.6757864
0.557001
1.229048
0.1806207
0.1973832
-1.685474
1.590359
-0.2106929
0.6357377
0.7460902
-1.685474
-0.1925831
-0.08841877
0.3960452
0.02181402
0.4661801
1.299371
-1.891053
-1.075035
0.4539030
0.0446053
1.124723
0.853893
0.5426019
0.2175859
0.690025
0.5102966
-0.6988577
-0.9044369
0.270213
-1.539613
1.177480
0.6108264
-1.685474
-1.075035
-0.6988577
-1.685474
-2.242493
0.6931356
0.4413212
-1.891053
-0.2590171
0.3554619
-1.685474
0.2175859
-0.2797147
-0.002050174
0.2408123
0.6409202
1.028828
-0.1581956
0.9104649
-2.242493
-2.242493
-2.242493
-0.4852938
0.7953025
-1.128455
-1.426475
-0.4116836
-0.2294736
-0.7235953
0.5903567
1.142286
-0.04009455
-1.539613
-1.685474
-1.891053
-0.9420111
0.4124905
-1.891053
1.122733
1.577515
0.7746049
0.1123085
1.081207
-0.3012933
-1.128455
-0.8059958
-0.1259930
-2.242493
0.3790485
0.7319267
0.979303
-0.3849921
1.068056
0.1763420
0.8090573
0.1676747
-0.869456
1.336878
0.7571429
0.6611363
0.5363034
1.056073
0.578833
-1.539613
0.2331877
0.5320605
0.03900280
1.508533
0.4413212
0.623435
2.246570
0.5405111
0.9124809
-1.539613
-0.008195953
-0.535205
-0.3721555
1.397177
1.093322
-0.9420111
0.8003475
0.5922521
-1.128455
0.3732539
-0.1106276
0.5277818
1.287987
0.6108264
-0.2590171
-1.891053
-0.1259930
0.4852253
0.1407470
-1.334034
-2.242493
-0.5905713
0.3113453
0.7692957
1.348504
-1.075035
0.2630211
-1.891053
0.4852253
-1.891053
1.028028
-0.3981622
-0.1499512
0.8224487
1.528622
-0.2106929
0.07172516
0.03333771
-0.1338540
1.280741
0.3080422
-0.1665763
0.6884626
0.3847776
-0.9420111
-0.4398586
1.016688
-0.8367337
1.432647
-0.4545559
0.3761595
-0.05343797
-1.255877
1.015047
0.2773043
0.1407470
-0.3474179
0.6477489
0.9134859
1.318245
-0.9420111
-2.242493
0.9379844
-1.075035
0.7965684
1.487616
-1.188174
-1.539613
-1.891053
1.133906
-2.242493
1.200226
-1.685474
0.3904427
2.130544
0.743289
0.5690257
0.5212953
-0.9825944
-0.3596358
0.5827034
-0.1499512
0.9766508
-1.334034
0.806584
0.07172516
0.7772388
-2.242493
0.747485
0.557001
0.8694606
0.2773043
0.1676747
-1.891053
0.5426019
0.4710089
0.8413168
-2.242493
1.011750
0.508068
-0.6527332
-0.6311546
0.6034781
1.307744
-1.128455
1.557901
-0.9825944
0.1267271
0.3819211
0.6477489
0.4043345
0.8628472
-1.891053
-0.08841877
0.4178559
0.8413168
-1.188174
-1.334034
0.4097864
-1.891053
0.09746777
-0.06024372
-0.2590171
-0.002050174
-0.2692603
-1.891053
-1.539613
0.03333771
-0.8367337
-0.1665763
-0.3474179
-0.5905713
1.011750
1.29038
0.4387669
-0.3721555
0.5212953
-0.3238313
0.3761595
0.3275454
0.066416
0.7692957
1.143564
1.129990
-1.255877
0.3673923
-0.469692
-0.3721555
0.9302729
-0.07413556
-0.1837651
-1.075035
-1.426475
-1.685474
-0.610457
-1.685474
-0.06024372
-2.242493
-0.04672237
-1.891053
-1.255877
0.2877587
0.7837642
0.2773043
-0.8059958
-1.539613
0.2980019
-0.09571416
0.7158758
0.6016243
-1.255877
-1.685474
0.2254468
1.394851
-1.891053
0.651129
-1.891053
2.161448
-0.6527332
0.09746777
0.7719573
1.444058
-0.1665763
-1.685474
0.6305016
0.8436267
-2.242493
0.4852253
0.06105065
0.07172516
1.102395
0.5729715
0.1219663
1.276342
-0.1418387
-0.06714206
-0.9825944
1.611827
0.891951
0.9244113
-0.9420111
0.4336194
0.5125155
0.7598688
-1.539613
0.01002231
-0.6527332
-2.242493
-1.891053
1.367718
0.8378321
0.7598688
-0.3238313
1.117389
0.632253
-0.8367337
0.5884542
0.5102966
0.690025
1.081207
0.5125155
0.1632849
0.4257989
-1.685474
1.461047
-0.09571416
-0.469692
0.6269806
0.1632849
0.3243465
0.0769793
0.1806207
0.4637483
0.6789853
0.387618
0.8802948
0.614461
-0.01441714
0.1171604
0.623435
1.225804
1.163572
0.4015864
0.03333771
0.6494418
-1.128455
-0.9044369
-1.891053
0.09746777
0.651129
0.3524349
0.7876396
-0.7235953
-0.5180162
0.561041
-0.4255754
-2.242493
-0.01441714
0.7612263
-1.188174
-1.188174
0.6198644
1.121402
-2.242493
-1.539613
-1.255877
-0.7235953
-1.188174
1.011750
0.1763420
0.1171604
-0.5905713
0.9530642
0.7598688
-0.04009455
0.5363034
0.2737710
-1.255877
0.3338833
