0.7482653
-1.920244
-0.4353625
0.7634549
1.279488
-0.5259399
1.018979
0.2584325
-0.6770448
-0.02091643
-1.219734
-0.4797454
0.05211534
0.7634549
0.8575085
-1.177027
-0.8204785
0.1378947
0.3705648
0.583976
-1.635855
-1.920244
0.5661543
0.6853818
-1.574672
-0.732256
1.330136
-0.1770615
0.5571377
0.3598383
0.725091
1.144210
1.830453
-1.135873
0.9050904
-1.842171
0.8005603
1.196852
-1.68074
1.754142
-1.160385
-0.760906
0.9050904
0.1207191
0.6442274
-0.09898952
0.9378924
0.2465823
-0.9029286
-1.953047
-0.09898952
-0.1262579
1.385892
-1.516627
0.6015205
0.744436
0.7634549
0.6853818
-1.310311
-0.5741
0.1853996
0.05211534
-0.7181991
-0.5259399
0.744436
-0.9499458
0.3598383
1.859135
1.271491
-0.05150269
-1.135873
-0.2828975
-1.096163
-0.3718906
-1.842171
0.3325688
1.088998
-0.1262579
-0.491118
0.7634549
1.010925
0.5342758
1.669313
2.107629
0.7482653
-0.2734282
-0.2734282
0.6853818
0.1207191
-0.1828508
-0.7902996
0.1853996
0.6853818
-0.9847677
0.00886412
0.5109431
0.5571377
0.6853818
-1.461416
0.3046271
-1.461416
0.1853996
0.6987732
0.2817652
-0.2734282
0.5109431
-1.920244
-1.842171
0.00886412
-1.842171
-0.732256
0.8078366
0.9378924
0.5109431
0.7634549
0.969771
-0.883362
0.6136423
-0.883362
-0.4797454
0.1339544
-0.3248722
-1.635855
-0.4138076
1.838902
0.969771
-1.635855
1.042804
-0.4797454
-0.8514834
1.247154
0.8713085
-1.516627
-0.5989717
1.098388
-0.9847677
0.3046271
0.9378924
-1.961398
0.7981228
-1.617150
-1.020694
1.792136
1.385892
1.620858
1.295314
-0.6504169
0.6230754
0.275977
-0.3718906
0.6358139
0.5109431
0.4871194
-1.408774
-0.4797454
-0.883362
0.4124807
1.815326
0.9946426
-1.408774
0.9050904
0.3811895
-0.9499458
0.1853996
-1.516627
0.9050904
1.088998
-0.1317926
-0.3616507
-1.177027
-1.545277
-1.408774
1.385892
-1.635855
0.2465823
1.030954
-1.135873
0.969771
0.1073265
-1.667733
0.8005603
1.943215
0.2465823
-0.3718906
0.3427747
-1.020694
1.509462
0.0937744
0.785863
0.462783
1.088998
-0.2003964
-0.3616507
-0.4797454
0.7482653
0.1207191
-1.358471
1.428599
-0.5026061
-1.264117
-1.516627
0.3811895
-0.05928024
0.7634549
-1.057799
0.05211534
-0.6504169
-0.09898952
-1.516627
1.350526
1.31402
1.000776
-1.920244
-1.769139
0.7482653
-0.2734282
1.135193
-0.5497637
0.4328701
0.8364867
1.137001
-0.2547238
1.547826
-1.920244
0.3598383
0.7634549
0.1853996
-0.7843598
0.05211534
-1.096163
-0.2734282
-0.05150269
-0.732256
0.802991
-0.4797454
0.818666
1.394563
-0.6770448
0.8364867
-0.6504169
0.09831101
0.7380231
0.9378924
-0.5989717
0.3046271
0.969771
0.7634549
2.085564
-0.732256
-1.408774
-1.842171
-0.883362
-0.7902996
-1.310311
0.4124807
1.030954
-1.635855
-1.020694
-1.057799
0.5014738
0.3046271
0.4124807
0.4725805
