5 11.1 6 46.9 0.5
17 4.8 16.5 50.2 0.375
7 0.9 -1.9 49.3 0
11 1.2 7.7 36.8 0.125
5 1.4 3.1 49.7 0.5
11 1 5.4 35.3 0.125
8 0.6 2.4 38.1 0.25
15 2.1 7.2 48.4 0.875
5 6.5 12.3 48.6 0.5
8 8.2 3.3 38.8 0.25
9 6.1 2.5 11.11 0.5
6 0.1 -2.9 27 0.75
13 0.2 6.6 46.4 0.375
2 2.1 2.7 46.1 1
2 1.7 7.3 50.8 1
11 1.9 11.8 35.6 0.125
4 7.5 12.5 63.4 0
18 6.6 2.7 51 0
12 13.7 2.8 35.3 0.75
14 2 13.6 52 0.875
2 1.8 3.1 47.9 1
14 1.9 4.8 52 0.875
5 9 0 46.9 0.5
3 3.4 1.3 40.6 0.75
9 9.1 9.2 10.88 0.5
12 2.4 11.9 35 0.75
3 5.2 1.3 42.5 0.75
5 12.5 3.8 44.6 0.5
4 6.9 10.8 59 0
13 0.1 3.4 43.8 0.375
5 9.7 5.5 46.9 0.5
10 5.3 19.1 42.7 0.25
4 4.4 4.5 67 0
15 1.6 9.8 50 0.875
15 1.8 15.8 52.2 0.875
3 3.4 0.3 40.6 0.75
6 1.2 1.8 25.5 0.75
3 7.1 4.5 30.2 0.75
16 0 6.7 25.5 0.5
9 4.7 3.1 15.27 0.5
14 0.9 1.9 56.7 0.875
16 0.6 1.5 29.1 0.5
4 2.4 10.4 78.7 0
17 4.6 13.5 42.4 0.375
13 0 11.1 37.5 0.375
2 1.9 4.9 46.1 1
15 2.6 0.8 50 0.875
1 1.3 19.8 43 0.375
10 9.3 14.6 47.8 0.25
5 1.8 7.4 49.7 0.5
6 2.9 5.6 31 0.75
1 5.6 12.3 30.7 0.375
5 6 9.6 48 0.5
5 11.4 6.9 48 0.5
1 2.3 9.5 53.6 0.375
10 9.5 1.9 37.5 0.25
7 2.8 13.7 36.9 0
1 9.8 10.1 60 0.375
18 9.5 6.2 46 0
8 3.9 1.7 31 0.25
6 1.3 4.5 20 0.75
11 2 7.7 32.9 0.125
10 3.4 2 41.4 0.25
8 3.7 2.7 43.2 0.25
15 2.8 7.4 53.3 0.875
1 2.3 2.5 38.5 0.375
10 5.6 2.6 42.5 0.25
5 1.2 8.2 50.9 0.5
9 14 10.5 9.64 0.5
12 1.3 1.9 36 0.75
15 1.8 4.1 50.2 0.875
3 2.4 3.2 42.5 0.75
3 2.3 3.8 30.2 0.75
10 4 2.1 41.4 0.25
13 0.4 4.4 51.2 0.375
10 7.8 19.5 48.6 0.25
1 6.1 9.1 30.7 0.375
5 6.3 9 41.7 0.5
13 0.1 2.8 43.8 0.375
7 1.6 0.4 49.3 0
18 5.5 3.3 54 0
9 7.1 13.2 11.48 0.5
13 0.1 2.7 42.5 0.375
2 2 2.8 47.9 1
8 4 5.9 46.4 0.25
16 0.4 2 29.1 0.5
1 1.5 4 41 0.375
17 11.2 5 32.2 0.375
18 4.8 6.2 56 0
14 1.1 5.7 50.7 0.875
12 0.5 5.8 34 0.75
12 5.5 9.1 34.7 0.75
17 1.1 3.6 41 0.375
12 0.6 3.3 34 0.75
18 4.2 3.4 51 0
13 0.1 3.5 43.8 0.375
2 1.6 5.5 50.8 1
2 2.5 2 47.3 1
3 1.7 2.2 42 0.75
15 3.1 8 53.3 0.875
18 3.7 2.8 64 0
8 4 4.3 46.4 0.25
7 1.1 5.2 16.6 0
15 1.6 3.4 51.3 0.875
15 1.5 4.8 51.3 0.875
1 2.1 0.5 41 0.375
7 1.1 4.3 56.6 0
12 0.5 5.8 34 0.75
4 7.4 10.2 63.4 0
1 2.6 15.1 52 0.375
17 1.3 1 41 0.375
17 1.6 4.1 41 0.375
18 5.4 1.1 64 0
11 1.2 6.6 36.8 0.125
4 2.9 -0.9 73.5 0
18 3.2 8 51 0
15 2 13.7 49.9 0.875
17 1.1 2.4 44 0.375
7 1.6 2.8 41 0
18 2.8 0.8 49 0
14 1 3.6 53.3 0.875
9 4.6 5 15.27 0.5
8 0.5 3.2 38.1 0.25
13 0.1 4.5 43.8 0.375
6 3.8 9.2 31 0.75
4 3.3 1.4 73.5 0
12 1.1 2.3 35.3 0.75
9 6.8 2.6 12.92 0.5
8 6.4 7.7 36.3 0.25
3 4.4 12.8 29.7 0.75
10 4.2 6.3 40.2 0.25
5 1.1 5.9 44 0.5
6 2.8 2.2 31 0.75
14 0.8 10.6 49.3 0.875
13 0.2 8.1 63.2 0.375
2 3.3 2.8 46.7 1
12 2.5 0 36 0.75
11 1.8 -1 34.1 0.125
4 5.9 1.1 21.5 0
13 0.2 14.6 36.8 0.375
17 5.6 18 42.4 0.375
7 1.3 5.7 16.6 0
16 0 6.6 28 0.5
10 6.4 3.2 41.4 0.25
14 0.7 4.4 46.7 0.875
11 1.2 5.4 36 0.125
8 5.2 0.2 31 0.25
15 2.5 4.4 50.2 0.875
4 6.1 2.8 67 0
13 0.1 6.1 43.8 0.375
17 2 5.5 57.8 0.375
6 0.4 6.6 27 0.75
8 0.9 1.5 34 0.25
10 9.7 10.8 47.8 0.25
15 2.5 6.7 51.4 0.875
14 1.1 2.2 52.7 0.875
2 1.1 9.5 50.8 1
9 7.7 4.3 12.92 0.5
16 0 2.4 28 0.5
8 3.1 2.6 31 0.25
11 1.5 1 35.8 0.125
4 4.5 3.2 49 0
15 1.9 4.4 48.5 0.875
10 7.4 1.1 40.2 0.25
13 3.6 15.4 46.7 0.375
5 9.2 0.7 43.4 0.5
6 5.1 12 26 0.75
8 1.7 1.6 40.7 0.25
17 1.2 4.8 50.3 0.375
5 10.3 11.7 48.6 0.5
9 7.3 18.2 11.48 0.5
10 8.7 2.4 40.2 0.25
3 5.2 0.9 39.6 0.75
10 5.3 4.2 40.2 0.25
18 3.4 5.4 58 0
4 7.4 9.1 49.6 0
1 2.5 2.5 49.2 0.375
16 0.2 6.5 27 0.5
15 2.2 9.9 48.4 0.875
17 2.1 15.9 47.4 0.375
6 2.2 17.8 27.5 0.75
3 5.5 -0.3 39.6 0.75
9 5 3.2 15.27 0.5
4 4.5 0.6 73.5 0
1 1.9 6.1 47.2 0.375
7 2.4 5.9 19.1 0
17 1.4 6.1 47.2 0.375
9 5.7 2.7 11.11 0.5
13 0 7.8 37.5 0.375
12 1.8 1.1 35.3 0.75
14 2.3 11.7 52 0.875
16 0 1.4 27.6 0.5
14 1.5 7.4 49.3 0.875
4 10.9 10.8 63.4 0
10 8.4 16.5 48.6 0.25
6 4.6 11.6 26 0.75
7 2.6 5.5 19.1 0
4 7.1 7.5 59 0
13 0.6 0.8 42.5 0.375
17 10.4 8.6 42.4 0.375
7 8.1 11.8 68.4 0
1 2.6 5.9 53.6 0.375
9 9.2 4.1 8.16 0.5
3 4 -0.5 42.5 0.75
13 0 2.6 43.8 0.375
15 2.5 3.1 50 0.875
11 1.2 3.8 36.8 0.125
1 2.2 17.2 43 0.375
2 1.7 3.7 51.9 1
6 6.1 8.4 28.5 0.75
2 1.8 2.2 47.9 1
16 0 3.1 28.5 0.5
1 1.6 2.4 41 0.375
10 6.6 16.7 48.6 0.25
15 1.5 7 54.9 0.875
17 5.1 8.2 50.2 0.375
13 0.2 10.5 46.4 0.375
4 7.1 0.9 21.5 0
9 5.3 17 13.19 0.5
10 7.5 2.3 40.2 0.25
10 7.5 21.3 48.6 0.25
6 1.4 4.8 20 0.75
10 5.3 1.3 40.2 0.25
2 4.9 4 46.7 1
13 0.4 2 51.2 0.375
1 1.9 3.2 33.1 0.375
4 4.3 0.2 73.5 0
15 1.5 4.5 50 0.875
14 2.5 5.7 46.7 0.875
15 1.8 11.5 48.4 0.875
10 7 18.5 48.6 0.25
17 2.2 6.4 45.7 0.375
18 3.5 4.2 64 0
6 1.5 4.9 20 0.75
14 0.8 3.3 46.7 0.875
12 1.4 3.7 30.7 0.75
14 1.6 2.8 53.3 0.875
11 1.1 16.5 17.8 0.125
3 2.7 1 42 0.75
4 10.4 4 24.8 0
11 1.7 6.5 29.8 0.125
18 4.8 5.9 58 0
11 1.1 7.7 27.8 0.125
17 2 2.4 57.8 0.375
16 0.4 1.3 29.5 0.5
10 5.8 17 42.7 0.25
6 0.3 2 26.5 0.75
3 5.8 9.2 29.7 0.75
13 2.2 17.2 43.5 0.375
5 9.2 0.9 45.6 0.5
5 0.7 6.5 44 0.5
7 1.2 2.7 32.4 0
9 8 0 8.16 0.5
7 6.3 13.3 41.7 0
1 2.5 3.8 36.9 0.375
17 3.1 7.1 45.7 0.375
16 0.4 1.8 29.1 0.5
14 1.7 7.2 49.3 0.875
8 0.7 5.2 45.2 0.25
14 1.8 9.2 52 0.875
9 8.2 7.6 11.48 0.5
17 5.2 15.9 50.2 0.375
15 2.5 7.4 51.4 0.875
14 1 8.8 56.7 0.875
7 0.8 -0.8 56.6 0
14 1.5 9.4 52 0.875
2 5.8 -1.6 46.7 1
12 6 6.5 37.3 0.75
12 2.2 8 34.7 0.75
12 0.8 5.8 34 0.75
4 3.3 3.7 57.3 0
9 5.7 11.4 13.19 0.5
12 1.6 3.5 30.7 0.75
5 1.4 7.1 50.9 0.5
12 1.8 4 36 0.75
16 0.3 1.1 29.5 0.5
16 0 3.4 28.5 0.5
1 1.4 2 38.5 0.375
7 1.1 2.4 16.6 0
16 0 4 28.5 0.5
13 1.2 3.7 51.2 0.375
14 2.6 11.4 46.7 0.875
8 8.3 2.2 38.8 0.25
11 1.3 11.6 35.6 0.125
6 0.1 1 26.5 0.75
7 7.4 13.4 68.4 0
1 2.7 1.3 36.9 0.375
13 3.5 16.2 46.7 0.375
1 6 10.1 40.8 0.375
11 1.3 4 36 0.125
13 0.4 17 36.8 0.375
16 0 1.9 27.6 0.5
2 3.8 3.3 49.2 1
2 3.9 5.7 49.2 1
5 1.1 3.5 44 0.5
18 3.7 3 68 0
15 1.7 2.9 51.3 0.875
8 0.6 3.4 45.2 0.25
11 2.2 4.2 33.1 0.125
5 4.9 9.6 41.7 0.5
14 1 3.1 46.7 0.875
11 1.4 23.2 35.6 0.125
10 5.4 0 41.4 0.25
17 2 2.1 41 0.375
5 9.7 10.5 44.6 0.5
12 1.2 6.1 38 0.75
16 0.5 0.9 27.6 0.5
11 2.6 1.9 34.1 0.125
9 8.6 4.5 8.16 0.5
8 6.7 5.3 43.9 0.25
4 4.4 4.1 67 0
10 7.6 14.8 48.6 0.25
3 4.1 1.2 40.6 0.75
17 1.1 3.9 57.8 0.375
10 7.1 12 48.6 0.25
5 11 10.1 48 0.5
2 4.1 3.2 49.2 1
14 1.5 9 52 0.875
3 2.5 2.9 33 0.75
16 0 2.5 28 0.5
4 5.1 1.8 55.1 0
1 1.8 6.3 38.5 0.375
9 5.3 4.7 15.27 0.5
13 0 4.8 37.5 0.375
6 3.8 14.4 27 0.75
3 2.3 5.5 31.1 0.75
3 1.8 4.3 30.2 0.75
5 7.3 11.1 48 0.5
11 2.2 5 32.9 0.125
10 5.7 2.4 40.2 0.25
1 7 11.2 40.8 0.375
11 1.4 -0.4 35.8 0.125
17 1.7 0.7 41 0.375
18 5.8 4.3 54 0
8 8.2 2.4 38.8 0.25
15 2.7 6 51.4 0.875
6 5.9 7.5 26 0.75
15 2.8 1.6 50 0.875
18 7.4 4.3 46 0
6 2.5 7.1 27.5 0.75
13 0.1 11.1 63.2 0.375
9 6.2 8.7 12.5 0.5
7 2.6 4.6 19.1 0
1 8.9 4 55.4 0.375
9 9.9 20.4 9.04 0.5
14 3.3 8.4 46.7 0.875
17 0.9 9.7 47.2 0.375
2 3.6 0 46.7 1
2 4.7 13.6 43.6 1
6 5.8 12.7 27 0.75
10 5.6 1.2 42.5 0.25
5 5.9 1.7 43.4 0.5
18 8.3 9.1 62 0
18 5.5 1.2 68 0
14 0.9 4.3 50.7 0.875
17 0.8 3.1 44 0.375
12 1 3.7 30.7 0.75
7 4.4 9.6 36.9 0
5 7.3 4.7 46.9 0.5
2 1.9 4.4 46.1 1
2 2 3.5 47.3 1
16 0 4.3 27.6 0.5
5 8.3 10 48 0.5
11 1.1 3.6 35.3 0.125
15 1.6 6.4 51.9 0.875
16 0.8 4.8 28.4 0.5
12 5.2 10.2 34.7 0.75
8 1 7 46.4 0.25
4 6.9 1.3 21.5 0
18 4.4 1.7 68 0
18 2.9 2.2 51 0
11 1.3 5.1 36.8 0.125
7 4.9 9.4 36.9 0
16 0.3 3.7 29.5 0.5
3 6.6 7.1 30.2 0.75
16 0.4 -0.7 29.1 0.5
13 4.1 15.4 59 0.375
14 0.8 16.1 56.7 0.875
2 1 7.5 50.8 1
1 6.4 7.9 30.7 0.375
10 6.2 10.8 42.7 0.25
15 2.5 12.1 49.9 0.875
17 0.9 4.2 44 0.375
11 2 9.4 33.1 0.125
14 1.7 10.9 52 0.875
4 6.2 4.8 53 0
13 0.4 6.9 63.2 0.375
13 0.3 1.8 42.5 0.375
6 2.3 1.5 25.5 0.75
11 1.2 6.3 27.8 0.125
14 1.1 3.5 46.7 0.875
15 1.9 2.7 54.9 0.875
4 6.9 2.6 21.5 0
2 1.9 3.9 46.1 1
9 5.8 8.2 12.5 0.5
12 2.2 7.8 31.3 0.75
6 0.3 11.3 27 0.75
7 8.3 9.6 68.4 0
12 1 7.4 30.7 0.75
18 4 1.5 51 0
7 2.3 6.1 19.1 0
1 2.6 1.8 36.9 0.375
5 4.2 1.3 43.4 0.5
17 11.5 6.1 32.2 0.375
9 11.4 17.1 9.04 0.5
4 5.3 10.9 59 0
8 0.7 1.9 40.7 0.25
16 0.4 5.7 27 0.5
18 4.2 -0.3 51 0
15 3.5 8.9 53.3 0.875
14 1 2.5 52.7 0.875
10 5.3 5 42.5 0.25
16 0.9 2.5 27.6 0.5
8 0.6 2.3 34 0.25
16 0 9.8 25.5 0.5
1 5.7 9.7 40.8 0.375
16 1.1 2.9 24 0.5
10 3.8 6.7 40.2 0.25
2 1.7 8.5 50.8 1
7 5.9 10.8 41.7 0
6 0.1 11 27 0.75
1 2.5 4.3 43 0.375
18 6.9 6.5 61 0
7 2.6 7.3 36.9 0
5 0.9 6.6 49.7 0.5
11 2 8.2 33.1 0.125
11 1.7 0 34.1 0.125
14 3 6.3 46.7 0.875
9 8.8 13.6 11.48 0.5
12 8.6 6.8 33.3 0.75
4 3.6 2.5 57.3 0
9 8.1 0 12.92 0.5
18 5 1.3 68 0
16 0 8.8 25.5 0.5
13 5.7 6.2 59 0.375
1 1.8 2.7 33.1 0.375
4 11.8 5.8 63.4 0
6 2.2 6.5 26 0.75
9 6.7 0.4 8.16 0.5
16 0.4 6.7 25.5 0.5
3 4.5 9.6 39.6 0.75
14 1.2 2.6 50.7 0.875
10 8.8 14.3 37.5 0.25
2 3.1 5.4 51.9 1
18 5.5 11 56 0
1 8.2 6.7 55.4 0.375
8 0.6 2.9 38.1 0.25
2 3.3 1.1 47.3 1
18 6 7.7 61 0
10 5.3 4.9 42.5 0.25
16 0.7 1.7 29.5 0.5
10 4.4 5 41.4 0.25
12 3.5 0 36 0.75
14 0.9 1.1 53.3 0.875
7 0.9 3.2 32.4 0
18 7.6 5.7 62 0
3 2.4 12.7 29.7 0.75
18 5.3 0.4 49 0
12 5.3 4.1 37.3 0.75
3 7.7 6.7 29.3 0.75
3 1.8 4.2 33 0.75
13 0.3 14.4 36.8 0.375
12 0.8 1.3 35.3 0.75
5 9.9 2.7 43.4 0.5
18 7.5 10.3 46 0
8 1.2 1.6 40.7 0.25
17 1.4 3.2 50.3 0.375
6 7.2 7.8 27 0.75
12 11.4 5.9 33.3 0.75
7 1.2 4.2 16.6 0
8 2.1 7 46.4 0.25
2 2.1 6.8 51.9 1
8 4.6 6.3 43.9 0.25
8 0.7 3 38.1 0.25
5 2 6.1 49.7 0.5
14 1.5 4.9 52.7 0.875
7 10.2 5.8 68.4 0
12 1.3 7.5 31.3 0.75
17 2.8 9.4 45.7 0.375
11 1.2 5 23.6 0.125
3 7.3 4.5 29.3 0.75
14 1.8 8.2 52 0.875
18 7 13.5 58 0
8 2.7 2.1 34 0.25
7 1.2 2.6 32.4 0
17 1.7 2.9 44 0.375
5 3.5 15.3 36 0.5
9 5.5 9 12.5 0.5
9 4.7 6.7 11.11 0.5
9 7.3 7.9 10.88 0.5
12 14.1 3.3 35.3 0.75
13 0.3 4.9 46.4 0.375
15 2.4 7.7 52.2 0.875
6 1.5 10.4 20 0.75
9 17 5.4 9.64 0.5
6 1.5 3.2 25.5 0.75
12 5.3 6.5 37.3 0.75
15 2 0.8 50.2 0.875
2 1.8 3.6 50.8 1
12 2.7 9.6 34.7 0.75
11 2.1 3.7 35.3 0.125
2 1.2 4.7 49.1 1
18 7.1 3.6 47 0
16 0 4.8 28.5 0.5
7 9.7 7.4 68.4 0
16 0 3.6 28 0.5
2 1.1 6.4 50.8 1
7 0.7 12 49.3 0
9 7.3 20.9 13.19 0.5
5 1.2 5.5 49.1 0.5
15 2 9.9 50 0.875
8 1.9 1 34 0.25
11 1.4 4.9 35.6 0.125
12 5.4 4.2 37.3 0.75
18 5.4 1.5 65.3 0
6 2.3 11 27.5 0.75
2 1.6 6.3 51.9 1
16 0.9 3 27 0.5
3 2.9 2.7 30.2 0.75
9 5 7.4 12.5 0.5
15 1.2 5 51.9 0.875
1 1.7 0.7 47 0.375
15 1.7 2.2 51.3 0.875
4 2.9 2.5 78.7 0
2 3.6 2 46.7 1
6 1.9 2.7 26 0.75
4 8 8 59 0
10 6.3 5.7 42.7 0.25
8 2.7 2.1 31 0.25
16 0.2 4 27 0.5
6 0.1 16.3 26.5 0.75
1 1.8 2.9 47.2 0.375
15 3.1 8.6 49.9 0.875
11 1.3 6.8 35.3 0.125
13 0.1 3.4 43.8 0.375
8 5.5 -1.9 36.3 0.25
4 5.5 7.6 53 0
10 9.9 9.2 47.8 0.25
6 5.8 9.6 26 0.75
9 9 18 13.19 0.5
5 8.5 6.3 46.9 0.5
2 3.5 3.9 46.7 1
2 1.5 4.4 49.1 1
5 0.9 9.3 49.7 0.5
3 1.9 3.9 30.2 0.75
1 1.6 3.9 47.2 0.375
12 2.3 2.2 35.3 0.75
17 9 11.9 42.4 0.375
7 2.7 6.2 19.1 0
13 1.7 12 43.5 0.375
8 0.9 5.5 45.2 0.25
6 4.8 5.9 28.5 0.75
8 3.3 4.1 43.2 0.25
16 0.9 3.4 24 0.5
8 3.9 3.7 43.2 0.25
18 5.3 0.9 65.3 0
7 1.2 5.1 32.4 0
10 9.3 3.4 40.2 0.25
2 3.5 27.5 43.6 1
6 4.9 7.1 28.5 0.75
4 4.3 1.8 55.1 0
16 0.8 0.7 27.6 0.5
17 3.2 24.2 50.2 0.375
7 4.1 11.8 36.9 0
13 5.6 7.4 46.7 0.375
1 4.8 15.1 28.3 0.375
18 5.8 11.3 58 0
17 1 1.9 47.2 0.375
18 9.5 3.2 46 0
14 0.9 0.4 52.7 0.875
5 3.3 3.5 49.7 0.5
12 0.9 1.9 38 0.75
16 0 3.4 27.6 0.5
11 1.3 6.6 29.8 0.125
11 1.1 5.2 27.8 0.125
3 1.5 4.2 42 0.75
6 0.1 0 27 0.75
7 5.2 9.1 41.7 0
17 2.1 4.7 57.8 0.375
17 2.2 9.2 45.7 0.375
17 11.2 4.6 32.2 0.375
9 15.6 8.6 9.64 0.5
4 5.4 1.2 44.9 0
13 0.1 1.9 43.8 0.375
17 1.3 1.9 47.2 0.375
18 6.5 1.1 64 0
4 5.6 3.4 67 0
4 8.3 8.9 59 0
1 1.7 3 33.1 0.375
7 0.9 15.3 56.6 0
7 0.6 17.7 49.3 0
11 2.7 2.3 34.1 0.125
11 2.4 2.7 32.9 0.125
8 0.6 3.6 40.7 0.25
3 2.1 1.4 42 0.75
11 1.4 3.3 34.1 0.125
13 0.8 4.3 43.8 0.375
4 11.2 4.3 24.8 0
5 1.2 8 44 0.5
8 6.1 2.1 36.3 0.25
7 1.5 1 49.3 0
16 0.9 -0.6 27.6 0.5
15 2.1 4.3 51.9 0.875
6 1.5 3.9 31 0.75
13 1.9 13.7 43.5 0.375
15 1.6 10.3 50 0.875
2 1.8 4 47.9 1
3 2.3 7 31.1 0.75
1 4.7 13.5 28.3 0.375
15 2.2 1.9 51.9 0.875
12 0.5 2.3 35.3 0.75
8 3.3 5.4 43.2 0.25
12 12.8 2.2 35.3 0.75
14 0.8 6.3 49.3 0.875
4 3.8 3.6 57.3 0
9 9.6 5 10.88 0.5
14 0.8 4.6 53.3 0.875
3 1.7 4.1 33 0.75
10 10 1.4 40.2 0.25
3 2.9 2.8 42.5 0.75
14 1 5.3 50.7 0.875
6 1.7 16.7 27.5 0.75
1 2.6 -0.3 49.2 0.375
11 2.6 2 34.1 0.125
9 5.7 4.2 11.11 0.5
