0.574380211151523
1.01583812554928
0.711169987443785
0.412719566442486
0.164010882274737
1.32050626365477
1.62517440176026
2.3837358884719
3.29774030278838
6.45634059171879
-0.420454525519474
-0.408019091311086
-0.0846978018930122
0.201317184899899
-0.594550604436898
-0.439107676832055
-0.538591150499154
-0.482631696561411
-0.46397854524883
0.0893982770244122
-0.470196262353023
-0.451543111040442
-0.277447032123018
-0.184181275560112
-0.51372028208238
-0.227705295289468
-0.451543111040442
-0.488849413665605
-0.177963558455918
-0.488849413665605
1.04692671107025
1.63139211886446
-0.457760828144636
-0.26501159791463
0.0023502375657
0.63655738219346
-0.532373433394961
-0.476413979457217
-0.215269861081081
-0.495067130769798
-0.432889959727861
-0.408019091311086
-0.333406486060761
-0.283664749227212
-0.209052143976887
-0.209052143976887
-0.544808867603348
-0.532373433394961
-0.408019091311086
-0.271229315018824
-0.507502564978186
-0.507502564978186
0.201317184899899
-0.432889959727861
-0.495067130769798
-0.283664749227212
-0.215269861081081
-0.58211517022851
-0.569679736020123
-0.532373433394961
-0.557244301811736
-0.519937999186573
-0.432889959727861
0.238623487525062
0.238623487525062
0.95366095450734
-0.551026584707542
-0.495067130769798
-0.457760828144636
-0.457760828144636
-0.271229315018824
-0.258793880810437
-0.519937999186573
-0.432889959727861
-0.383148222894311
-0.345841920269149
-0.376930505790117
-0.327188768956568
-0.432889959727861
-0.134439538726562
-0.557244301811736
-0.420454525519474
-0.420454525519474
-0.557244301811736
-0.519937999186573
-0.476413979457217
-0.408019091311086
-0.439107676832055
0.176446316483124
-0.246358446602049
0.21997033621248
0.518420757213779
-0.519937999186573
0.164010882274737
0.816871178215078
2.23451067797125
2.23451067797125
1.06557986238283
0.493549888797005
-0.619421472853673
-0.507502564978186
-0.376930505790117
-0.613203755749479
-0.575897453124317
-0.557244301811736
-0.457760828144636
-0.457760828144636
-0.588332887332704
-0.588332887332704
-0.544808867603348
-0.519937999186573
-0.426672242623667
-0.408019091311086
-0.445325393936248
-0.345841920269149
-0.184181275560112
-0.246358446602049
-0.507502564978186
-0.352059637373343
-0.246358446602049
-0.0349560650594624
0.170228599378931
-0.58211517022851
-0.544808867603348
-0.532373433394961
-0.488849413665605
-0.376930505790117
-0.308535617643986
-0.221487578185274
-0.159310407143337
0.188881750691512
-0.557244301811736
-0.495067130769798
-0.457760828144636
-0.376930505790117
-0.320971051852374
-0.252576163706243
-0.470196262353023
-0.345841920269149
-0.408019091311086
-0.271229315018824
-0.283664749227212
-0.345841920269149
-0.246358446602049
-0.122004104518175
-0.196616709768499
-0.0784800847888185
0.0334388230866686
0.232405770420868
-0.00386747953849373
0.673863684818623
1.06557986238283
1.64382755307284
2.51430794765997
0.673863684818623
1.37024800048832
2.51430794765997
-0.606986038645285
-0.58211517022851
-0.551026584707542
-0.526155716290767
-0.507502564978186
-0.445325393936248
-0.395583657102699
-0.370712788685924
-0.339624203164955
0.0645274086076373
-0.0349560650594624
0.213752619108287
0.661428250610235
-0.501284847873992
-0.470196262353023
-0.401801374206892
-0.501284847873992
-0.345841920269149
-0.345841920269149
-0.470196262353023
-0.457760828144636
-0.420454525519474
-0.283664749227212
0.0210033888782812
-0.619421472853673
-0.588332887332704
-0.519937999186573
-0.451543111040442
-0.296100183435599
0.151575448066349
-0.190398992664306
0.0458742572950561
0.512203040109586
0.41893728354668
0.885266066361209
1.86144765171962
-0.221487578185274
0.0520919743992498
0.63655738219346
1.25211137550864
1.81170591488608
5.03248337485843
6.49364689434395
-0.58211517022851
-0.569679736020123
-0.544808867603348
-0.526155716290767
-0.395583657102699
-0.370712788685924
-0.333406486060761
-0.240140729497855
-0.376930505790117
