393
558
351
666
576
497
538
354
411
419
721
633
676
753
555
411
568
701
416
757
580
706
572
490
407
454
525
656
527
319
489
515
526
338
771
439
432
436
362
499
378
606
558
615
928
453
764
570
1009
472
480
603
623
752
601
494
370
602
473
518
666
571
497
543
401
604
401
555
498
570
493
623
452
448
578
515
596
683
498
457
556
540
703
649
550
580
507
377
395
674
490
441
713
451
372
385
732
732
603
682
661
477
829
523
423
622
594
734
432
490
426
396
524
679
464
568
608
623
496
491
489
525
638
447
642
542
483
403
684
379
563
481
687
488
337
511
477
440
438
427
428
664
588
445
532
647
475
472
481
445
684
481
369
602
503
470
515
587
652
404
353
505
860
598
630
368
404
521
857
529
477
782
524
656
491
578
733
505
407
562
736
659
453
771
846
655
442
777
516
422
415
453
541
575
436
513
645
522
615
489
398
496
432
611
436
459
464
527
484
703
537
485
464
607
469
370
472
633
507
894
708
502
685
542
426
348
418
481
508
613
416
487
457
798
603
633
636
435
365
326
515
485
463
576
551
568
660
620
460
732
524
546
688
533
484
539
410
673
439
541
649
477
444
696
578
744
440
434
538
627
314
729
362
406
427
484
499
514
377
584
408
354
605
610
694
650
433
488
657
533
755
456
754
693
447
705
590
560
499
619
348
639
670
375
461
293
490
707
486
616
757
494
371
647
425
546
622
500
612
531
657
593
505
499
893
473
551
434
335
600
611
441
531
717
685
661
669
498
595
378
585
385
413
539
624
488
448
499
515
488
504
603
565
382
415
429
335
396
654
474
523
644
666
697
606
359
529
440
796
416
325
528
524
552
475
339
458
638
738
627
537
651
514
473
704
802
564
318
589
450
565
514
430
492
508
465
560
705
668
464
433
662
537
449
502
424
388
562
726
513
963
680
562
447
459
548
383
736
596
322
713
404
631
711
457
503
658
378
589
459
644
722
601
432
482
733
581
451
448
525
399
527
433
616
462
616
520
551
403
492
685
475
586
494
497
613
534
507
420
517
485
342
316
551
478
395
494
489
777
600
661
563
587
882
881
854
603
467
387
533
351
372
513
719
478
626
632
903
534
500
559
505
523
391
482
439
448
584
476
762
373
456
887
521
501
440
471
324
516
498
686
468
726
424
632
546
554
498
487
377
376
393
426
715
400
356
415
638
465
757
619
335
367
529
747
666
546
750
512
807
307
538
558
492
516
492
443
512
445
486
424
387
340
510
528
498
389
565
597
449
464
597
379
745
448
763
477
516
422
551
457
530
407
465
603
402
474
415
519
372
374
538
674
561
419
669
578
648
431
457
423
510
521
610
511
426
445
412
594
549
443
491
440
663
370
659
542
407
494
450
359
368
512
384
563
442
579
509
594
415
479
665
642
400
652
400
541
723
354
540
666
536
440
373
530
395
495
380
443
587
441
516
467
483
686
403
429
620
438
534
860
617
398
721
602
761
571
619
471
798
570
614
570
446
716
548
627
493
667
585
417
685
431
304
501
485
522
411
542
510
645
441
439
461
287
493
364
422
551
695
410
414
521
785
