0 235 217 121 12 32 931 487 8950 8950 3119 550 1125 51 51 10.7 26 7016 78 3 8 19 19 6
1 3306 2079 1071 42 89 10208 9310 1695 6597 2494 800 3028 81 96 13.9 20 6722 66 1 182 261 220 76
0 872 722 154 14 36 601 36 10194 10194 2600 500 1500 57 63 11.4 32 5788 83 3 11 19 11 5
1 4158 2532 902 6 24 6394 3881 1842 5962 4444 500 985 69 73 16.7 4 4900 49 1 118 119 137 16
0 2652 1900 484 44 77 1707 44 17080 17080 4440 400 600 73 91 9.9 41 11711 76 3 36 46 54 8
0 996 866 377 29 58 1411 72 12065 12065 3615 430 685 62 78 12.5 41 8596 80 3 47 12 24 10
1 787 601 233 40 73 1017 411 1302 5376 3214 600 1100 99 100 13.7 11 9241 34 2 39 32 29 5
0 995 789 398 26 47 1306 122 6230 6230 3526 400 600 42 44 13 4 8189 63 3 17 23 32 20
0 875 744 207 7 38 1173 1402 9700 9700 4830 400 1200 45 90 14.5 10 7652 66 3 33 19 17 1
0 1641 1283 527 20 39 1663 170 11200 11200 4000 500 1200 61 62 14.2 24 7578 70 3 37 35 31 6
1 19315 10344 3450 48 93 28938 2025 4966 10645 4060 512 2394 77 96 18.1 19 8992 63 2 622 449 427 160
0 5139 3346 973 20 55 3717 1358 14400 14400 6200 450 1100 66 74 18.4 35 8135 96 1 43 68 93 15
1 3570 2215 651 17 41 3390 325 2954 7352 3620 225 500 47 55 16.1 14 6374 63 3 46 64 61 26
1 5653 4326 1727 17 29 9528 3822 4044 10800 4840 580 1050 93 96 19.3 7 6751 46 2 210 266 156 43
0 2286 1668 564 37 70 2943 1260 11985 11985 4081 400 1500 93 95 9.2 15 8995 91 1 76 78 81 11
0 555 414 242 14 41 996 2281 9100 9100 3100 550 880 51 61 23.6 24 5609 47 3 26 11 29 1
0 1861 998 359 45 77 1220 46 16670 16670 4900 750 800 80 83 10.5 51 13198 72 3 37 32 23 1
1 14596 5985 3331 75 92 14609 1100 874 8400 4200 550 1200 88 93 8.9 23 15893 83 2 572 329 212 18
0 668 534 237 19 39 1306 258 9476 9476 4820 500 1100 67 67 20.1 26 6786 74 3 17 17 16 0
0 7428 5860 1349 25 63 6534 1350 11600 11600 5920 1000 1000 81 90 13.9 10 10093 60 2 127 131 141 7
1 7548 6791 3070 25 57 16262 1716 2100 6300 3933 600 1908 85 91 16.7 18 6642 69 2 366 354 301 66
0 3058 1798 478 46 84 1737 244 18810 18810 5690 500 680 91 96 10.4 48 18034 91 3 57 49 32 0
1 3347 2597 1006 10 37 4664 1630 1836 6919 4500 500 1250 74 90 15 20 7462 56 1 203 61 32 1
1 1208 877 546 12 36 3796 824 2133 4425 2700 660 1800 57 62 19.6 16 3752 46 1 91 40 50 11
0 1190 978 324 12 30 1280 61 8840 8840 3620 500 1200 57 58 16.2 26 6563 63 3 20 11 22 11
0 193 146 55 16 44 249 869 7560 7560 4120 800 1500 76 72 11.9 2 10922 15 3 6 11 9 4
1 1047 938 511 13 33 2091 546 2285 4285 2750 600 1800 58 75 16.5 31 6591 51 3 57 40 19 1
1 8384 5727 2710 22 50 13518 2916 2520 7230 5088 630 3228 82 84 10 6 13883 34 2 401 369 296 20
0 1470 900 287 20 49 1130 417 10900 10900 5100 500 550 70 81 15.7 14 7804 68 3 28 11 24 9
0 651 581 243 8 17 617 34 5000 5000 3650 600 600 45 45 14 8 8426 45 3 8 9 8 8
1 1576 1326 913 13 50 3689 2200 1920 3840 2852 200 400 52 54 20.3 9 4172 100 3 42 50 67 28
1 3224 2519 1057 11 31 5000 706 718 6390 2380 110 1622 67 78 14.6 9 6554 55 1 71 106 93 1
1 2729 2535 1257 8 29 4787 472 2130 3735 3136 250 1630 62 65 21.7 23 5284 54 1 48 49 85 36
0 504 482 185 10 36 550 84 9130 9130 3322 450 1450 46 51 12.6 25 8686 54 3 11 11 11 3
1 1879 1216 483 27 62 3311 1646 4188 8832 5376 700 1850 92 98 13.5 19 12529 72 1 104 98 71 0
1 1734 1729 951 12 52 3602 939 1730 3460 2650 450 1000 57 60 19.6 5 4739 48 3 44 71 52 13
0 662 513 257 12 30 2074 726 11902 11902 4372 540 950 65 65 12.8 31 7836 58 3 35 29 58 1
0 700 595 278 19 35 1035 182 10850 10850 3936 500 900 62 64 12.3 31 8534 88 3 14 20 20 10
0 940 668 385 20 48 1316 139 11925 11925 3825 630 1926 48 87 12.3 12 9157 69 3 40 17 41 4
0 495 434 210 35 55 775 44 8950 8950 3490 600 1900 86 92 11.3 25 9685 66 3 28 20 16 2
0 191 165 63 5 25 494 574 11550 11550 4270 300 500 43 77 14.5 8 9209 40 3 7 14 28 1
0 7259 5526 1368 23 52 5612 166 14424 14424 6192 634 1000 58 79 11.5 25 9812 75 3 70 153 184 21
0 2762 2279 533 32 60 1835 14 16900 16900 4720 500 600 88 97 11.6 45 12423 81 3 58 32 55 0
0 2989 1855 691 28 63 2988 1726 4990 4990 3560 500 1250 75 75 18.1 28 4509 99 3 13 32 67 1
0 10705 2453 1317 95 99 5217 83 19840 19840 6510 630 2115 96 96 5.8 49 40386 99 2 404 118 191 6
1 2996 2440 704 2 30 3006 338 1894 5587 4845 500 600 61 63 16 11 5733 31 1 55 49 59 28
1 19873 8252 3215 95 100 19532 2061 3949 11648 6246 636 1933 93 97 15.8 10 13919 78 2 834 229 209 0
0 3767 3414 1061 30 58 4531 643 10870 10870 4440 2000 1522 75 81 14.4 21 7671 85 1 75 88 100 30
0 13865 2165 1606 90 100 6862 320 18485 18485 6410 500 1920 97 97 9.9 52 37219 100 2 654 149 255 8
0 1386 1060 320 28 56 965 502 13850 13850 4755 400 1125 84 84 12.3 30 8196 85 3 28 21 17 1
1 5530 4007 1697 12 37 8463 1498 1829 7731 4128 540 2286 75 75 21.5 8 6309 40 2 151 111 129 35
1 4540 3294 1483 5 60 13494 1254 1802 7706 4368 600 1926 90 90 21.2 8 7268 61 1 459 109 67 14
0 4044 2826 688 51 83 2738 138 16230 16230 4500 630 1800 79 86 15 17 11217 63 3 80 44 51 0
0 12586 3239 1462 87 95 5643 349 19528 19528 5926 720 1100 99 100 7.6 39 20440 97 2 286 100 111 0
0 2774 2092 482 35 64 1763 59 15800 15800 4790 450 950 97 98 12.3 21 12999 69 1 74 36 47 6
0 1603 1392 504 31 68 2580 302 13312 13312 4488 600 1516 78 78 11 23 9431 83 1 78 88 63 0
0 949 786 302 30 70 1210 26 9990 9990 3550 500 1500 85 90 15 24 8187 67 3 30 29 17 1
1 9402 7020 2151 20 70 16407 5550 1742 8384 5110 612 2400 87 93 19.5 7 7930 41 1 576 223 100 10
0 1127 884 308 30 64 1310 766 11718 11718 7398 450 1800 73 87 16.4 33 8871 76 3 24 40 28 5
1 3971 3306 1921 10 34 11493 2206 2270 4259 2625 350 1884 70 75 18.9 10 4629 58 1 259 143 146 25
1 6855 5553 2408 26 57 11036 2011 3234 8907 4697 556 1851 89 95 10.8 6 13889 54 2 447 410 244 12
1 7589 4676 1876 29 63 14770 10962 1856 6760 3776 500 2180 84 89 17 7 11020 47 2 387 319 239 45
1 3500 2836 1779 15 42 8730 993 1576 5552 3710 550 2300 75 83 17.6 8 6324 37 2 154 146 144 24
1 4216 2290 736 20 52 4296 1027 2328 5130 4690 600 1450 73 75 17.9 18 5125 56 1 54 63 78 8
0 1847 1610 453 19 59 1298 67 7384 7384 3494 500 1763 51 67 13.7 8 6757 30 3 8 15 37 8
1 5244 3782 1930 12 37 11561 7443 2771 8786 2964 570 1980 79 87 15.9 8 8094 38 2 267 306 192 2
0 601 396 203 1 20 525 323 11230 11230 6643 2340 620 8 58 6.8 4 13025 47 3 29 11 6 2
0 1006 837 317 33 65 1024 15 8200 8200 3485 500 1200 84 84 10.6 26 9248 64 3 28 16 35 13
0 905 834 319 32 61 1073 179 11320 11320 4402 550 1350 82 89 12.7 38 11218 58 3 25 27 29 4
0 3050 1342 471 55 86 1818 23 14360 14360 4090 400 650 77 92 12.9 34 9605 83 3 32 42 47 8
1 2379 2133 1292 8 25 4283 2973 2040 4973 3192 500 1425 56 65 22 21 4078 38 1 35 38 58 50
0 1380 768 263 57 82 1000 105 19300 19300 6694 600 700 89 93 6.1 18 14779 83 3 39 14 13 0
1 2702 1623 604 7 24 2315 146 1819 5918 3755 500 2050 76 79 19.4 4 4599 52 3 52 25 26 0
0 980 807 350 10 25 872 448 9890 9890 4674 500 1350 52 57 14.4 15 6243 84 3 14 12 22 1
0 959 771 351 23 48 1662 209 16624 16624 5895 600 1100 72 80 12.8 6 12692 47 1 38 37 36 0
0 1858 1221 480 37 68 1620 49 8050 8050 3940 350 2375 80 80 16.3 17 10511 63 3 25 20 38 3
0 1966 1436 327 47 80 1199 61 19960 19960 5490 500 450 90 90 11.8 37 15886 68 3 47 20 31 0
1 12749 7025 3343 40 81 20356 4582 2907 8199 4218 708 2172 96 94 9 10 16527 65 2 893 472 352 11
0 1456 1053 381 20 45 500 541 10910 10910 5160 400 1795 66 72 15.6 37 7649 87 3 22 28 45 0
0 3151 2584 958 14 40 4772 856 7800 7800 3750 570 3020 37 43 16.5 4 12878 44 1 70 130 84 7
0 1006 825 328 34 73 1362 102 13252 13252 4194 450 550 89 93 13 33 10296 65 1 58 29 27 8
1 4255 3277 1609 18 57 10094 1621 4946 9866 3084 480 1479 77 77 15.9 20 6223 53 2 278 191 155 40
0 2174 1953 557 35 68 2332 53 15960 15960 5580 700 1300 95 95 15.8 32 11659 77 2 55 58 43 5
1 2957 1423 691 10 30 3817 1394 2798 3946 4800 400 1500 63 67 14.9 10 8367 26 3 80 66 90 1
1 5880 4075 2833 25 55 14914 2246 1713 6995 3120 600 2000 76 86 18.5 22 6122 54 2 305 231 259 63
0 4731 3171 830 12 31 3557 658 10700 10700 5925 550 1200 74 81 17.6 34 8408 69 3 16 34 91 0
0 809 687 428 20 43 1889 217 10176 10178 4190 800 750 71 71 16.1 19 7895 54 3 43 21 23 7
0 608 494 176 10 31 649 314 8330 8330 3770 550 1300 64 80 13 31 7949 39 3 11 21 10 2
0 1083 880 291 13 34 915 80 9270 9270 4100 600 1860 75 82 13.5 27 8425 55 3 30 12 23 1
0 3550 1877 653 53 87 2164 77 18920 18920 5950 600 800 90 98 9.7 39 17089 90 3 70 60 66 9
0 513 347 279 23 48 2508 505 9090 9090 4500 650 500 62 65 18.3 2 7905 71 1 20 51 120 23
0 713 661 252 25 44 712 23 15476 15476 3336 400 1100 69 82 11.3 35 42926 48 1 30 15 17 3
0 7033 5125 1223 47 75 4941 1534 19040 19040 5950 350 800 98 98 9.1 21 16920 74 2 172 166 115 3
0 268 253 103 16 44 494 1305 10000 10000 5364 500 1000 56 64 11.2 33 7305 69 3 10 8 8 2
0 1025 707 297 22 66 1070 72 10100 10100 4140 450 1080 69 71 16.3 32 6880 80 3 18 21 14 2
0 582 498 172 21 44 799 78 10468 10468 3380 660 1800 40 41 11.5 15 8991 52 3 9 18 25 11
1 14752 9572 5329 48 85 30017 5189 840 5130 3309 650 3140 91 99 19.7 11 7837 65 2 997 439 480 30
1 13528 9198 1843 16 61 10168 1231 2650 6550 4355 700 1560 93 96 17.4 16 9075 74 2 260 217 125 0
1 12809 10308 3761 24 49 22593 7585 1828 7434 4850 700 2100 88 93 18.9 5 4602 48 2 576 445 251 7
1 14939 11652 5705 52 88 25422 911 2760 7560 4574 500 1982 87 90 17.4 13 8559 81 2 927 520 393 1
0 7365 5402 4615 48 82 27378 1253 2340 2340 3580 860 1220 76 76 20.5 40 7916 33 2 577 382 304 49
0 1205 984 278 31 50 1071 98 14510 14510 5340 500 1400 84 91 12.5 39 10026 60 3 36 30 10 3
0 8728 5201 1191 60 89 4265 291 17900 17900 5690 450 1250 86 93 9.2 31 24386 74 2 256 138 125 4
1 3073 2672 1547 9 29 9649 1792 2600 4300 2643 450 1660 57 68 19 11 5801 68 1 210 138 125 16
0 1743 1625 626 8 29 1862 382 14134 14134 5270 500 800 71 74 13.1 22 9209 63 1 62 51 32 1
0 1557 1227 489 37 69 1964 81 12315 12315 4565 600 1365 85 90 12.5 24 10307 73 1 61 52 65 2
0 2519 2003 776 39 71 2473 1314 12750 12750 6350 350 1690 84 90 17.4 13 8243 83 1 39 50 63 2
0 4772 1973 712 60 86 2714 27 19130 19130 5600 1400 1400 90 94 12.1 39 16262 92 1 128 57 66 0
0 776 765 351 22 44 1419 228 6400 6400 3150 500 1900 58 64 16.2 8 6578 45 3 39 18 15 5
0 348 281 127 12 52 1095 785 9150 9150 3950 500 800 56 59 12.2 27 7348 76 3 19 13 30 8
0 444 359 122 34 53 493 968 10900 10900 5250 380 1000 68 70 11.4 23 9447 78 3 9 19 16 3
0 735 423 366 20 48 2448 707 9210 9210 3782 700 1000 49 51 39.8 15 6562 34 3 22 23 34 2
0 941 772 214 10 30 1247 776 11390 11390 5280 500 750 77 82 10.6 17 8575 55 1 48 30 34 0
1 7117 3106 1217 68 88 5186 134 2808 11720 4298 600 800 89 92 12.1 31 9534 93 2 185 132 123 30
1 818 700 447 20 50 2962 651 1500 3738 2619 450 1022 55 59 19.6 9 4444 53 1 33 17 61 37
1 5165 3887 1561 20 60 8234 2619 2422 6108 3800 500 1000 64 66 20.6 9 5063 57 3 91 105 118 7
0 2212 1538 408 44 75 1445 1 19240 19240 3690 750 480 95 95 11.1 46 14067 88 3 49 36 38 8
0 2974 2001 580 29 60 2666 554 15192 15192 4695 400 1350 84 91 15.9 21 11762 67 2 142 106 101 6
0 1163 850 348 23 56 878 519 12850 12850 5400 400 800 78 89 12.2 30 8954 73 1 12 20 32 2
0 1016 872 300 27 57 1116 602 11250 11250 4980 550 1400 66 73 15.8 36 7411 70 3 25 11 17 14
1 1558 1254 472 20 57 3754 2477 1597 6172 3994 541 1387 83 87 23.4 12 8488 53 1 59 65 75 22
1 4400 3719 1472 12 38 7804 1552 2300 6950 2500 300 1200 90 95 23.1 16 5559 67 1 127 103 99 5
1 4269 2594 985 27 57 6476 2592 3338 8594 4408 494 2768 82 88 18.4 6 7618 55 2 87 119 104 32
0 443 330 151 5 36 453 42 14080 14080 6270 500 900 57 80 10.2 21 15387 46 3 9 18 8 6
0 2039 1389 432 56 91 1333 30 15688 15688 4618 400 400 88 92 9.5 54 18979 83 3 46 36 52 3
0 1777 1151 382 31 55 1668 1052 16425 16425 5220 955 750 81 85 13.3 23 11561 90 1 78 43 26 7
1 2785 2011 1007 8 65 6507 898 2053 7242 3603 654 1416 67 89 18.1 0 6413 51 1 172 80 72 0
0 903 755 213 15 49 971 305 10500 10500 4545 600 600 66 71 14.1 27 7494 72 3 8 20 25 12
1 8427 7424 3441 26 59 18676 1715 2291 7550 3224 640 2055 81 88 19.2 22 8420 65 2 467 353 284 84
0 368 317 159 20 49 806 542 10500 10500 3555 500 2285 44 50 11.3 30 6695 64 3 7 20 28 8
1 3235 3108 2133 25 65 9978 1530 1932 5028 3300 500 2000 73 89 14.8 10 6820 39 2 314 198 225 54
1 572 544 320 45 72 1470 416 2013 6073 3400 550 1400 71 71 16.4 31 6112 74 1 45 17 18 6
0 4186 2743 740 48 77 2819 62 19380 19380 6750 410 1000 90 97 9.8 24 17150 84 2 142 71 40 3
0 990 784 279 18 45 1811 3144 11290 11290 5360 600 1800 76 78 12.6 11 9084 72 1 39 77 84 15
0 589 575 148 16 40 474 258 8400 8400 3250 500 1400 63 55 12.4 14 6535 68 3 11 14 10 3
0 2936 2342 669 35 62 2502 66 15990 15990 4080 600 825 73 78 14.5 31 9979 83 3 55 53 39 8
0 1606 1413 530 23 38 1921 1154 9408 9408 5520 500 450 78 78 12.1 22 7669 53 3 46 42 21 5
0 1381 1040 374 20 44 1506 970 8025 8025 4865 400 650 65 74 17.4 10 6339 68 3 30 18 44 4
0 494 313 157 23 46 1317 1235 8352 8352 3640 650 2449 36 69 11.1 26 8127 55 3 9 31 74 0
0 516 392 154 32 62 630 549 11020 11020 4970 610 1900 73 75 14 36 9315 58 3 14 21 20 8
0 511 411 186 23 51 1692 562 12224 12224 4440 450 1000 63 87 11.5 32 7315 77 3 27 53 54 9
0 2887 2059 457 30 61 1928 296 17500 17500 4200 500 950 94 95 10.5 35 11951 79 1 58 64 38 0
0 4778 2767 678 50 89 2587 120 19670 19670 5820 575 1119 77 96 10.1 47 16593 83 3 121 69 43 6
1 689 561 250 15 30 1125 422 3093 7168 3689 600 1900 67 67 18.1 9 4417 46 3 17 14 18 4
1 4522 3913 2181 29 57 12830 1658 1889 5336 3344 800 3100 84 92 15.3 14 6433 48 2 342 247 181 11
1 5220 2128 865 19 53 6411 3186 2400 3648 4834 700 950 82 87 21.5 9 6717 58 1 155 130 125 9
1 4772 3140 1265 22 55 6851 1200 3060 6120 3460 666 2316 73 78 17.2 18 4776 51 1 68 102 118 32
1 2397 2144 1525 22 45 6720 1822 2262 3957 2325 618 1656 66 77 20 13 4546 45 1 129 93 131 36
0 1561 1188 458 48 72 1548 840 13380 13380 4210 500 900 89 91 17.8 34 8747 81 3 47 47 31 4
0 553 452 228 22 49 1301 242 9650 9650 4400 600 1000 57 69 14.9 8 6336 83 3 15 32 34 2
1 7837 4527 2276 89 99 8528 654 1899 6489 4438 795 1164 92 92 19.3 33 11271 70 2 235 206 167 17
1 1373 1373 724 6 21 2754 474 1500 2700 2660 540 1660 60 68 20.3 29 4550 52 1 46 25 41 13
0 602 483 206 21 47 958 466 8620 8620 4100 400 2250 58 68 11 21 6136 65 3 18 18 16 0
0 1738 1373 417 21 55 1335 30 18460 18460 5970 700 850 92 96 13.2 41 22704 71 3 44 16 25 6
0 1082 832 302 34 63 1133 30 11859 11859 3635 554 1429 80 85 13.4 42 8354 85 3 26 22 22 5
0 5187 4471 446 3 14 1818 1197 13320 13320 4630 500 800 50 56 17.6 16 6418 51 3 28 29 17 2
0 2961 1932 628 24 68 2669 616 10800 10800 5100 575 1090 71 82 14.1 42 8189 100 3 52 53 49 1
1 9750 7640 2529 24 62 10358 1338 3550 11180 3862 650 2450 89 87 17.5 16 7855 75 2 196 253 127 0
0 1133 630 220 37 73 750 30 17688 17688 5900 650 850 100 100 10.4 11 14820 73 3 31 10 13 0
0 866 619 157 18 47 1074 336 8920 8920 4310 680 1320 68 68 14.6 42 6898 46 3 15 22 32 7
0 626 372 145 12 34 983 40 7700 7700 3400 450 800 70 70 21.9 28 4933 52 3 6 7 14 0
1 6040 4577 1620 36 72 5640 266 2704 4856 3416 400 1100 69 72 15.7 13 6601 76 1 54 103 142 27
1 3366 1752 232 27 79 2585 1300 3641 7411 4748 690 2009 90 95 18.6 12 10134 57 1 61 73 61 6
1 9478 6312 2194 29 65 15646 1829 2124 8412 4180 470 1800 87 89 19.2 10 7850 59 2 483 255 188 0
1 9643 7751 1968 12 40 8894 2456 3004 10330 5558 500 1250 84 89 16.6 7 9158 63 2 334 187 135 3
0 692 514 209 20 50 760 81 9900 9900 3990 400 900 76 71 13.3 19 9073 58 3 16 13 19 1
0 477 417 204 29 54 1532 77 8840 8840 4240 600 1400 58 70 20.8 23 6863 56 3 15 18 11 6
1 11223 5285 2082 32 72 9652 742 3900 7994 4544 500 732 77 81 17.9 29 5212 98 1 187 151 131 39
0 11115 2881 1390 71 93 5881 406 18300 18300 7131 670 1700 91 92 7.2 27 19635 95 2 192 157 154 25
0 1151 813 248 40 64 850 80 15588 15588 6174 500 1200 78 90 9.2 34 16623 77 3 21 27 23 4
0 4226 3666 2007 14 60 7703 2339 1660 5094 4010 700 1560 77 86 16.6 10 6203 50 1 144 121 102 30
0 7654 5259 1254 62 93 4879 1274 18350 18350 5775 768 1512 91 98 3.9 31 45702 90 2 264 136 175 18
0 344 264 97 11 42 500 331 12600 12600 5520 630 2250 77 80 10.4 7 9773 43 3 25 16 15 3
1 4019 1579 710 23 65 4365 765 2288 3040 4351 711 1125 78 92 19.5 7 5599 64 3 47 58 65 8
0 587 501 211 28 52 735 28 15200 15200 4100 350 650 87 90 9.4 49 12472 64 3 28 23 17 1
1 10706 7219 2397 12 37 14826 1979 2600 7799 3296 470 1750 73 78 17.3 11 6086 56 2 314 266 246 112
0 2496 1402 531 53 95 2121 69 17926 17926 8124 600 850 83 93 10.3 33 12580 91 3 49 19 56 6
0 2083 1725 430 22 49 1464 67 17480 17480 4780 500 700 75 87 12.3 32 11625 73 3 50 23 36 0
0 281 266 139 13 29 1049 181 10500 10500 3750 450 950 69 75 12.8 18 6955 45 3 14 12 23 1
0 1899 1720 489 37 68 1594 32 13868 13868 4826 450 850 89 100 13.7 37 11487 73 3 47 27 33 2
1 8586 6383 2503 25 59 13138 4289 4962 10786 4560 400 900 93 93 7.8 10 13789 66 2 427 402 373 63
0 2768 2314 682 49 86 2802 86 15884 15884 5370 530 730 92 94 15.2 34 10774 82 1 75 70 58 4
1 1166 1009 510 9 33 2074 341 3340 4938 2987 528 1702 67 77 17 11 6119 51 3 34 31 41 4
0 1377 572 178 95 100 654 5 17230 17230 6690 700 900 100 100 8.2 46 21569 100 3 34 14 20 0
1 48094 26330 4520 36 79 21401 3712 3640 7410 4748 690 2009 90 95 19.5 19 10474 77 2 601 393 258 90
1 15712 11719 4277 29 53 18511 604 3926 10260 3176 740 2200 85 89 13.8 20 8944 73 2 598 526 270 91
1 5597 4253 1565 12 38 9161 845 1902 5710 3066 120 1730 62 71 16.2 5 5682 76 1 190 161 120 87
1 19152 12940 4893 66 92 22045 1339 5040 15732 4659 476 1600 90 98 11.5 26 14847 87 2 850 419 472 9
0 1006 742 275 29 60 1127 205 13925 13925 4390 500 2200 73 86 12.7 32 10141 67 3 30 21 22 0
0 489 384 120 23 52 700 45 10575 10575 3952 400 620 46 24 13 9 8946 98 3 6 11 17 16
0 1216 908 423 19 40 1819 281 10100 10100 3520 550 1100 48 61 12.1 14 7994 59 3 43 45 36 14
0 2464 1908 678 24 57 2693 691 10970 10970 4280 500 1380 47 51 13.3 18 7711 65 1 35 54 76 17
1 8598 4562 1143 56 93 5060 146 2650 6550 4170 600 650 79 84 19.1 25 5716 76 1 48 78 79 23
0 2302 1831 391 58 82 1345 59 15200 15200 4768 550 1500 90 96 10.8 47 13388 77 3 23 37 46 4
0 460 340 167 14 45 604 350 10740 10740 3676 350 900 67 71 11 27 7963 74 3 11 10 25 8
0 947 798 266 36 68 1274 471 10850 10850 5150 550 800 77 93 13.6 24 8797 61 3 37 33 35 0
1 14474 10519 6392 49 85 31643 2798 840 5130 3412 600 2144 89 91 23.1 29 8471 69 2 652 424 305 2
0 894 787 262 28 63 909 28 8050 8050 3850 600 1000 75 75 15.6 30 7348 52 3 16 18 14 3
1 5095 4491 2400 27 53 13894 8374 1954 6857 3975 858 3093 89 93 12.8 9 9275 37 2 388 231 216 25
0 936 794 197 24 56 752 210 11240 11240 4180 350 2000 71 71 11.2 37 10065 71 3 7 23 24 1
0 610 461 189 26 52 685 49 8200 8200 3300 550 1000 63 69 12 16 8128 64 3 21 16 15 0
0 1209 942 214 31 60 822 46 15276 15276 5318 500 300 79 86 11.2 37 10830 65 3 33 12 15 0
1 1257 940 363 9 22 1547 294 3660 7656 4690 400 700 89 91 14.7 8 6318 79 3 26 27 34 3
0 855 632 139 60 83 569 7 17238 17238 7350 600 800 95 100 8.2 41 18372 73 3 28 10 15 1
0 793 709 244 20 47 1022 411 9570 9570 3000 400 1000 67 72 15.1 42 6852 60 3 17 7 28 5
0 3624 2786 858 11 39 2933 334 9100 9100 3883 490 1777 70 74 18.9 34 6329 63 3 30 38 64 6
1 2320 1805 769 24 61 3395 670 3620 6400 3392 580 2150 71 80 12.8 26 6729 59 1 73 78 70 19
0 1879 1658 497 36 69 1950 38 13353 13353 4173 540 821 78 83 12.7 40 9220 71 3 41 28 50 18
0 860 688 285 32 70 1928 442 13306 13306 3797 450 950 62 69 8.8 10 6333 78 3 20 12 30 10
1 14292 10315 3409 22 53 19340 3991 2919 8723 5146 550 1550 89 92 18.1 12 9021 63 2 535 388 163 133
1 8000 4556 1464 17 70 6943 869 2650 6550 4810 500 1500 69 85 22 21 5280 63 1 111 105 78 4
1 2405 2234 1061 10 22 4564 448 840 4290 3500 598 1582 55 93 19.4 1 5967 35 1 34 58 64 73
1 1208 803 438 20 48 1906 344 2790 6810 3970 450 1647 67 75 15.9 26 5712 59 3 47 26 13 14
1 7811 3817 1650 47 73 12911 1404 2033 7380 4877 612 2091 72 81 19.8 13 8453 59 1 507 102 60 1
1 1500 1242 611 12 36 2024 292 3076 7070 2439 400 779 95 94 17.1 17 7744 84 1 65 59 24 0
0 469 435 227 17 39 851 120 10535 10535 4365 550 3700 39 66 12.9 16 7438 52 3 13 13 13 5
0 1046 824 284 21 45 1223 451 10880 10880 5050 400 1235 64 64 19.3 24 7344 69 3 20 14 24 8
1 3041 2581 1173 16 56 6441 3982 3123 9114 4030 400 650 88 90 19.7 13 6637 53 1 123 142 85 8
0 1981 1541 514 18 36 1927 1084 12500 12500 6200 375 1000 73 75 16.8 22 8707 80 3 24 63 38 0
0 6348 2999 922 68 94 3340 39 18930 18930 6380 500 1254 99 99 5.3 36 36854 90 2 467 138 161 36
1 15698 10775 2478 85 100 12677 864 4325 12024 5302 790 1818 96 96 16.1 11 15934 66 2 319 161 138 0
1 2593 1966 1030 9 32 6038 579 1916 6704 2592 376 1750 78 78 21 17 6254 65 1 121 71 69 6
0 5661 2392 903 75 88 3499 172 13850 13850 4360 500 1250 95 97 4.3 37 41766 89 1 135 86 74 18
0 1470 1199 425 21 76 1820 558 11040 11040 4840 400 900 89 92 13.3 28 8118 94 3 30 50 36 3
0 478 327 117 9 34 731 370 11510 11510 6450 575 1075 71 93 10.3 30 10502 77 3 17 24 13 2
0 1110 930 332 18 36 1603 374 8180 8180 4270 500 500 65 58 15.2 12 5664 29 3 39 7 26 15
0 809 726 294 27 52 1271 43 12500 12500 4130 400 1050 53 53 13.5 22 7136 52 3 20 27 27 3
0 1742 1382 607 30 64 2258 53 10300 10300 5080 475 1200 68 75 14.1 30 7762 89 3 34 37 45 15
0 1040 845 286 48 77 967 24 15747 15747 4062 400 800 88 95 12.7 33 13224 79 3 35 17 20 5
0 3207 1577 490 56 87 1892 7 17142 17142 4190 450 1200 85 97 11.3 51 14664 84 3 63 38 26 1
0 810 484 356 6 33 2155 191 9200 9200 4800 1000 4200 65 85 24.1 9 3480 100 1 15 27 55 0
1 2747 1870 724 12 47 2874 118 2606 7920 3962 550 2200 74 80 18.4 23 5553 62 3 33 50 50 17
0 1416 1015 417 10 44 1324 117 13500 13500 5800 585 1700 67 78 13.2 23 9006 75 3 20 17 31 4
0 7700 3700 1906 79 96 7671 30 16850 16850 4400 600 1350 96 92 13.1 46 13936 97 2 274 195 164 11
1 7294 3564 904 7 34 5758 1363 2650 6550 4460 500 705 79 83 19 14 6632 49 1 87 107 88 0
1 1797 1260 938 24 35 6960 4698 2220 4440 5175 750 2200 96 96 6.7 16 16352 33 2 106 163 107 19
0 3586 2424 730 16 31 2748 1309 13250 13250 5420 700 3100 84 92 12.3 23 11299 70 1 59 103 41 1
1 1256 1256 853 43 79 3957 588 1729 5401 3144 450 1888 72 75 19.3 4 5527 50 1 67 67 78 26
0 692 576 174 19 50 597 83 10500 10500 3860 600 940 58 64 11.6 19 8990 39 3 16 10 15 1
0 548 428 167 18 46 618 113 8958 8958 3670 300 1000 53 59 15.3 26 9798 64 3 14 11 6 0
0 1712 1483 624 37 69 2505 208 12275 12275 4341 465 1100 72 81 12.5 40 9284 72 3 70 49 38 2
1 3540 2001 1016 24 54 4190 1512 840 5130 3592 500 2000 60 62 23.1 5 4010 34 3 68 27 40 45
0 607 558 269 22 47 1222 519 10500 10500 4348 650 1500 81 91 11.6 29 8324 75 1 38 36 17 0
1 1618 1141 479 18 54 4793 4552 2424 7246 3964 500 4288 71 73 13.4 15 6433 48 2 86 103 110 5
0 2248 1673 745 38 73 2888 105 14350 14350 3750 550 550 82 88 10 31 12502 83 3 82 93 49 11
1 5803 4441 1730 19 62 10099 3255 764 7248 3109 600 1900 79 91 16.8 7 6227 62 1 173 189 197 0
1 6011 3075 960 22 60 5146 1532 3086 7844 3830 450 1258 72 74 16.8 20 7832 71 1 117 97 100 6
1 9251 7333 3076 14 45 13699 1213 3070 7452 3352 600 1700 81 89 21.1 14 6918 67 2 226 212 180 65
1 2777 2249 1652 20 54 8334 1435 2110 5634 2703 450 1200 97 97 15.9 16 9424 49 2 130 124 163 27
0 2925 1598 632 51 88 2479 95 18820 18820 6390 500 1050 85 97 10.3 44 21199 90 1 127 70 59 6
0 888 734 393 26 60 1433 27 12730 12730 4514 500 1525 74 95 9.9 31 11165 98 3 21 43 52 1
0 1979 1739 575 42 68 1980 144 15948 15948 4404 400 800 82 95 12.8 29 10414 78 3 49 55 32 6
0 11901 8492 2517 16 42 11160 10221 13380 13380 7425 600 1750 73 82 12.9 17 9563 46 2 236 260 176 0
1 1757 979 394 32 74 2033 1078 608 5972 3420 600 750 77 83 13 11 7011 37 3 40 41 37 4
0 1220 974 481 28 67 1964 623 7800 7800 3664 650 900 61 61 11.1 19 7614 49 1 42 54 45 7
1 2029 1516 1073 23 46 7535 1488 1908 5988 3422 600 1500 91 94 15.1 13 8745 45 2 241 154 164 2
0 2267 1827 611 20 59 2825 144 6735 6735 3395 600 1425 70 74 12.2 7 10872 65 1 57 65 85 45
1 5818 3281 1116 14 53 5268 300 3086 7844 3504 450 1700 80 83 18.8 13 6719 72 1 148 67 83 3
1 3440 2823 1123 16 35 3793 486 1450 6198 3320 500 2500 89 97 19.1 6 4362 46 3 73 35 52 5
1 4800 2900 1515 14 48 7764 1472 2158 6874 2394 518 1890 73 78 19.2 14 5901 56 1 104 108 130 4
0 2967 2836 876 30 60 3450 644 10628 10628 4372 650 2055 85 90 6.5 32 22906 85 1 66 119 127 22
0 563 247 247 23 52 1427 432 12950 12950 5300 612 576 72 74 12.4 17 8985 60 3 32 21 33 6
0 1557 1074 397 15 40 1805 433 9813 9813 4050 425 1000 45 63 16.7 29 7307 78 3 15 25 46 15
0 2425 1818 601 62 93 2110 95 12240 12240 5150 500 490 94 96 9.6 20 14703 93 1 95 61 57 3
0 1538 1329 383 33 68 1140 10 15248 15248 4323 550 800 71 76 12.2 31 10340 64 3 31 22 17 5
0 4200 2874 942 30 55 4740 1646 14235 14235 6965 600 1735 86 97 14.4 14 10864 80 2 166 183 140 9
0 804 632 281 29 72 840 68 10390 10390 4040 525 1345 54 78 12.5 37 11751 60 3 24 16 20 0
0 761 725 306 21 58 1337 300 10990 10990 3244 600 1021 66 70 10.4 30 6871 69 3 34 22 45 7
0 1538 1259 468 19 42 1664 1042 11690 11690 5062 600 1664 48 80 12.9 15 8028 68 3 17 28 39 1
0 1244 912 352 44 77 1177 43 11850 11850 4675 600 1050 83 89 11.3 35 12995 67 3 22 33 25 3
0 484 384 177 9 45 634 78 7800 7800 2950 500 600 60 88 14.1 9 6864 64 3 11 20 8 9
0 7875 5062 1492 38 71 5471 1470 17450 17450 6328 700 950 92 93 7.6 15 14745 72 2 316 175 134 12
0 314 158 132 10 28 690 5346 8294 8294 3700 400 900 87 87 15.3 2 5015 37 3 10 11 22 3
0 497 452 231 24 47 887 1957 9400 9400 4005 500 1000 49 65 17.2 25 4054 57 3 11 3 19 8
1 285 280 208 21 43 1140 473 1408 3687 1920 600 1800 67 77 23.6 3 3864 43 3 13 18 11 10
0 1217 1088 496 36 69 1773 884 11505 11505 3255 1000 2075 35 46 16.7 23 7140 67 3 56 27 20 0
0 708 334 166 46 74 530 182 8644 8644 3922 500 800 79 88 12.6 24 14579 54 3 14 5 21 2
0 1358 1006 274 35 63 1028 13 15036 15036 4056 600 600 90 94 10.6 46 14634 78 3 44 13 22 0
0 379 341 265 10 36 1050 151 4950 4950 2780 530 1500 62 62 15.7 7 5619 38 3 19 9 17 10
1 8399 3609 656 19 53 4658 1478 2650 6550 4240 550 1500 85 93 15.3 8 6608 53 1 90 96 73 0
0 1154 951 253 15 31 791 140 11172 11172 4958 700 1350 68 76 11.6 16 9186 60 3 33 14 10 1
0 452 331 269 17 54 1417 301 6150 6150 3680 550 1200 59 63 16.6 4 5412 52 3 17 19 31 19
0 2688 2081 500 25 53 1792 5 19029 19029 5841 600 600 99 99 12.1 37 13040 79 3 61 39 34 3
1 4963 3497 1567 18 45 10262 5065 3034 10217 4182 500 3630 81 87 8.7 11 11183 45 2 220 310 211 43
0 1800 1314 526 47 79 1891 40 19300 19300 5700 750 750 79 91 9 51 18359 84 3 73 47 51 3
1 2172 1493 564 14 50 2766 1531 1842 5962 4316 650 500 71 76 16.9 14 5719 50 1 47 47 33 0
0 1002 555 119 16 43 836 684 7680 7680 3740 500 800 70 74 17.7 21 6652 52 3 16 10 16 5
0 1038 839 227 30 63 973 306 15595 15595 4400 300 500 79 84 11.3 23 11644 80 3 39 21 15 3
0 3294 2855 956 44 67 4576 1140 11690 11690 4730 800 6800 84 94 4.6 19 18367 67 2 133 111 120 31
1 6071 3856 1449 15 67 6635 1145 1492 7558 3680 500 1500 82 85 19.1 15 6005 55 1 94 105 108 1
1 12512 6969 1724 27 66 9744 1351 2650 6550 4712 600 1200 91 96 10.5 7 13705 57 2 346 216 183 24
0 983 664 249 23 57 1698 894 9990 9990 5666 800 1500 66 71 14.3 28 6084 64 1 19 50 46 14
0 3877 3156 713 71 93 3051 513 15700 15700 4730 525 1460 95 95 2.9 29 19733 67 2 213 133 126 58
0 7122 5386 1643 42 69 7760 876 16500 16500 6526 630 1985 82 94 5.9 17 17500 59 2 291 200 147 20
0 1231 1074 345 34 66 1295 105 11600 11600 3610 400 850 66 91 12.4 37 7735 67 3 25 21 29 4
1 14463 6166 1757 60 94 8544 671 2650 6550 4598 700 1000 83 100 18 15 8055 80 2 172 175 82 0
0 6361 5293 1507 26 51 5889 665 11380 11380 4220 500 900 81 85 14.8 25 8894 93 1 123 159 130 7
1 1340 695 285 42 73 1315 209 4000 6800 4730 675 1250 84 89 11.6 23 10357 63 3 24 35 29 9
1 5702 4894 1742 15 37 8077 472 2924 6684 4110 500 900 73 83 19.6 9 4519 62 1 137 119 92 43
1 11220 7871 3320 43 79 19553 2748 1899 5697 3600 525 1755 88 95 14.7 22 7881 63 2 650 552 391 64
0 632 494 129 17 36 709 131 9000 9000 4850 300 2480 78 85 13.2 10 7550 52 3 8 21 17 0
0 2939 1496 452 56 86 1723 113 15909 15909 4772 500 700 85 91 11.9 37 14213 77 3 46 32 36 7
0 2139 1492 502 24 64 2186 2171 12350 12350 5370 500 1350 88 86 12.6 19 9603 63 1 60 136 88 18
0 2013 1053 212 33 61 912 158 5150 5150 3036 500 1655 64 74 10.5 11 7547 59 3 25 13 18 4
1 848 560 377 14 24 1855 1412 2320 5800 3066 500 1500 62 62 14.8 3 5035 48 3 30 39 36 12
0 174 146 88 8 29 1047 33 8300 8300 3080 600 600 62 62 15.2 18 3365 58 3 20 7 9 0
0 1232 955 303 23 58 1241 485 14990 14990 4730 550 1250 86 92 15.2 28 9566 74 3 35 29 19 3
0 4186 1245 526 81 96 1988 29 19629 19629 5790 500 1200 94 99 9 64 22014 99 3 77 36 88 0
0 1179 780 290 38 64 1130 638 9690 9690 4785 600 1000 60 84 13.3 21 7940 74 3 6 19 33 10
0 2707 1881 478 14 34 1893 847 12480 12480 5290 530 1740 70 85 14.2 15 9492 54 1 41 55 29 1
0 2895 1249 579 80 96 2195 156 18345 18345 5995 500 700 94 98 10.6 51 21409 91 3 97 44 74 4
0 1998 1376 651 41 88 1539 45 6700 6700 3650 500 2307 52 52 14.1 12 7566 61 3 8 15 59 10
0 331 331 225 15 36 1100 166 6840 6840 3720 1100 4913 33 33 15.4 20 5524 49 3 18 12 24 6
0 1768 1249 380 51 93 1263 11 16900 16900 5680 450 750 89 89 19 33 12837 79 1 66 37 30 4
0 604 452 295 15 47 690 222 9888 9888 4502 400 1000 64 77 12.1 39 8741 75 3 14 9 18 2
0 2307 1896 509 19 51 1707 1889 11070 11070 5780 400 600 71 73 14.8 16 7120 82 3 19 55 30 7
0 3014 2539 487 31 68 1889 62 18700 18700 5000 595 1250 87 94 11.2 39 13861 87 3 35 47 51 7
0 2096 1626 694 35 67 2551 407 11800 11800 4340 700 960 60 81 15.8 26 7780 77 1 57 43 58 4
0 800 623 256 41 76 801 5 12925 12925 4195 500 635 78 85 9.9 55 14904 72 3 31 22 20 1
1 2540 2195 994 13 40 6063 2550 1824 5472 3598 221 2216 76 81 16.5 8 7498 43 1 168 126 95 24
0 1910 838 285 50 85 1004 15 19264 19264 6206 750 750 98 98 10.4 30 13894 79 3 40 15 29 0
0 1891 1698 719 24 80 2740 761 11100 11100 5870 600 750 77 88 11.7 14 9456 53 1 77 103 45 2
1 2281 1870 1408 18 43 6553 1246 2550 4680 3540 200 2150 75 76 17.1 8 5916 45 1 113 99 106 45
0 2308 1336 295 22 46 1202 942 8530 8530 3644 616 1576 56 64 14.9 25 7114 37 1 24 25 30 21
1 5785 2690 499 26 62 4005 1886 3640 7410 4748 690 2009 90 95 17.4 16 11878 58 1 141 125 73 16
1 2968 2297 1610 13 47 7368 1128 2310 5834 2744 600 2000 79 83 17 24 6310 42 1 130 125 149 6
1 4345 3245 2604 15 85 5584 3101 780 7860 3360 600 1700 65 75 18.2 21 3605 10 2 83 82 104 50
0 1616 1427 434 20 43 1405 580 13125 13125 3775 500 1300 74 89 15.9 22 7364 62 3 28 18 35 0
0 878 816 200 16 41 706 62 8740 8740 3363 550 1700 62 68 11.6 29 7718 48 3 16 9 24 2
1 4743 3970 2233 32 63 13436 2582 1737 5173 3526 765 3176 86 90 11.5 11 10244 44 2 286 225 236 24
0 1754 1465 505 24 49 2159 211 13712 13712 6408 526 1100 90 96 9.3 18 12751 75 2 123 141 104 6
1 1351 892 570 18 78 2385 331 2220 4440 3030 300 600 72 72 18.9 8 5883 51 1 57 33 35 2
1 3150 2289 650 16 51 3598 234 2650 6840 4660 500 1000 71 75 15.1 17 6436 59 1 78 63 52 9
0 3466 2330 640 20 60 3095 1533 13800 13800 5510 630 850 87 87 17.5 20 10941 82 1 48 84 56 10
0 8256 3750 1522 37 70 5809 4379 11100 11000 5160 660 1115 90 95 13.8 10 10059 62 1 187 124 77 3
1 6277 6003 3526 33 63 16454 3171 2055 5595 3145 500 2070 86 92 15.1 48 6813 53 2 436 344 316 31
0 4856 2492 727 46 75 2649 25 19510 19510 5565 500 750 95 98 10.5 45 15494 93 3 78 61 56 3
0 602 498 215 26 58 795 74 13470 13470 5515 500 850 78 91 11.1 48 13957 72 3 18 27 23 3
0 2432 1730 563 20 63 2578 254 12370 12370 6800 500 1800 92 92 13.6 25 10062 79 1 45 74 50 3
0 467 424 350 16 40 1365 334 6300 6300 2980 700 2140 75 79 13.7 10 7054 38 1 39 11 25 9
1 7693 5815 2328 30 66 12594 3661 3196 8074 3522 495 2941 84 88 16.9 18 8246 63 2 417 335 194 60
0 682 535 204 22 43 771 611 9500 9500 3540 400 750 26 58 2.5 10 7683 57 3 10 21 21 15
0 325 260 86 21 47 699 717 9600 9600 4202 450 750 39 69 10.5 15 7164 68 3 8 10 20 24
0 462 402 146 36 68 527 41 14500 14500 6000 500 600 91 99 6.5 48 18953 61 3 28 26 11 0
0 2324 1319 370 52 81 1686 35 16560 16560 5140 558 1152 91 93 10.5 30 16196 79 3 49 42 33 15
0 1005 859 298 36 55 1075 43 14850 14850 4460 450 420 97 97 12.7 37 12067 80 3 36 20 16 2
0 647 518 271 17 43 1014 387 9140 9140 3365 500 2245 51 65 10.7 31 8050 73 3 10 23 28 10
0 1631 1431 434 15 36 1803 603 11150 11150 5130 550 1260 78 92 13.3 24 8543 67 1 31 53 53 0
1 3325 2047 1301 20 45 5800 872 2200 4200 2700 300 1200 53 60 20.2 18 5318 58 3 118 73 85 17
0 876 802 367 14 35 1263 118 10800 10800 3600 400 820 68 74 18.8 19 5081 78 1 28 23 27 3
0 427 385 143 18 38 581 533 12700 12700 5800 450 700 81 85 10.3 37 11758 84 3 9 20 14 1
0 2153 1580 321 56 84 1192 87 18432 18432 5616 520 660 93 97 10.2 28 14907 83 1 61 28 15 4
0 2115 1540 494 28 72 2993 347 12825 12825 4375 500 1500 85 85 12.2 16 10175 89 1 53 88 69 14
0 895 548 314 20 54 1174 50 5500 5500 3340 600 1600 68 76 16.1 13 6078 62 3 16 23 20 9
0 737 614 242 21 67 968 237 10425 10425 3975 500 1500 61 77 14.7 34 8693 76 3 23 25 15 9
0 1464 888 176 26 52 624 128 11200 11200 4208 500 1642 80 90 11.1 43 8317 51 3 12 14 19 4
0 632 620 222 14 24 702 501 9550 9550 3850 350 250 64 84 14.1 18 5922 58 3 11 16 16 7
0 1576 1110 274 24 55 992 112 8000 8000 3700 400 500 51 52 14.1 28 5807 51 3 9 20 22 1
0 4095 3079 1195 33 64 5064 660 8490 8490 3320 650 2400 81 93 14.8 23 9158 64 2 107 109 99 9
0 681 588 246 44 74 1058 73 10760 10760 6230 500 1200 85 93 13.4 26 8731 63 1 23 35 25 1
1 3100 2150 825 3 20 3234 941 1408 5542 3788 500 1300 75 79 15.7 20 4222 65 1 79 46 44 0
1 5042 2312 944 55 94 5167 902 3116 5391 5411 700 1000 81 87 14.4 6 8504 81 3 108 81 123 1
0 1681 1069 344 35 63 1235 30 16249 16249 5699 500 1998 84 92 13.6 29 11778 52 1 48 27 24 9
0 3712 2153 806 17 45 2677 714 12030 12030 6140 1000 500 63 73 12 33 8847 86 1 82 51 64 10
1 7663 6008 1735 18 51 7353 1674 6210 15516 4928 500 990 87 90 9.9 10 12646 79 2 175 174 115 0
0 404 400 169 28 48 797 100 6000 6000 3000 500 500 48 57 13.4 14 5557 61 3 8 25 15 3
0 5081 4040 1194 11 26 3768 1415 14220 14220 6000 500 1440 61 76 10.7 9 10625 66 1 76 131 111 3
1 2807 2589 1701 13 37 7000 1103 1454 3811 2190 500 1970 62 65 15 29 5084 67 1 132 67 122 44
0 8506 4168 1236 76 97 5544 192 17600 17600 6000 600 870 97 98 5 28 28457 96 2 203 177 161 8
0 780 628 198 7 20 545 42 11750 11750 2700 400 850 77 83 14 24 6475 76 3 9 11 10 5
0 202 184 122 19 42 537 101 8540 8540 3580 500 1400 61 80 8.8 32 8324 56 3 16 19 8 5
1 2197 1515 543 4 26 3089 2029 2663 6797 3900 500 1200 60 60 21 14 4469 40 1 81 44 30 13
1 4809 3089 1429 12 33 6162 871 740 6806 1780 600 1651 72 72 16.7 9 7090 44 1 68 106 116 15
0 2417 1843 426 36 70 1476 299 14190 14190 4400 500 750 65 68 12.8 25 9815 81 3 30 39 26 6
1 4350 2178 756 39 78 2997 736 2026 6490 4942 650 2102 75 80 17.6 30 5358 84 3 59 43 48 0
0 608 520 127 26 47 538 126 8080 8080 3920 500 1100 63 72 11.4 9 7703 44 3 8 15 19 2
0 497 423 215 27 57 895 429 7850 7850 3410 490 1700 54 58 13.8 24 7002 50 3 20 13 20 8
0 3495 1712 528 49 84 1915 123 18732 18732 6204 450 1024 94 96 11.5 49 15411 88 1 60 50 54 9
0 3356 1019 418 76 100 1490 8 19030 19030 5885 1495 875 93 96 11.2 52 20447 96 3 41 40 35 4
0 2753 1820 505 31 56 1801 45 18720 18720 5730 650 825 90 94 11.5 38 14980 85 3 50 56 40 7
0 1501 935 273 51 83 1059 34 12680 12680 4150 605 1440 91 92 15.3 42 7875 75 3 24 27 11 2
1 18114 15096 6180 23 57 26640 4120 4103 10658 3734 504 600 93 95 14 9 10520 71 2 949 494 350 47
0 1170 695 238 14 48 1170 429 7470 7470 4600 250 1400 74 75 15.3 23 6898 88 3 14 8 23 6
0 807 707 308 39 63 1198 605 8840 8840 2950 750 1290 74 82 13.1 31 6668 84 1 32 18 27 7
1 14438 12414 3816 12 39 16282 1940 2220 8566 3897 500 1400 88 92 16.7 15 10276 68 2 650 306 146 7
0 12229 8498 2477 45 71 13259 1429 17230 17230 6482 600 2210 90 94 11.4 10 17007 68 2 485 354 286 27
1 11651 8683 3023 50 90 18906 3242 1780 6680 4060 600 1020 80 89 23.1 15 7250 58 2 510 316 192 16
0 420 293 93 11 32 336 80 7950 7950 3750 600 2740 54 54 9.8 45 9754 48 3 7 16 11 3
0 1003 782 295 23 53 1144 160 16160 16160 6950 500 1200 74 81 8.9 33 14086 79 1 54 54 53 6
0 1209 750 265 19 54 820 159 11450 11450 5045 900 2500 72 75 11.4 13 9718 64 1 11 22 39 4
0 4471 2942 910 29 60 3674 493 11584 11584 5986 650 800 83 83 14.1 41 9131 92 1 51 86 95 5
0 1107 859 323 13 51 1452 402 11040 11040 4500 600 700 65 76 11.8 30 9034 66 1 25 41 52 3
0 860 811 366 22 56 1040 52 9900 9900 3075 300 1800 68 68 14.9 34 6357 68 3 9 16 27 6
0 633 468 284 10 27 823 963 6120 6120 2985 531 1830 25 25 27.6 4 6081 36 3 8 14 3 1
0 948 798 295 42 74 1120 15 11280 11280 4342 400 1150 81 95 13 33 11361 71 3 37 20 23 4
1 441 369 172 17 45 633 317 2700 6600 3680 600 400 46 46 15.1 4 5935 64 3 7 24 8 0
1 6986 2959 1918 25 60 12330 7152 1716 6618 4234 700 1600 80 98 22.2 9 6742 46 1 176 207 162 42
0 5152 4600 1685 36 71 7016 804 11610 11610 4760 600 1950 86 94 13.5 25 9982 77 2 94 238 151 0
1 2618 2288 1032 42 77 5524 414 3510 8127 3978 900 1200 82 82 17 25 7473 65 1 99 124 95 11
0 318 240 130 40 85 416 19 14900 14900 5550 600 500 93 98 8.3 42 13935 69 3 21 10 14 0
0 361 321 185 10 41 650 819 8842 8842 4782 600 1100 57 73 14.2 14 7022 52 3 11 12 21 0
1 11054 6397 3524 26 55 16502 21836 3171 8949 3744 714 2910 88 90 12.2 37 16122 45 2 785 468 271 12
1 5548 3563 1549 30 71 8909 506 2406 8124 4144 639 2385 83 89 22.7 10 7203 61 1 153 141 67 6
0 549 397 169 26 51 1343 1751 9250 9250 4550 425 1350 52 58 13.1 13 5925 61 1 26 13 27 12
0 1286 1005 363 16 37 1363 74 13900 13900 4300 500 900 75 81 14 32 8024 72 3 16 26 33 11
0 1660 1232 721 23 52 2885 537 7440 7440 3300 450 2200 70 78 18.1 12 7041 60 1 68 42 36 14
0 440 396 221 26 51 910 166 9420 9420 3730 600 1230 51 56 9.9 46 10270 72 3 37 19 28 0
1 4877 2798 814 13 48 4123 298 2650 6550 4420 620 1481 82 90 16.3 10 6442 66 1 93 65 54 15
0 7759 5588 1477 30 68 6362 1292 15925 15925 6507 400 300 89 90 13.4 24 10458 96 1 133 143 206 21
0 1368 1064 354 19 51 1687 677 10570 10570 5600 400 800 86 81 14.5 29 7908 66 3 29 40 36 1
0 13218 2042 1153 90 98 4540 146 19900 19900 5910 675 1575 91 96 8.4 54 28320 99 2 402 66 179 16
0 1756 1360 478 42 77 1911 626 14550 14550 4620 500 700 80 88 12.3 26 12851 56 2 93 81 73 11
1 2850 2044 1046 20 50 9260 1387 2392 4652 2470 500 500 78 99 18.7 23 5917 45 2 183 162 160 58
0 759 729 244 57 81 867 51 10900 10900 4450 500 1000 81 91 12.1 41 10219 70 3 18 25 18 2
0 2097 1915 695 34 61 2793 166 6900 6900 4200 617 781 67 75 14.4 20 8323 49 1 37 41 91 34
0 292 241 96 20 52 543 712 12200 12200 4600 650 950 87 90 11.2 32 8680 76 1 8 34 22 1
0 584 497 175 20 49 662 121 8000 8000 4150 500 1300 57 65 11.3 32 7058 62 3 17 18 11 5
0 4576 3565 1000 16 36 4384 1530 12000 12000 6484 650 1000 81 84 14.4 15 10080 64 1 98 110 101 13
0 1658 1327 395 49 80 1595 159 14800 14800 4620 400 790 91 94 13.3 37 10779 68 3 69 43 28 4
0 167 130 46 16 50 199 676 11428 11428 5084 450 475 67 76 8.3 43 10291 67 3 8 9 12 3
1 3580 2603 1627 36 69 11028 2411 1460 4460 3038 687 1281 85 87 11.8 6 12833 54 2 442 285 272 100
0 1769 1092 437 41 80 1757 81 10965 10965 4000 450 1250 60 61 14.2 32 8294 98 3 36 31 25 3
0 3140 1783 454 40 82 1646 24 19700 19700 5050 300 800 91 96 9.6 60 17761 91 3 46 37 54 12
0 5892 2718 756 46 72 2854 594 14500 14500 3285 700 1125 75 89 11.7 32 11984 100 1 80 70 72 0
0 499 441 199 26 52 846 377 11200 11200 7400 600 1300 66 79 6.8 50 10819 90 3 13 31 25 2
0 2220 1796 467 65 99 1919 334 10320 10320 4762 450 650 68 100 14.2 20 7788 65 1 39 43 24 2
0 6548 3813 862 49 85 3316 31 18550 18550 4750 800 1200 95 97 14.2 36 13675 93 1 84 85 73 1
0 335 284 132 28 69 534 216 10475 10475 6300 500 2000 68 68 11.2 46 9599 60 3 9 15 17 3
0 2519 1836 462 30 61 1656 352 16975 16975 4565 600 850 76 86 12.8 39 10888 83 3 36 31 37 2
0 1496 1205 428 26 57 1648 936 12888 12888 4440 420 840 62 68 13.9 30 8802 87 3 22 42 56 10
0 979 638 271 31 70 968 20 16880 16880 3970 920 1320 91 94 10.7 19 15687 77 3 26 22 24 5
0 3768 2662 753 42 64 3558 436 13592 13592 5916 545 1328 84 88 14.2 10 11677 84 1 130 90 83 3
0 2799 2573 839 34 65 3322 726 13420 13420 4770 560 1675 88 93 15 24 9473 77 1 101 61 107 16
0 674 565 282 25 54 1151 39 12200 12200 4070 400 1200 73 82 14.2 32 9226 66 3 35 18 13 5
1 2336 1725 1043 10 27 5438 4058 864 4752 3040 508 1463 48 82 18.4 12 5879 26 1 82 81 91 64
0 4301 3455 1166 41 69 4892 387 12772 12772 5078 576 1802 74 88 13.5 17 12726 72 2 158 154 135 5
1 3281 2559 1448 19 43 10975 8431 1206 4422 2780 500 2850 73 73 21 4 4696 29 2 185 224 137 0
0 662 553 184 20 43 665 37 10720 10720 4050 600 1650 66 70 12.5 20 7925 62 3 17 17 12 4
0 700 650 314 33 66 1065 48 8730 8730 3523 500 750 82 92 13.2 35 9303 67 3 26 23 31 2
1 1455 1064 452 1 16 2632 617 740 6806 2550 350 766 75 75 15.1 10 6972 24 1 27 72 50 4
0 528 403 186 22 56 1168 145 9216 9216 4191 400 1000 56 64 12.1 13 7309 75 3 30 23 24 1
0 417 349 137 60 89 510 63 12960 12960 5450 450 875 92 97 7.7 37 19016 59 3 19 24 19 4
1 535 502 223 6 20 959 150 3168 7320 4640 500 600 48 65 12.6 15 7114 51 3 18 22 17 0
0 1886 1524 526 31 67 2523 296 13000 13000 4450 600 2400 78 90 14.7 32 9553 69 1 49 83 96 23
1 2225 1910 1190 29 55 5968 955 1580 4738 3110 700 940 72 76 20.2 27 5972 52 1 95 101 101 7
1 9239 7788 3290 35 39 13606 807 3740 8856 3960 500 1382 81 89 17.6 20 7846 85 2 258 225 219 60
0 1732 1425 472 37 75 1830 110 16548 16548 5406 500 600 82 88 11.3 31 10932 73 1 46 25 36 6
0 785 647 295 15 65 1670 726 10860 10860 4624 600 794 87 100 13.7 15 8953 55 1 22 78 53 6
1 368 344 212 5 27 863 189 1606 4286 2570 600 2000 39 41 14.9 25 4958 40 3 12 14 16 6
0 1489 1313 375 13 45 1688 131 10456 10456 4927 500 1050 91 91 17.7 32 9828 78 1 56 51 43 4
0 3315 1096 425 68 93 1584 3 13750 13750 4619 680 1115 81 96 9.6 45 15736 90 3 84 30 24 0
0 776 607 198 25 58 791 764 14340 14340 5285 500 1000 58 83 11.7 39 10961 74 3 14 17 29 0
1 4144 3379 1853 18 52 10135 1448 2291 6197 2930 595 2380 78 82 16.3 26 6333 77 1 155 152 226 89
1 3121 2446 822 5 19 3480 776 2590 7870 4157 500 1150 73 73 16.1 13 6195 61 3 61 46 40 2
0 1457 1045 345 27 50 1109 502 14990 14990 4980 450 550 77 98 21.5 21 7502 64 3 13 24 26 0
1 12445 8836 3623 54 85 24470 3286 1820 7090 4180 630 1530 88 97 13.4 20 14737 66 2 981 721 510 49
0 2096 1512 465 27 59 1442 166 16130 16130 4710 400 800 83 86 13.9 37 10554 90 3 25 26 33 5
0 261 192 111 15 36 453 266 9690 9690 4300 500 500 57 77 9.7 35 9337 71 3 9 9 14 0
0 659 557 167 47 74 532 35 10485 10485 3840 475 1246 76 80 13.5 47 7527 67 3 19 5 14 2
1 4681 4101 1436 10 35 8094 1596 2310 4620 3288 300 2250 69 80 19.7 4 5501 50 1 158 103 135 53
0 845 734 254 5 21 662 351 7600 7600 3800 600 1200 59 74 19 40 5096 39 3 6 7 14 0
0 848 587 298 25 55 935 184 6060 6060 3070 600 1300 62 66 17.7 13 5391 49 3 12 11 16 7
0 831 538 224 15 35 840 325 5170 5170 3430 600 1590 61 61 16.1 10 5531 60 3 15 9 16 2
1 4418 2737 2049 23 51 14047 5134 672 4104 3579 450 1700 86 94 22.6 6 5657 35 2 249 203 234 5
0 1549 1392 587 38 72 2269 85 13240 13240 3560 600 400 73 85 13.8 38 8949 77 3 63 26 50 16
0 838 651 159 11 25 654 162 8640 8640 3700 400 1915 62 62 12.2 13 7634 48 3 23 9 15 2
0 2227 1790 437 27 54 1460 239 13425 13425 4425 450 1200 85 89 13 26 9405 72 3 27 37 28 0
1 950 713 351 42 72 1276 9 14320 14320 5304 490 1410 77 77 14.9 17 8837 87 3 30 19 22 3
1 15849 5384 2678 74 95 11278 114 3724 12212 3792 500 1000 90 92 9.5 22 13597 95 2 445 277 201 18
1 7473 5372 3013 27 53 15749 3237 1830 5764 3262 750 3300 86 92 16.5 22 8612 53 2 535 325 202 65
0 1011 829 410 9 33 1059 2458 9000 9000 3100 450 1413 77 78 12.4 7 11178 42 3 25 29 36 3
0 2057 1807 828 26 53 4106 982 11712 11712 4037 500 800 80 80 13.8 13 8546 89 1 31 104 146 29
0 2421 2109 820 27 57 3168 392 11700 11700 5550 600 450 89 90 14.5 28 7738 89 1 59 56 74 14
0 6756 1930 871 78 96 3376 55 18624 18624 6664 550 300 97 98 5.9 21 30639 99 2 477 185 199 11
0 12394 5232 2464 85 100 9205 531 17020 17020 7270 500 1544 95 96 6.3 38 25765 93 2 541 240 212 0
0 13789 3893 1583 90 98 6188 53 18590 18590 5950 625 1162 95 96 5 44 27206 97 2 330 149 141 0
1 9167 7191 2738 24 53 15739 4278 2785 6940 4100 500 1700 80 84 24.7 11 5983 55 2 285 233 189 24
0 1154 1050 395 12 31 2192 1423 10560 10560 4520 500 1200 36 48 14.3 10 7701 61 1 37 20 29 52
0 486 440 227 19 48 903 59 9650 9650 3800 600 1300 46 65 11.4 29 10188 82 3 26 13 15 13
1 1458 874 588 56 86 1846 154 3330 9843 3180 600 1500 74 78 14.6 16 6716 51 3 27 23 45 17
0 576 558 137 11 39 662 131 10430 10430 3620 400 1500 85 98 16.5 18 8767 45 3 19 23 14 2
0 605 405 284 24 53 961 99 6398 6398 3672 400 1350 68 68 13.3 19 8118 75 3 23 22 10 3
0 3646 2300 585 25 69 2022 926 12170 12170 6172 480 800 79 79 13 30 7495 97 3 24 56 36 0
0 3934 2735 886 40 70 3698 217 13600 13600 5940 630 1820 93 96 15.6 13 10813 66 1 105 72 76 12
0 1444 1261 456 29 62 1788 95 11910 11910 4378 450 965 60 77 11.4 25 8149 75 3 34 38 46 6
0 2373 956 452 77 96 1601 6 17295 17295 5070 600 1011 95 97 12 46 17581 94 3 60 34 32 4
1 11023 8298 3183 21 54 14861 1310 3552 7629 4095 550 2300 79 87 20.4 13 8811 64 2 248 241 192 4
0 6411 2140 1078 96 99 4481 28 20100 20100 5975 725 1600 99 99 10.1 35 33541 94 2 583 177 164 36
1 2119 1264 390 5 33 2478 1441 2650 6550 4760 1125 1362 80 100 14.9 8 8170 46 3 29 52 28 0
1 5659 4761 3147 10 31 8596 1949 2802 6892 3706 600 2500 72 76 16.6 8 6996 40 2 248 133 151 16
0 2075 1727 520 49 81 2501 198 11800 11800 3260 500 800 87 89 14.2 23 9681 95 1 67 58 74 5
0 665 462 226 17 44 1739 1550 9160 9160 4340 500 500 68 68 20.6 14 6951 48 1 28 29 55 0
0 1267 1080 385 44 73 1306 28 12572 12572 4552 400 400 79 87 15.3 32 9305 68 3 25 27 21 2
0 353 340 103 17 45 416 230 13290 13290 5720 500 1500 90 93 11.5 26 8861 63 3 9 7 5 3
0 1597 969 226 16 38 1431 1522 13540 13540 5050 630 2298 66 68 14.1 23 10139 47 1 41 28 41 0
0 1428 1097 336 22 50 1036 99 11250 11250 3750 400 1165 53 66 12.9 30 8735 54 3 37 8 14 7
0 434 321 141 28 53 624 269 10950 10950 4600 550 950 79 82 12.9 30 9264 81 3 10 25 34 3
1 4777 3057 1823 16 33 9844 6198 2180 6540 3600 530 2440 84 92 11.1 24 10207 31 2 276 208 169 12
1 1801 1655 819 13 38 3224 436 2920 5840 3138 400 2430 76 76 19.1 8 5039 43 3 64 37 40 25
1 15039 9649 3087 36 100 13963 3124 2650 6550 4731 708 957 90 97 13.6 15 11177 56 2 400 338 218 9
0 571 461 174 10 26 645 283 10850 10850 3670 400 1159 58 60 12.8 19 7505 56 3 14 18 11 0
0 592 501 279 19 44 1204 392 6400 6400 3484 600 1800 80 83 14.5 10 7936 43 3 42 30 15 9
0 13594 7244 2505 70 86 12408 2814 17748 17748 7262 450 1000 87 98 7.8 16 21227 71 2 532 337 252 42
0 2362 2037 700 40 68 2607 148 13130 13130 4650 500 1600 77 81 10.9 29 9511 83 1 72 66 77 3
0 1910 1380 463 16 64 1715 106 13030 13030 5860 500 750 79 88 14.5 34 10190 84 3 33 38 46 0
0 857 772 376 25 58 1721 470 6720 6720 3250 450 1520 77 82 13.9 33 6881 82 3 26 30 31 16
0 599 494 224 8 28 1035 446 10518 10518 6250 300 300 59 76 16.5 36 7117 71 3 15 5 18 3
0 740 558 177 12 29 628 63 9620 9620 3750 550 950 49 55 10.8 33 10642 59 3 13 9 16 31
1 1660 1091 326 15 41 1196 33 3020 4818 3400 350 1400 71 72 12.6 8 10912 45 3 22 26 18 12
0 805 588 287 67 88 1376 207 11660 11660 4325 400 900 74 79 14 34 8649 72 3 34 25 27 3
0 4010 2402 572 36 59 2018 226 18730 18730 5740 600 1000 93 96 10.5 38 15365 92 3 37 62 71 8
0 922 729 244 37 66 1000 275 14067 14067 4560 400 1000 75 95 10.6 34 12165 79 3 28 22 20 11
0 4302 992 418 83 96 1593 5 19760 19760 5300 660 1598 93 98 8.4 63 21424 100 3 87 23 43 0
0 1721 1068 806 35 75 3128 213 5504 5504 3528 700 910 71 77 17.7 37 6466 73 3 80 46 41 8
0 4076 3137 738 25 54 3010 184 12990 12990 6300 600 900 86 88 14.7 27 9448 80 1 50 76 89 5
0 1334 1243 568 30 56 1946 95 12140 12140 4450 425 1100 74 78 15.1 36 8595 88 3 15 45 42 7
1 9274 6362 2435 14 44 13171 1687 764 7248 3240 500 1700 74 78 13.2 18 9002 58 1 189 187 261 11
1 1800 1253 560 44 85 3876 3588 1732 6634 4360 600 2604 82 85 17.8 14 6104 47 3 73 81 57 19
0 1487 1276 388 26 51 1417 1646 11120 11120 4080 525 1405 55 56 11.1 23 6735 69 1 16 38 52 19
0 979 743 259 25 46 1188 166 10100 10100 4000 400 1000 88 92 12 20 8539 66 3 47 26 17 1
0 437 400 211 13 35 614 271 8990 8990 3064 500 1700 73 73 14.8 7 7881 48 3 7 12 15 2
0 1096 951 464 27 62 1776 239 8150 8150 3150 400 500 61 62 13.6 16 6716 67 3 32 33 41 11
0 1121 926 372 43 70 1270 160 12660 12660 4500 678 2424 80 80 16.9 20 8328 80 3 26 39 18 10
0 3821 2037 680 86 96 2488 625 18200 18200 6770 500 700 95 98 11.6 13 16185 66 1 130 72 22 7
0 313 228 137 10 30 552 67 9414 9414 4554 500 1700 34 55 10.6 30 7840 56 3 10 12 6 1
0 380 237 104 30 56 716 1108 11000 11000 5550 500 500 36 41 7.8 22 7483 96 3 13 18 51 16
0 1339 1107 336 12 36 1051 82 9400 9400 4200 500 1600 53 58 12.5 9 7967 22 3 27 21 16 5
0 2694 1579 489 75 93 1870 12 19292 19292 3957 550 550 81 93 10.4 60 17960 91 3 68 36 45 4
0 1321 1159 328 15 36 1243 79 12850 12850 6200 550 900 77 82 12.8 36 8536 80 3 14 29 34 4
0 6397 4304 1092 40 84 4298 132 18700 18700 5580 750 1130 96 99 12.5 43 14665 91 2 216 118 77 4
0 6075 5349 2367 34 66 9919 484 6450 6450 3920 600 1346 71 76 18.5 38 7503 72 2 226 131 103 7
0 379 324 107 15 37 500 311 9990 9990 4900 400 600 44 47 12.1 26 4948 33 3 6 11 13 4
0 392 351 155 16 44 738 430 10260 10260 3597 600 1500 39 66 13.1 26 8355 58 3 16 13 28 3
0 817 644 307 20 40 945 1 13218 13218 4773 660 600 95 97 13.3 53 12263 69 3 28 28 13 0
0 8766 5498 1243 56 75 5071 438 17840 17840 6582 500 882 93 99 5.9 23 26037 80 2 252 130 110 7
1 3793 2341 1238 9 24 7732 9054 2154 6744 2655 720 3450 87 89 19 10 7762 34 2 258 254 241 40
1 4217 3100 1686 17 46 9375 5457 672 4104 5376 452 1200 94 100 25.3 3 4329 50 1 61 120 108 6
0 4996 4165 936 53 82 4291 16 17475 17475 5976 1230 1100 94 98 15.4 21 15605 70 2 190 118 61 0
0 2095 1553 514 15 40 1873 94 12950 12950 5400 450 1120 70 82 14.5 29 6719 97 3 16 35 51 7
0 7791 4690 1499 71 92 5500 90 17865 17865 6525 630 952 93 98 5.8 26 23850 83 2 289 160 177 9
0 150 130 88 23 50 341 768 10300 10300 4130 500 1700 44 58 10.2 37 9678 75 3 11 11 18 4
1 944 774 440 14 34 2174 529 628 6360 2760 550 1498 77 77 15 5 6443 48 1 49 32 31 2
1 3844 3383 1669 26 47 7524 804 1996 4916 3810 600 550 81 86 20.3 14 6971 53 2 138 111 158 29
0 212 197 91 28 56 471 148 13500 13500 5230 400 850 95 98 9.3 37 16095 52 3 13 12 16 2
1 6118 5254 3204 15 37 13131 3374 2370 4740 2590 500 1360 70 75 19.9 11 4632 56 1 247 151 180 43
0 1202 1054 326 18 44 1410 299 13404 13404 5160 450 1050 78 86 15.6 30 9114 65 3 32 22 29 5
0 601 503 204 28 57 671 11 13000 13000 4100 400 460 91 91 11.6 43 11087 56 3 20 12 11 1
0 933 800 444 18 45 1691 72 12247 12247 4081 500 600 76 85 12 38 9853 70 3 37 44 38 6
0 917 720 213 21 60 979 743 8820 8820 4050 600 2025 68 83 10.5 34 7170 50 3 15 25 35 4
0 1709 1385 634 36 72 2281 50 14125 14125 3600 400 700 79 89 12.5 58 9907 80 3 59 47 44 12
0 587 479 158 38 62 678 41 13500 13500 3335 500 675 67 73 9.4 11 9727 55 3 16 20 19 1
0 619 516 219 20 51 1251 767 11208 11208 4124 350 1615 55 65 12.7 25 6584 65 3 27 32 27 4
0 213 155 75 28 66 504 147 7200 7200 3532 550 1500 56 56 11.8 12 7818 52 3 16 10 10 3
0 861 609 215 10 27 1117 815 8650 8650 5700 500 1750 69 73 16.1 13 6534 67 3 18 16 26 3
0 1399 1026 308 44 77 1131 17 14900 14900 5160 500 800 82 85 11.6 40 12082 79 3 32 28 29 2
1 2409 1939 759 17 50 3819 1347 2284 6900 2800 475 1200 81 89 22.2 1 5968 46 1 52 55 35 3
0 586 533 239 16 36 950 228 10520 10520 3678 500 1000 48 68 13 32 8111 56 3 20 29 16 1
0 1680 1395 691 34 76 2959 402 8236 8236 3700 569 1650 74 75 14.7 17 9533 61 1 83 46 77 9
1 8631 6732 2546 25 61 11669 1605 3090 10602 3660 570 1530 79 87 19.7 13 8020 54 2 240 182 152 89
0 484 386 141 6 28 590 1196 9870 9870 4860 600 1100 59 59 12.2 19 6744 81 1 12 29 18 7
0 1283 1113 401 31 65 1355 40 10938 10938 3660 650 600 76 90 13.5 29 8444 67 3 23 36 22 8
1 6540 5839 2440 31 70 14445 1344 2907 8200 4210 800 2719 84 87 16.9 30 10912 56 2 337 281 279 62
0 758 681 484 35 59 1707 705 5390 5390 3140 515 1290 63 71 15.1 18 5511 50 3 22 33 42 5
0 2848 1319 456 58 84 1720 35 18930 18930 5590 500 1000 83 94 10.2 41 15954 91 3 43 33 60 4
0 935 858 345 22 50 1127 754 9490 9490 4100 500 1500 60 79 10.7 21 7519 79 3 15 31 33 9
0 4019 2779 888 40 73 3891 128 13584 13584 5928 630 1278 88 92 13.9 19 10872 100 1 85 117 90 0
0 798 620 238 14 41 1165 1232 9800 9800 4430 400 1150 46 46 11.1 35 6889 100 3 10 21 52 17
0 792 649 186 56 87 769 377 12900 12900 4340 600 4110 91 95 13.1 27 8568 67 3 21 9 10 0
0 910 773 450 31 73 1310 61 6530 6530 2800 500 1500 63 67 13.3 10 6413 65 3 36 14 28 19
1 4192 3126 1656 15 45 5887 1254 2994 8828 3474 753 2610 79 91 19 11 6393 53 1 90 112 72 11
0 247 189 100 19 49 309 639 11412 11412 6430 500 900 89 93 8.3 37 11806 96 3 12 12 21 2
0 1690 1366 662 30 61 2718 1460 10995 10995 4410 1000 1000 68 74 17.6 20 8086 85 3 74 39 35 0
0 723 652 361 10 30 951 706 7800 7800 4000 350 1500 36 44 22 4 4923 84 3 12 13 18 6
0 1756 1500 366 3 21 1524 280 12450 12450 5400 450 870 62 66 12.4 24 8832 70 1 49 36 37 3
1 6574 4637 2940 32 62 14782 1583 3030 9057 3485 600 1983 87 87 12.7 15 10145 58 2 336 256 244 63
1 434 412 319 10 30 1376 237 1681 4486 2146 600 2000 50 64 16.5 28 4525 46 3 9 14 33 13
1 1401 1239 605 10 34 3716 675 1644 7100 4380 540 2948 63 88 19.4 0 5389 36 1 47 45 63 15
1 233 233 153 5 12 658 58 1680 4486 2516 600 1900 68 68 15.7 11 6971 51 3 9 4 21 3
1 3330 2730 1303 15 36 6706 2640 1800 5800 3000 600 2200 73 75 14 9 9825 42 1 129 124 165 68
0 627 556 172 16 40 777 538 9925 9925 4135 750 1350 59 67 22.4 11 6523 48 3 19 15 11 3
0 510 387 194 20 46 771 53 10310 10310 4530 400 800 57 61 14.3 16 8222 60 3 27 11 15 4
1 5549 3583 853 9 40 5004 475 2650 6550 4176 600 1380 80 90 17.9 16 6174 65 1 107 76 71 1
1 16587 13243 5873 25 72 24763 2717 2984 9766 3990 600 2000 77 88 21.3 24 8686 68 2 624 344 305 1
0 2100 1883 553 29 65 1704 1 16240 16240 4690 500 500 84 96 11.1 43 14140 69 3 52 24 44 2
0 1307 1090 616 25 55 2196 82 7344 7344 4410 570 1000 50 52 15.3 34 6897 64 3 32 37 60 3
1 6773 3028 1025 15 55 5847 946 3086 7844 2948 500 1680 66 68 18 19 7041 75 1 98 109 131 10
0 1445 966 326 46 83 1129 24 15350 15350 4080 450 810 89 93 10.3 52 18784 82 3 53 20 18 6
0 10477 7260 2442 28 67 10142 117 15150 15150 6870 635 960 73 84 11.3 13 14231 67 2 371 301 205 10
0 897 718 276 12 48 1345 390 10450 10450 4020 500 1500 56 56 14.1 16 7444 70 3 29 15 44 8
0 1183 1016 411 42 82 1922 704 12669 12669 4875 600 1250 83 85 16.8 20 10368 66 1 50 48 34 7
1 833 669 279 3 13 1224 345 3312 7656 4690 500 624 80 91 14.4 15 6564 36 3 14 21 29 2
1 1563 1005 240 1 19 1380 136 1408 5542 4330 500 1000 65 71 14.2 17 6562 57 3 34 34 21 2
0 1320 923 284 26 54 1085 81 16304 16304 3616 355 715 87 95 11.1 26 12957 69 3 42 15 22 1
1 5191 4134 1500 15 44 7532 1847 931 8677 3505 600 1300 75 94 15.5 17 7392 53 2 140 178 135 8
1 5891 4931 1973 23 48 11249 2682 1828 6746 3728 620 2342 78 83 21.7 7 6157 41 2 173 192 175 33
0 817 708 262 22 52 935 37 9376 9376 3272 500 1902 57 63 13 17 7335 52 3 19 19 24 4
0 1611 960 342 27 60 1089 210 13850 13850 3920 470 810 80 97 13.2 30 10223 96 3 27 18 19 5
0 1004 802 239 23 63 909 51 10440 10440 3850 525 1450 63 72 11.8 20 7940 64 3 24 22 17 11
1 5996 4993 3079 29 57 16269 3757 2625 5925 2980 600 2242 83 87 15.9 11 6741 37 2 561 387 313 178
0 1305 1100 334 42 64 1098 151 16260 16260 4005 300 500 91 91 12.1 40 10162 86 3 33 29 18 7
0 3847 3433 527 9 35 1010 12 9384 9384 4840 600 500 22 47 14.3 20 7697 118 3 8 13 21 3
1 7313 4664 1910 20 63 9940 1035 740 6806 2540 96 2000 83 96 18.3 14 5854 70 1 249 117 113 19
0 765 646 226 30 60 809 32 8578 8578 4408 700 1600 79 88 13.9 51 8061 82 3 18 19 14 3
1 1877 1826 823 49 77 3926 561 3030 9057 3600 700 1435 88 88 14.4 23 9699 49 2 114 79 56 4
0 540 445 165 23 70 1115 111 7210 7210 3600 500 2000 62 65 13.2 18 7356 58 3 16 17 17 5
0 1650 1471 409 7 21 1803 1116 8994 8994 5500 498 2065 74 97 15.4 15 8409 59 1 54 42 29 6
0 2459 1997 582 36 66 2664 299 16320 16320 5326 646 1171 87 94 11.2 14 13706 65 1 172 92 100 10
0 1092 890 477 27 92 847 497 8670 8670 4180 500 1450 42 58 11.3 33 5738 68 3 17 19 10 0
0 7178 3755 1433 25 63 4623 740 7161 7161 3518 600 2000 60 64 14 9 6791 70 1 45 86 134 13
0 838 673 292 22 53 881 55 10265 10265 4725 560 875 68 73 13.2 24 8655 82 3 22 15 21 4
0 283 201 97 10 45 589 263 8400 8400 2800 600 900 50 56 10.6 40 6860 89 3 15 22 26 3
0 372 362 181 15 32 1501 353 8600 8600 3550 385 665 48 48 15.4 9 10938 49 3 22 15 19 6
1 2442 2164 1189 12 37 5983 1075 2134 4426 2664 600 1000 76 81 18.1 19 4795 60 1 131 65 120 29
0 812 689 195 7 24 646 84 8242 8242 4230 600 1295 77 77 12.7 11 10090 52 3 10 13 20 2
0 1747 1382 449 34 66 1662 960 13050 13050 4000 500 800 64 69 12.1 27 9557 83 1 54 36 57 11
0 458 369 165 16 42 1057 355 11190 11190 4800 450 1230 60 60 13.6 22 8135 54 1 19 17 17 4
1 8579 5561 3681 25 50 17880 1673 1650 6994 3384 700 2681 88 94 13.7 17 9657 57 2 474 297 204 6
1 883 766 428 3 37 2910 1749 2332 7860 4750 525 1889 80 82 21.2 16 4639 48 3 39 44 68 15
0 4892 3530 913 13 33 3906 1446 10690 10690 6790 570 1150 66 83 16 14 8107 66 1 42 81 59 10
0 465 361 176 19 39 879 156 12580 12580 4345 400 970 76 79 13.1 24 10889 74 3 23 18 18 2
0 2135 1700 491 23 59 1708 689 12000 12000 5920 500 500 93 93 13.8 30 7100 88 3 22 42 40 3
1 10634 7064 3176 39 78 16505 5481 874 8400 6540 600 1300 92 98 17.5 21 9670 62 2 463 345 200 12
0 4293 2728 591 25 62 2322 263 18710 18710 5970 500 700 87 92 12.7 29 14837 81 3 42 69 48 5
1 480 405 380 19 46 1673 1014 2244 4386 2217 600 1500 49 54 15.8 8 5704 63 1 33 5 44 30
0 1243 1020 414 33 60 2149 418 8678 8678 3858 700 1736 82 83 16.2 7 7651 72 1 58 57 49 5
1 967 945 459 15 48 2806 538 1812 4528 1880 500 1200 49 63 17.1 16 5113 58 1 60 32 47 36
0 2190 1700 458 36 65 1780 48 16732 16732 5650 550 550 93 93 12.1 32 12011 75 3 67 25 42 2
0 14446 10516 3252 22 57 14130 4522 3690 10220 4230 530 1300 82 87 18.3 15 10650 75 2 341 319 217 65
0 584 413 131 19 51 521 99 8955 8955 5900 500 1488 51 56 11.8 23 8545 52 3 12 8 8 12
0 1994 1656 495 50 80 1983 36 14300 14300 5020 550 950 78 94 11.1 31 11525 82 3 51 57 38 0
1 14901 10932 4631 36 80 23945 2200 2737 9096 4290 535 1545 93 96 11.5 20 11006 72 2 918 287 360 30
1 5318 3515 1025 8 29 7626 2091 2650 6550 4040 550 1230 71 78 18.7 12 7511 42 1 144 157 88 3
0 824 670 337 15 41 1160 653 9400 9400 3400 500 1100 37 37 8.4 21 5352 59 3 9 17 41 4
0 920 684 225 24 42 815 222 11200 11200 4250 600 950 55 60 14.8 19 7360 67 3 13 12 19 1
1 7888 3519 1036 6 40 5011 346 2650 6550 4680 630 1274 82 85 17.8 17 5563 53 1 85 76 66 0
0 1262 1102 276 14 40 978 98 9456 9456 4350 468 1323 53 53 12.8 24 7603 65 3 23 28 10 3
0 696 616 169 35 66 653 56 13970 13970 6110 370 920 88 97 9.2 24 16358 68 3 17 28 18 2
0 1239 1017 383 10 34 1207 157 7820 7820 3400 550 1550 69 81 13.9 8 7264 91 3 23 25 24 7
0 457 356 177 35 61 667 1983 11180 11180 5620 600 700 64 64 11.5 32 7477 75 3 19 25 29 3
0 1758 1485 419 27 58 2041 174 12040 12040 4100 600 1100 92 96 13.2 17 9060 72 1 26 57 42 2
0 1566 1400 483 28 55 1509 170 14200 14200 3775 450 1100 58 81 16.4 42 8080 67 3 25 22 24 3
0 699 565 176 36 64 710 399 13960 13960 6040 450 690 82 88 14.4 34 12434 72 1 14 21 40 1
0 440 407 149 35 70 643 80 12050 12050 3700 500 900 63 76 10.2 31 10965 75 3 12 31 23 3
1 701 501 458 10 40 959 457 1432 2580 2624 500 900 48 100 20.1 24 4870 44 3 14 8 19 9
0 1712 1557 696 41 68 2936 433 11750 11750 4160 1200 2350 94 96 11.5 10 11743 47 1 84 108 73 20
0 461 381 174 10 43 738 55 9600 9600 4550 600 750 55 94 13.3 43 7863 51 3 15 8 19 0
1 1584 1456 891 6 18 3471 911 1434 5016 3798 540 2256 48 48 28.8 12 3871 59 3 49 31 37 7
0 1465 810 313 71 95 1088 16 18165 18165 6750 500 1200 100 100 12.3 49 17449 89 1 65 23 20 3
0 450 430 125 20 46 488 43 9950 9950 3920 300 1300 76 76 11.8 25 9466 47 3 11 11 13 3
0 1422 1109 366 33 65 1363 23 15360 15360 4080 600 1000 82 89 12.8 26 15003 59 3 32 18 37 0
0 12289 5200 1902 85 98 7450 45 16404 16404 5520 759 1585 96 100 6.8 25 26385 92 2 460 209 203 0
0 2306 1721 538 23 48 4309 549 13226 13226 6452 750 2450 86 86 13.6 8 10074 62 1 129 59 80 19
0 727 693 286 30 55 1063 48 8000 8100 3950 550 550 73 76 13.3 28 7508 55 3 29 18 19 6
1 21804 18744 5874 29 60 26213 4065 2884 9556 3990 570 1060 86 86 18.2 15 8604 67 2 603 411 400 29
1 8065 5257 2301 37 65 11755 770 3036 8116 3610 800 1618 82 88 18 17 7597 73 2 296 224 191 42
0 3579 2959 868 25 55 5244 3417 11500 11500 5330 700 2000 94 95 6.2 15 13009 65 2 164 230 163 6
0 1959 1805 695 24 47 2849 1107 11520 11520 4960 600 1250 73 75 13.3 31 9189 83 1 58 75 78 19
0 3035 1546 438 42 93 1630 232 18740 18740 6300 600 500 86 95 10.7 40 14773 91 3 63 35 30 11
0 1784 1512 913 29 56 3401 136 10230 10230 3710 400 1210 75 81 14.8 41 7786 81 3 152 33 20 7
0 8474 3446 911 75 94 3566 1569 18800 18800 6740 500 1040 96 97 3.3 38 56233 90 2 330 110 160 52
0 1243 947 324 50 77 1129 74 17163 17163 3891 525 975 76 92 10.1 57 13965 77 3 42 28 31 3
0 2643 1611 465 36 80 2615 248 13332 13332 6354 630 1584 88 89 16.1 17 9619 78 1 38 55 42 0
1 529 481 243 22 47 1206 134 780 4860 3122 600 650 103 88 17.4 16 6415 43 3 15 15 8 0
0 1109 922 375 24 46 1115 70 13240 13240 3914 600 800 73 85 13.4 27 9333 73 3 19 19 28 3
0 1860 767 227 71 93 887 1 17000 17000 6010 500 850 99 99 9.6 52 18443 87 3 36 16 12 2
1 8681 6695 2408 10 35 15701 1823 2600 7799 3403 537 2605 77 84 21 16 5569 54 2 289 187 244 0
0 3596 2466 575 42 78 1944 46 19964 19964 4328 500 500 94 95 12.1 32 14720 83 3 38 65 28 20
0 1432 888 317 29 58 1121 493 10860 10860 5760 550 900 56 62 12.9 23 8604 96 3 9 22 48 5
1 6502 3539 1372 11 51 7484 1904 3086 7844 4108 400 2000 76 79 15.3 16 6773 52 1 136 163 176 8
0 2929 1834 622 20 56 2738 1662 12600 12600 5610 450 3160 90 90 15.1 9 9084 84 1 30 80 95 4
1 1164 1062 478 12 25 2138 227 1900 4470 2890 600 1210 33 33 16.3 10 4249 60 3 42 62 18 7
0 4784 3346 781 30 66 2984 1037 15000 15000 6200 700 1100 86 90 15.1 30 11220 94 1 62 43 81 6
0 245 208 125 23 46 544 436 11800 11800 4765 450 1700 71 71 11.3 21 8952 86 3 10 18 19 5
0 257 183 109 19 41 396 38 7850 7850 3410 400 1500 55 70 10 15 7233 53 3 8 5 8 3
1 910 910 342 14 53 1434 417 2050 7032 2780 550 1960 75 81 15.2 15 6490 36 1 42 26 19 5
0 823 721 274 52 87 954 6 8800 8800 3195 500 1200 82 99 13.1 26 8588 63 3 24 26 14 1
0 1771 1325 306 21 46 1071 27 13840 13840 3735 400 900 77 80 10.7 38 11080 74 3 22 30 21 6
0 604 562 328 25 50 1048 56 9800 9800 2650 450 2800 61 60 12.5 17 7325 87 3 30 14 16 12
0 2853 2193 753 16 34 2978 434 10750 10750 5340 400 1130 90 92 14.6 26 7972 64 1 57 73 51 0
0 1432 920 548 56 84 2200 56 11480 11480 4200 530 1400 81 83 12.7 40 11916 85 1 67 54 32 3
1 2088 957 362 6 29 2745 1938 3227 4449 4860 600 1655 74 95 17.8 8 7333 47 3 49 40 41 1
0 943 849 288 41 71 1041 35 14210 14210 3994 450 1100 76 76 10.9 22 11216 42 1 28 32 41 7
1 461 381 235 10 40 974 503 2700 6600 3630 400 1675 67 67 15.2 11 6408 35 3 15 19 25 4
0 672 596 278 29 60 1350 275 11844 11844 3696 450 1146 54 76 11.6 33 8996 72 3 14 31 50 18
0 502 384 104 11 28 347 74 6200 6200 2900 600 800 63 63 11.7 13 7623 35 3 9 4 9 5
0 938 864 511 29 62 1715 103 12247 12247 4221 500 600 70 88 13.1 26 8847 72 3 18 50 47 8
0 222 185 91 16 41 484 541 11010 11010 5208 550 500 58 78 10.4 26 9586 78 3 6 20 11 1
0 663 547 315 32 67 1279 75 10060 10060 2970 500 2600 74 80 11.2 19 7885 59 3 42 12 31 3
0 2161 1951 685 56 82 2371 175 13440 13440 4048 600 1250 92 95 13.5 28 12940 82 3 86 39 54 6
0 2994 1691 659 70 95 2675 22 18000 18000 6300 400 900 92 96 11.3 55 12138 95 3 44 84 54 4
0 874 758 428 21 46 1605 246 9858 9858 3700 450 1200 42 45 17.6 16 4796 55 3 20 18 26 4
0 880 520 224 16 42 1068 364 9300 9300 3260 600 900 81 81 11.1 24 8129 63 3 22 28 32 4
0 1013 888 288 55 82 943 7 11850 11850 4270 600 900 95 99 11.4 60 13118 74 3 27 21 21 4
0 8587 2273 1087 87 99 3918 32 19545 19545 6070 550 1100 95 99 4.7 49 29619 98 2 163 89 114 5
