-1.255203
0.3071166
-1.758648
1.096054
0.4486675
-0.2089666
0.1443903
-1.720744
-1.055681
-0.9697872
1.449945
0.8694268
1.162518
1.643638
0.2830824
-1.055681
0.3863091
1.324478
-1.001804
1.667269
0.4795231
1.356176
0.4175971
-0.2721919
-1.099256
-0.6122891
0.03534744
1.028585
0.05229752
-2.184336
-0.2812976
-0.05038153
0.04383052
-1.926722
1.749009
-0.762013
-0.8336397
-0.7925696
-1.621212
-0.1910654
-1.428563
0.6750508
0.3071166
0.7407872
2.575836
-0.622116
1.708326
0.4019805
2.949209
-0.4390041
-0.3640952
0.6529219
0.7984182
1.637710
0.6381082
-0.2359536
-1.523849
0.6455212
-0.4295715
-0.02448962
1.096054
0.4097956
-0.2089666
0.1856311
-1.165425
0.6603104
-1.165425
0.2830824
-0.200007
0.4019805
-0.2449856
0.7984182
-0.6319647
-0.6715777
0.4641219
-0.05038153
0.6008574
1.208462
-0.200007
-0.5829374
0.2911082
0.1609323
1.337184
0.9807432
0.2427358
0.4795231
-0.1201695
-1.440363
-1.232589
1.149304
-0.2721919
-0.7417574
1.40018
-0.641835
-1.499836
-1.346824
1.517478
1.517478
0.6529219
1.201928
1.062447
-0.392039
2.072555
0.01833278
-0.927452
0.7912549
0.5858696
1.529648
-0.8336397
-0.2721919
-0.8959617
-1.221325
0.02684821
1.182267
-0.5151909
0.3863091
0.6897427
0.7984182
-0.2179441
-0.2631047
-0.2812976
0.03534744
0.9045121
-0.6815361
0.9323833
0.1774133
-0.3363251
-1.143259
1.214987
-1.416794
0.3468884
-0.3548193
1.234505
-0.2904219
-1.939916
-0.08513923
-0.392039
-0.7518737
-0.7721753
-0.8855141
-0.875091
1.082641
0.5406023
-0.7015198
0.09439343
0.9669795
-0.4107658
-0.4390041
-0.3548193
-0.7015198
1.214987
-0.3548193
-1.535904
0.6455212
-0.1554768
-0.4579293
-0.05038153
0.5330129
1.001310
-1.132218
-1.733343
-0.1377883
2.236331
0.615795
0.8482425
-1.547991
-1.132218
0.001253058
2.220742
0.06918353
-0.392039
1.812199
0.02684821
1.028585
-0.2631047
0.4641219
1.523568
-0.1377883
-1.099256
0.3389623
1.541785
1.048933
-0.622116
1.749009
2.163111
1.021782
-0.731664
1.783587
-0.04173420
-0.9379982
-1.012528
-0.622116
0.1691804
0.4409201
-0.7925696
-0.06772657
0.9531731
0.009801084
0.7407872
-0.2812976
-1.198881
-0.2179441
-0.8336397
0.7116904
-0.7925696
-0.5634762
-0.5151909
0.05229752
-0.3271066
1.337184
0.1360963
-0.3179071
-0.5151909
0.6824028
-0.4674221
-1.523849
-0.4390041
0.8694268
-0.1201695
2.409309
1.368793
-0.1643474
1.221503
0.1774133
-0.8959617
-1.796877
-0.980434
-0.3548193
-0.1113862
0.7262625
-1.001804
-0.2995648
-0.5829374
1.902545
0.6529219
0.8694268
0.890511
-0.8028017
-1.584451
-2.087688
-0.05038153
-0.3179071
-0.5248063
0.4486675
0.2508343
0.3863091
1.055695
0.7768936
-0.5537773
1.517478
0.02684821
0.2101940
1.240992
0.1027652
-0.3271066
0.152669
-1.066535
1.142683
-0.762013
0.1691804
0.9807432
-0.392039
-0.7115453
1.292552
0.4641219
1.590005
-0.7518737
-0.8130574
0.1443903
0.8269573
-2.254674
1.499161
-1.621212
-1.110216
-0.8855141
-0.3271066
-0.1910654
-0.05904563
-1.440363
0.5101671
-1.088322
-1.720744
0.6676867
0.7043865
1.279718
0.9876092
-0.8233367
-0.2904219
1.035378
0.1027652
1.655469
-0.5926999
1.649557
1.273287
-0.6815361
1.349855
0.5557424
0.3230678
-0.1910654
0.7696957
-1.796877
0.9114962
1.122759
-1.464058
-0.5440994
-2.562820
-0.2721919
1.362489
-0.3087266
0.7480319
1.667269
-0.2359536
-1.511826
0.9669795
-0.9064338
0.2101940
0.7912549
-0.1821416
0.7189824
0.08600593
1.035378
0.5783569
-0.1377883
-0.1910654
2.404316
-0.4295715
0.2508343
-0.8130574
-1.966423
0.6306828
0.7116904
-0.7417574
0.08600593
1.425132
1.221503
1.062447
1.116097
-0.200007
0.5933698
-1.428563
0.5177954
-1.346824
-1.034052
0.152669
0.8055701
-0.2904219
-0.6715777
-0.1910654
-0.05038153
-0.2904219
-0.1466238
0.6529219
0.3626985
-1.381672
-1.012528
-0.864692
-1.966423
-1.221325
1.014968
-0.4201588
0.01833278
0.946254
1.096054
1.298956
0.6750508
-1.658277
0.06918353
-0.7518737
1.891351
-1.001804
-2.101368
0.0607485
0.02684821
0.2589182
-0.4107658
-1.913566
-0.5731962
0.9045121
1.553889
0.8269573
0.1360963
0.9944647
-0.05904563
-0.4295715
1.343524
1.924849
0.3548004
-2.198315
0.5481788
-0.6517273
0.3626985
-0.05904563
-0.8543172
-0.254036
-0.1113862
-0.5055962
0.3230678
1.349855
1.109426
-0.5151909
-0.8233367
1.069189
0.1360963
-0.6616415
-0.1643474
-0.9169305
-1.312246
0.3389623
1.480769
-0.06772657
2.741013
1.188830
0.3389623
-0.6815361
-0.5634762
0.2264945
-1.370026
1.541785
0.6008574
-2.142659
1.40018
-1.132218
0.855315
1.387652
-0.5829374
-0.1554768
1.042161
-1.428563
0.5481788
-0.5634762
0.946254
1.456127
0.6381082
-0.8336397
-0.3455626
1.523568
0.4872039
-0.641835
-0.6715777
0.03534744
-1.187701
0.05229752
-0.8233367
0.7480319
-0.5344424
0.7480319
-0.007311359
0.2508343
-1.143259
-0.254036
1.221503
-0.4107658
0.5254106
-0.2359536
-0.2089666
0.7262625
0.1111213
-0.1201695
-0.9591657
-0.03310359
-0.3179071
-1.87433
-2.226406
0.2508343
-0.3827049
-1.232589
-0.2359536
-0.2812976
1.783587
0.6306828
1.062447
0.3468884
0.5330129
2.34902
2.343959
2.205098
0.6529219
-0.4864683
-1.323742
0.1027652
-1.758648
-1.499836
-0.06772657
1.437556
-0.3827049
0.8198396
0.8623765
2.453997
0.1111213
-0.1821416
0.3150993
-0.1377883
0.01833278
-1.277933
-0.3455626
-0.762013
-0.6715777
0.5101671
-0.4013926
1.696634
-1.487878
-0.5926999
2.374239
0.001253058
-0.1732356
-0.7518737
-0.4484567
-2.115089
-0.04173420
-0.200007
1.228009
-0.4769351
1.480769
-0.9169305
0.8623765
0.2101940
0.2750422
-0.200007
-0.2995648
-1.440363
-1.452195
-1.255203
-0.8959617
1.412673
-1.176549
-1.695652
-1.012528
0.9045121
-0.5055962
1.667269
0.7696957
-1.966423
-1.560112
0.06918353
1.607954
1.096054
0.2101940
1.625832
-0.07642442
1.952573
-2.355045
0.1443903
0.3071166
-0.254036
-0.04173420
-0.254036
-0.7215933
-0.07642442
-0.7015198
-0.3087266
-0.9169305
-1.323742
-1.900449
-0.09387109
0.0607485
-0.200007
-1.300779
0.3626985
0.6083324
-0.6616415
-0.5151909
0.6083324
-1.416794
1.595996
-0.6715777
1.702484
-0.392039
-0.04173420
-0.9379982
0.2508343
-0.5829374
0.07760265
-1.099256
-0.5055962
0.6529219
-1.154328
-0.4201588
-1.012528
-0.01589223
-1.499836
-1.475952
0.1443903
1.149304
0.3310221
-0.9697872
1.116097
0.4641219
0.9738666
-0.8439665
-0.5829374
-0.927452
-0.09387109
0.001253058
0.7043865
-0.08513923
-0.8959617
-0.7015198
-1.044854
0.5858696
0.2346225
-0.7215933
-0.2631047
-0.7518737
1.07592
-1.523849
1.048933
0.1774133
-1.099256
-0.2359536
-0.6517273
-1.658277
-1.547991
-0.07642442
-1.358410
0.3468884
-0.731664
0.4718292
-0.1026200
0.5858696
-1.012528
-0.3733904
1.089353
0.9323833
-1.176549
1.001310
-1.176549
0.1691804
1.4623
-1.720744
0.1609323
1.096054
0.1277868
-0.7518737
-1.487878
0.07760265
-1.232589
-0.2269398
-1.405056
-0.7215933
0.5330129
-0.7417574
-0.04173420
-0.4864683
-0.3363251
1.228009
-1.143259
-0.864692
0.7768936
-0.7721753
0.1111213
2.236331
0.7552648
-1.198881
1.449945
0.6455212
1.690776
0.4097956
0.7696957
-0.4484567
1.902545
0.4019805
0.7335308
0.4019805
-0.6915168
1.418907
0.2264945
0.8269573
-0.2449856
1.102745
0.5177954
-0.9911063
1.221503
-0.8439665
-2.398762
-0.1732356
-0.3179071
0.009801084
-1.055681
0.1774133
-0.09387109
0.9531731
-0.7417574
-0.762013
-0.5440994
-2.654912
-0.2449856
-1.596671
-0.9379982
0.2508343
1.286140
-1.066535
-1.023277
0.001253058
1.829279
