125
82
72
90
76
100
95
106
100
110
70
65
90
78
100
65
80
72
75
98
80
82
100
65
80
90
76
96
105
85
70
74
82
80
104
88
80
70
105
70
86
90
100
100
80
110
85
74
86
85
78
76
70
108
78
78
80
75
70
85
64
60
105
75
108
68
104
100
85
72
85
80
88
88
70
85
76
70
90
110
80
90
76
80
75
60
78
88
80
94
80
88
95
80
80
72
95
76
65
75
94
88
80
100
85
86
68
80
76
80
80
85
75
94
70
120
75
66
70
95
90
88
100
75
80
85
75
96
80
85
90
80
90
110
90
80
80
80
80
110
88
86
70
76
98
72
70
105
60
80
88
110
102
70
88
84
75
80
75
80
95
90
80
74
88
100
88
56
80
98
100
90
85
80
95
84
88
90
70
85
76
90
76
110
68
90
90
70
105
70
80
110
70
90
80
100
120
86
84
100
