29
27
4
27
7
8
7
7
6
9
19
40
6
9
25
6
39
5
14
12
4
11
8
20
22
14
17
6
26
29
27
1
31
4
23
24
12
13
25
13
9
19
21
21
25
3
7
7
7
4
4
13
14
20
33
5
4
6
11
14
6
32
22
28
52
4
31
18
5
15
15
27
6
47
42
9
5
18
33
13
30
34
13
5
21
17
25
14
31
7
5
17
4
26
6
21
7
12
7
13
8
4
17
6
42
15
3
8
7
14
6
5
23
4
22
30
23
31
5
11
26
10
16
28
4
40
24
34
17
7
7
7
19
21
5
29
15
19
7
12
7
7
4
16
11
31
8
20
12
47
6
18
15
22
5
15
23
9
6
31
27
13
18
5
24
24
7
9
21
14
10
24
32
9
4
31
15
7
1
12
16
7
4
7
5
4
7
26
12
22
9
50
29
9
17
5
16
22
13
23
6
