1.895018
0.321337
0.90806
2.488071
1.695313
1.189121
1.897544
0.261354
2.286521
0.349301
2.499094
0.976206
1.420039
1.847594
0.35208
1.498676
0.609479
1.50493
0.310125
0.60962
0.53692
0.21198
0.872568
0.702707
1.099853
1.898935
0.700855
0.799236
1.107444
1.503853
0.884806
1.016857
0.313647
0.136903
5.348889
1.07771
2.101873
5.33536
0.187263
2.291942
2.692868
0.080902
1.296846
0.188606
1.900417
0.611239
2.100436
0.498465
1.294989
1.294045
2.096709
2.493462
1.403518
0.062859
1.106863
4.973967
4.857504
0.79742
0.500348
0.392945
0.516427
0.961796
0.260429
1.035806
1.071815
1.100205
0.138666
0.136239
0.238944
1.104806
0.401588
0.501363
0.188125
0.797889
0.722277
0.513416
1.492681
0.461019
2.287564
1.113353
0.695045
1.698222
0.187446
0.720972
0.205215
0.729841
0.399127
0.401658
1.499949
1.31625
1.499871
0.535945
0.398776
0.161697
0.064822
2.507789
1.509788
0.414443
0.460471
0.350186
5.275227
0.262464
1.494361
5.1105
0.31
1.042793
0.711487
2.086438
1.202766
1.50266
0.138382
1.901831
1.89427
2.494792
0.312058
0.505162
1.192287
1.074965
0.713434
1.307404
0.905817
1.200724
1.210291
0.405413
0.112241
1.895227
0.161423
0.738157
1.502089
2.302986
0.287478
0.696265
0.399651
1.491349
1.49844
2.31576
0.136805
1.503423
1.097409
2.302927
0.397823
0.073483
2.097708
1.022769
0.46027
1.501492
2.899089
0.309715
0.903803
2.394174
0.702766
0.3123
0.287019
1.017045
0.312317
0.897835
0.861403
2.090817
0.457397
0.038717
0.596056
1.306098
0.398744
0.503282
1.305653
2.877208
0.398783
0.523352
1.200174
4.554985
1.296219
0.536042
0.309943
0.598587
2.697785
0.799297
0.18792
0.897205
0.113038
0.975396
1.086783
0.695842
1.498262
0.702618
1.284866
0.461859
1.069895
1.196615
0.537381
2.096462
1.697796
0.611907
0.612429
1.099964
1.450806
2.495347
0.919106
1.299362
0.293787
0.537031
0.910316
1.898046
1.791574
1.499976
0.28678
0.138051
1.301595
0.5375
0.897002
0.300985
0.287273
0.318839
2.689014
0.262601
1.911674
0.139362
0.397259
0.263497
0.39897
1.496889
2.300605
0.903404
0.704046
0.800807
0.187216
2.896561
2.099182
2.345079
0.064804
0.601706
1.294194
0.871439
0.111509
2.124368
0.610029
0.907701
1.104955
1.069721
1.097674
0.212949
0.909295
0.114571
0.977852
5.043462
0.594614
0.899179
2.701105
0.1393
1.117475
0.498416
0.599956
1.054338
2.898919
0.080389
2.098757
2.894327
2.532491
2.896244
2.883623
0.308858
2.300673
1.890387
0.514481
2.695051
0.497392
2.299876
1.398213
1.032752
5.09451
1.891602
0.4597
2.280677
0.615154
2.407881
4.881803
1.19823
1.298139
0.13757
0.608209
0.287408
0.973225
0.538674
1.694003
0.975516
0.397366
0.395018
0.975224
0.721195
2.100115
0.535008
0.088541
0.742007
0.213294
0.902465
0.97349
1.503081
0.864866
0.405002
0.814294
0.400238
1.107593
2.696922
2.690805
2.295652
2.305227
0.706679
0.799938
0.916468
0.612312
0.115607
2.689991
2.879117
0.459682
1.697503
1.697934
0.288009
1.070334
0.348648
1.301949
1.19788
0.911934
2.699471
1.898643
0.137213
2.293596
0.213202
0.534513
0.603262
0.895967
2.72026
1.071332
0.971867
2.095908
1.101582
4.905794
0.238
0.500739
1.30188
1.295272
2.492246
0.311804
0.500513
2.290513
2.502106
0.904634
1.698892
0.090521
0.084566
0.23687
2.901738
0.313143
0.186651
1.30154
0.996555
0.49929
0.922394
0.504444
0.287041
2.50651
0.211409
0.599906
0.2961
1.905488
0.312259
0.395927
0.212223
0.137576
0.32325
0.21615
2.327
0.37338
0.974675
0.895652
2.301529
0.861568
0.699555
0.161947
0.306988
0.916591
0.185941
2.300851
0.237979
2.699483
0.699456
0.30467
0.397526
0.707763
1.694077
2.911852
2.894365
1.704535
5.010356
5.017937
0.188793
0.964524
1.703095
0.496941
2.293192
0.31333
0.60999
1.692706
1.022652
1.116838
0.136332
0.694525
0.971396
1.496711
0.795466
0.398838
2.340054
1.718314
0.158899
0.187675
1.896637
0.975766
2.503868
2.910935
1.055453
0.535842
2.506923
0.80173
0.112539
0.499591
1.099494
1.19854
0.900107
0.531295
0.183179
0.116048
0.800937
0.609011
0.401146
1.199713
1.304445
0.518421
0.908867
0.350688
0.349685
4.491644
0.604797
0.61036
2.089024
2.494468
0.504663
4.998847
1.894423
1.499154
0.064307
1.29792
4.958129
4.79832
2.506579
0.501321
0.349067
0.140347
0.287882
1.17122
1.196333
1.304217
2.728367
0.798652
4.643553
0.40012
2.654165
2.29831
2.90326
0.719976
0.302887
0.507116
1.199329
1.195512
0.457349
1.099146
2.891895
1.703446
0.113849
1.271717
0.164134
0.69351
0.798133
0.405989
0.237651
2.895589
1.103931
0.347524
0.599332
0.213821
0.307079
0.903319
0.501211
0.262339
5.192882
0.864941
2.886548
0.237444
1.067169
1.396349
0.402242
2.100648
2.710248
2.293877
0.163147
0.299711
1.703178
1.386127
2.320801
2.514479
2.701005
2.703808
0.522385
0.06678
0.506663
0.697587
1.400018
1.700324
0.261687
4.836043
0.042905
0.263202
0.400428
0.332853
0.50683
0.921816
0.297056
0.902761
0.915788
0.162554
1.075018
1.503058
2.298261
0.398929
2.698699
1.492053
0.870542
2.49295
2.44039
1.294291
0.536154
1.309347
0.287307
1.70037
2.101766
0.187088
0.896087
0.974548
0.705659
5.015007
0.69981
0.399579
1.677856
0.540498
0.703269
1.497165
0.349856
1.716411
1.294519
1.901782
0.700635
0.088502
1.19837
0.239084
0.211008
0.088553
0.088853
0.112575
2.496289
1.29376
0.137678
1.401179
0.976708
0.062401
2.354014
0.801441
0.161748
0.162542
1.300562
0.079519
0.286793
0.943517
0.495093
0.260786
2.908328
2.493349
1.500357
2.16181
5.006189
0.504206
0.941864
0.538571
0.311243
0.702669
1.291936
0.398743
1.909779
1.655257
1.013808
0.500978
2.114837
1.097823
2.368738
0.263108
1.901185
1.101572
1.200224
0.69746
0.238222
1.294626
0.794949
0.203086
0.700488
0.138025
0.236229
0.11295
1.3982
2.099384
0.313425
1.895467
1.898493
1.888301
0.610968
0.112996
1.114612
2.095453
0.312867
0.803952
0.137015
0.46444
0.311426
2.894907
2.695559
2.495323
2.497859
2.889698
0.972398
0.89775
2.497194
0.405918
0.899433
2.293532
1.364254
1.498935
0.3494
0.909597
0.902745
1.697164
0.311804
1.295941
0.262836
2.113833
0.891279
0.037848
1.897354
1.198573
0.336884
0.237899
0.303545
2.895886
1.570671
0.312825
0.692438
2.706458
0.23647
0.208146
0.695075
2.102078
0.262441
0.397909
0.165934
0.724045
0.505227
0.742066
1.103632
0.137183
0.689766
1.496145
2.096432
2.114943
2.336019
1.895553
1.294586
0.904044
2.908263
1.072394
0.111896
1.309512
0.314095
0.895116
1.902459
0.349744
0.609996
0.900972
0.702381
0.111901
0.287514
1.06881
0.306753
2.683739
2.694066
0.895537
0.087813
0.716399
2.895297
0.261343
0.350354
0.038905
0.536867
1.510799
1.299892
0.262367
2.303268
2.502195
0.286821
4.86155
0.606013
0.334501
1.018166
1.321505
0.237894
0.238777
0.461666
0.707475
2.883424
2.522236
1.396841
0.803251
1.310149
0.286772
1.408755
0.610481
0.115339
2.082715
1.691795
2.883171
2.104019
1.297046
1.688933
0.789127
1.503303
0.500067
0.287588
0.880645
0.196486
1.699102
0.708039
1.31162
1.641715
0.312913
1.072039
0.602307
1.666161
2.300463
0.40185
1.093087
0.409905
1.516444
0.958827
1.324115
2.285984
0.902101
2.091303
0.535578
2.52431
0.501122
0.187115
0.501465
0.396696
1.195652
0.53539
0.28826
0.238044
1.500618
2.48955
1.499218
2.297581
0.515544
0.69642
1.700199
0.213425
1.102323
2.464261
2.905782
2.369895
0.262423
1.109833
0.289182
1.400325
0.697505
0.088626
0.707922
4.623067
1.491016
2.697043
0.237276
0.311361
0.398338
0.310426
2.870475
0.312759
1.099686
0.192867
0.716437
0.213279
0.59805
0.350666
2.329495
1.078123
1.178231
1.300775
2.092831
0.309279
1.073962
0.287234
0.795927
0.601262
1.399877
0.531888
0.11194
0.313437
1.907014
0.262546
1.382155
0.493838
2.301214
0.603422
1.303436
2.094218
0.400848
1.694359
0.537566
0.29742
1.26454
0.520797
2.697362
2.902692
2.303652
2.717033
1.296302
0.500959
0.597608
1.904948
1.074174
0.350287
0.397686
0.975514
2.268908
1.39104
2.301905
0.500915
0.797147
0.715529
1.07747
0.713663
1.494745
1.902749
1.074519
1.301581
1.297441
2.095911
0.248605
0.609874
0.287514
0.212629
0.799154
2.49596
0.063822
0.219505
0.913006
2.290933
0.183831
0.347539
1.395853
0.899364
0.182874
1.504818
1.393846
1.185064
1.300398
2.503943
1.197111
0.460041
1.894021
0.187011
0.598909
0.262139
0.237483
1.006644
1.392987
0.086563
5.153237
0.601211
0.313194
1.255936
1.104287
0.08732
0.97471
1.496696
0.785711
4.671829
0.863734
0.970018
0.399423
2.505883
1.199238
0.186737
0.236884
1.502638
0.49406
0.461553
2.449006
1.456673
0.349476
1.310778
0.909224
0.39752
1.299678
2.092442
0.182503
1.400068
0.105468
0.535991
0.347937
1.891676
1.495433
0.40081
0.607554
2.274947
0.897151
2.896546
1.70073
1.498506
0.973423
0.399503
2.243507
0.511621
0.162825
2.499762
2.889183
0.213268
2.49106
2.70396
0.902003
1.899354
0.311752
0.214704
1.503584
0.501331
0.424556
0.701581
0.189898
0.526732
2.456445
0.709508
0.459812
0.910802
0.231385
0.930939
2.352245
0.1872
0.70864
0.189617
0.609722
2.698739
0.205214
1.29871
0.311996
1.075895
2.298801
0.726937
0.349399
1.499164
0.397356
2.301724
1.695256
1.07898
1.295727
1.297862
1.297555
0.396571
1.208146
0.16282
0.704476
1.392276
0.400775
1.496747
2.690415
0.699345
0.234845
1.467645
0.513781
0.186434
0.238659
0.086384
0.063892
0.792799
1.302116
1.506094
0.199683
0.536503
0.704398
4.95142
1.496252
0.237509
0.902218
0.187581
0.897026
1.070785
0.308011
1.19998
0.135028
2.499147
2.716008
0.237589
0.721186
0.906022
1.307279
1.301806
0.162157
1.496655
1.267574
1.063773
0.314862
0.167015
0.312453
2.297043
1.092165
0.211612
0.791792
0.975002
0.112884
0.801165
0.976458
1.391561
0.286891
0.695248
1.894004
1.197612
1.693656
1.091681
2.903099
0.603168
0.312961
0.186853
0.262574
0.521848
0.509828
0.601846
0.236452
0.611221
0.082228
2.518653
0.115848
0.898099
0.697901
0.213773
0.236955
0.138295
0.08802
2.101367
1.01863
1.497407
0.709309
0.892907
2.867639
1.021707
2.688562
0.974338
0.71927
2.495813
2.294053
2.698542
0.112798
0.705436
0.716358
1.492214
0.332893
0.063611
0.402607
2.471754
2.493141
0.404285
1.501618
2.501635
2.49765
0.348216
0.400339
0.262015
1.301995
4.755918
0.213529
0.402601
2.887782
0.460275
1.898095
1.464404
0.30656
0.965154
0.533748
1.642942
0.237511
1.095444
0.237865
0.533641
2.897526
0.905604
0.500533
1.069074
1.299428
0.793429
2.097936
1.294894
2.08357
1.694459
0.697285
0.497209
0.187
0.405623
1.196816
0.719277
0.088227
0.066355
0.399124
0.501708
0.913052
0.287896
0.190595
0.53631
0.794708
1.897143
0.213375
1.665153
0.929235
0.704613
0.349204
0.162983
0.186851
1.421035
1.704511
1.410745
2.095891
0.704611
2.700106
0.615102
0.902345
2.890134
0.344754
1.496487
0.606251
1.90606
2.901771
0.720268
1.195371
2.898651
0.076371
2.700873
0.212469
0.602218
1.30464
0.501808
0.506796
0.605499
0.286212
0.897454
1.397251
0.088243
2.29329
0.212197
0.806543
0.313431
1.703731
5.054844
0.293464
0.898317
2.098286
4.79455
0.704821
1.698251
0.138593
2.889213
1.403716
0.533366
0.601858
0.918687
2.521098
2.302229
0.600228
2.213776
0.740097
1.732825
1.557509
1.894312
2.29831
0.287959
1.645617
1.716216
1.504196
2.304899
2.291911
4.990072
0.139494
0.600356
0.212046
0.406038
1.921994
0.710123
1.695369
0.283916
2.297519
1.395877
2.100513
0.718581
0.312677
0.603873
0.239145
1.075393
0.902167
0.509844
0.926737
0.616055
0.187312
1.173929
2.430412
0.295897
0.802214
4.809849
0.899535
0.506789
0.307656
0.700641
0.8669
0.534944
0.696606
0.605096
2.694083
4.727849
0.400981
1.70446
0.461374
2.082034
1.093943
1.38948
0.28594
0.296842
2.707803
2.503047
2.896326
2.298231
1.51365
4.897085
2.696987
0.800065
0.211734
0.318045
0.21273
2.696863
0.595715
1.300184
2.342474
2.501955
2.698152
0.309562
1.888091
1.076802
2.499008
0.084164
0.312281
2.28913
0.79998
0.287619
0.167898
0.349431
1.057146
0.349439
0.456153
2.279002
0.534668
0.187694
2.898049
0.161004
2.69447
2.091876
0.11405
1.500251
0.162993
0.464053
2.897115
2.916505
1.495882
0.210869
2.497775
0.799414
1.302512
0.30148
4.491267
1.398471
2.696295
2.301924
1.005918
1.897248
0.49307
0.521612
0.261894
0.889498
0.801275
2.695931
1.289185
1.498548
1.510921
0.870532
0.138872
0.704907
1.891577
1.896728
1.394278
0.97483
0.535161
0.876402
1.304052
2.506129
1.105711
2.091335
1.203177
1.899891
0.404614
0.215265
1.700362
0.465524
0.696646
1.70453
0.13911
1.296744
1.495103
0.116842
0.9369
0.91832
1.898803
2.887255
0.162338
1.276874
1.516581
1.698028
1.300783
0.459749
1.503539
0.163095
1.132768
5.722217
1.492756
0.496194
0.212448
0.115164
0.7007
0.112924
1.348114
2.097901
1.296918
2.500153
0.193242
0.898768
0.610475
0.313319
2.602409
0.599349
1.199241
0.348565
1.209491
1.297251
0.904853
5.202312
0.213103
0.45737
0.349657
1.292961
0.609478
1.771623
0.187749
0.59456
2.903514
0.843836
0.312268
2.69095
0.541944
2.89588
1.318394
0.398327
0.697
0.399899
0.187069
0.497427
0.509133
0.894076
0.898436
0.262927
0.899331
1.399296
1.293607
0.599564
0.869225
0.351883
2.097954
0.713755
1.498185
2.495946
0.162582
1.703451
0.401216
0.866261
0.326011
0.350667
0.927503
0.237739
0.162117
0.311427
0.899739
1.30621
0.706799
0.350414
1.500944
4.574731
1.10069
0.213575
2.355529
0.23747
1.242177
0.460554
2.549164
0.461826
2.27662
0.974819
2.889399
0.894372
0.402711
0.974139
0.331958
0.8986
1.099838
0.973772
1.50244
2.892084
1.733565
0.502018
1.292564
2.522529
0.262994
0.610822
0.539295
0.716896
0.520179
0.11331
0.910191
2.097383
0.213031
0.065043
0.694441
0.326948
0.262459
1.169576
4.833876
1.396589
0.975439
0.601146
0.869313
2.169153
1.493559
2.497276
1.150817
1.074203
0.137443
0.895624
0.506278
0.111584
0.039891
0.350552
2.291975
1.016464
0.966079
1.495271
0.26234
2.696974
0.311324
0.897682
1.899024
0.977141
0.236554
1.895628
2.099034
0.162135
1.299329
0.113121
0.699141
1.106322
0.163451
1.493947
1.197613
0.462512
0.460342
0.497508
0.607953
1.704178
1.297192
0.896252
0.971232
0.31296
0.528721
2.303115
0.613348
0.287681
0.717644
0.974406
5.076947
2.492851
2.695679
1.494529
1.10131
0.161495
1.76148
2.299854
0.878443
0.163517
0.400962
0.090686
0.694609
0.298755
1.537989
1.367162
0.799735
0.211944
0.298843
0.897308
0.536833
0.459158
0.456571
1.90048
0.701863
0.798347
0.137321
0.400188
0.612027
1.701048
0.900689
0.405785
0.262586
1.896778
0.928667
2.482596
1.933759
0.088223
1.702615
0.612956
0.263584
0.992464
2.500367
0.293583
1.09698
1.69631
1.495878
0.28707
0.202499
0.895439
0.897719
2.694803
0.462569
5.051888
0.187924
1.512994
1.702907
2.10489
1.400262
1.076565
0.287154
0.536081
0.312498
2.296878
5.078651
0.332783
1.501615
0.11402
1.095656
2.090898
1.073353
0.797471
2.10287
1.095239
1.30055
1.072583
0.603281
0.892215
0.40467
1.300221
0.931526
0.163549
1.243203
0.699585
0.216843
0.718725
0.901396
1.068965
0.702629
0.604513
0.797202
0.498608
1.507948
0.287658
2.008282
1.050041
2.100677
1.103149
0.975272
0.312789
1.694408
0.212112
2.287402
0.21256
0.699457
1.037797
4.848284
0.460304
1.113109
2.508092
0.597903
0.304749
0.695942
5.258192
0.904051
1.493511
0.719947
1.20018
1.295612
0.612437
0.50565
1.503481
2.89817
1.393498
0.11315
0.611417
0.51267
0.305854
0.187462
0.212595
0.188126
0.698353
1.301703
0.138645
2.593431
4.436055
0.606823
1.311673
0.112305
1.404764
2.710843
1.896736
0.210088
0.461456
1.508698
0.699593
1.502119
0.166133
2.911989
1.493814
0.041214
0.162493
0.895314
1.049978
0.260187
0.71557
0.237874
1.017099
0.53538
1.694273
0.07094
1.305711
1.496228
0.352781
2.891361
0.350661
0.906945
0.498207
0.395236
0.301677
0.236723
0.536262
1.049494
0.329055
1.072005
2.69557
1.693409
0.161935
4.748935
2.120521
1.894027
0.137689
1.501808
0.514821
2.098024
0.192049
1.068209
0.261894
0.290745
1.398271
2.497251
1.700565
0.079098
2.292054
1.090076
0.138261
1.026297
0.695181
2.698539
0.898826
1.309286
1.205893
0.162792
0.314437
0.408548
1.399468
1.099649
1.308233
0.970218
1.390893
0.261655
2.703255
4.880168
0.974288
0.460897
0.400956
4.85822
1.498242
0.34952
1.091971
0.398718
