28.9
14.6
6
35.1
8.6
42.5
16.4
18.2
32.2
8.4
10.1
6.6
26
6.1
35.8
5.1
7.8
5.3
23.4
9.6
6.3
2.9
5.6
6.4
42.7
48.5
11
6.8
12.7
5.9
48.2
2
22.4
35.2
9.2
29.2
18.3
23.3
13.5
45.7
8.5
21.2
17
10
27.2
7.3
26.5
6.8
0.9
5.9
6.8
17
45
44.7
6.4
7
7.8
14.3
2.9
35.2
10.2
10.1
31.1
21.5
0.9
6.2
42.7
46
24.8
7.9
14.6
28.4
28.7
34.2
6.8
35.5
38.5
49.1
13.8
46.5
9
2
7.7
11.1
9.3
47.7
17.7
24.9
19.9
11.7
4.7
10.6
17.7
20.9
5.2
10.7
25.5
11
47.8
31.5
5.6
18.6
6.4
14
8.2
46
7.3
11.2
13.5
7.7
10.5
26.7
15.5
25.5
26.1
5.2
11.2
6.4
19.4
7.2
10.6
16.3
12.5
17.6
15.7
22.5
6.4
27.8
7.9
10.1
6.4
7.2
9.7
27.3
6.6
6.9
16
9.7
19.9
36.5
10.9
29.7
6
7.2
5.6
3.9
15.9
13.5
29.2
16.4
17.2
7.7
4.8
37.8
9.2
16.5
3.6
4.7
4
31.5
28.1
32
4.6
35.2
33.7
31.3
29.8
18.8
20.6
11.2
31.5
1.4
12.5
11.2
13.8
33.8
8.5
40.1
4
3.5
5.6
25.1
34.8
10.1
17.4
47.8
28.3
11
11
18.1
8.1
27.8
6.7
27.9
16.4
28.8
43.8
15.4
30.4
29.7
7.1
18.8
5.2
36.2
46.3
10.9
23
7.2
12.2
8.4
14
30.4
29
7.1
28.9
