0.8443818
-0.2780411
-0.9530646
1.331027
-0.7489877
1.911861
-0.1367571
0.004526929
1.103402
-0.7646859
-0.631251
-0.90597
0.6167576
-0.9452155
1.385970
-1.023707
-0.8117806
-1.008008
0.4126807
-0.6704966
-0.9295172
-1.196387
-0.984461
-0.9216681
1.927559
2.382807
-0.560609
-0.8902717
-0.4271742
-0.9609137
2.35926
-1.267029
0.3341896
1.338876
-0.701893
0.8679291
0.01237604
0.4048316
-0.3643813
2.163032
-0.7568368
0.2400002
-0.0896624
-0.6391001
0.7109469
-0.8510261
0.6560031
-0.8902717
-1.353369
-0.9609137
-0.8902717
-0.0896624
2.108089
2.084541
-0.9216681
-0.8745735
-0.8117806
-0.3015884
-1.196387
1.338876
-0.6234019
-0.631251
1.017062
0.2635476
-1.353369
-0.9373664
1.927559
2.186580
0.5225682
-0.8039315
-0.2780411
0.8051362
0.8286836
1.260385
-0.8902717
1.362423
1.597896
2.429902
-0.3408339
2.225825
-0.7175913
-1.267029
-0.8196297
-0.5527599
-0.6940439
2.320015
-0.03471862
0.5304173
0.1379618
-0.5056653
-1.055103
-0.5920055
-0.03471862
0.2164529
-1.015857
-0.5841564
0.577512
-0.560609
2.327864
1.048459
-0.984461
0.03592337
-0.9216681
-0.3251357
-0.7803841
2.186580
-0.8510261
-0.5449108
-0.3643813
-0.8196297
-0.5998546
0.6717013
-0.2073991
0.577512
0.6246067
-1.015857
-0.5449108
-0.9216681
0.09871626
-0.8588752
-0.5920055
-0.1446062
-0.4428724
-0.04256774
-0.1917008
0.3420387
-0.9216681
0.7580416
-0.8039315
-0.631251
-0.9216681
-0.8588752
-0.6626475
0.718796
-0.90597
-0.8824226
-0.1681535
-0.6626475
0.1379618
1.440914
-0.5684582
0.9071747
-0.9530646
-0.8588752
-0.984461
-1.117896
-0.1760026
-0.3643813
0.8679291
-0.1367571
-0.07396418
-0.8196297
-1.047254
1.542953
-0.701893
-0.1289080
-1.141443
-1.055103
-1.110047
1.048459
0.7815889
1.087704
-1.062952
1.338876
1.221139
1.032760
0.9150238
0.05162159
0.1929056
-0.5449108
1.048459
-1.314124
-0.4428724
-0.5449108
-0.3408339
1.228988
-0.7568368
1.723482
-1.110047
-1.149292
-0.984461
0.5461156
1.307479
-0.631251
-0.05826596
2.327864
0.7972871
-0.560609
-0.560609
-0.003322182
-0.7882333
0.7580416
-0.8981208
0.7658907
-0.1367571
0.8365327
2.013899
-0.2152482
0.9621184
0.9071747
-0.8667244
0.05162159
-1.015857
1.417367
2.210127
-0.5684582
0.3812842
-0.8588752
-0.4664197
-0.7646859
-0.3251357
0.9621184
0.8522309
-0.8667244
0.8443818
