-0.87576 -0.1993 -1.33411 -0.46923 -0.61057 0.386047 -0.02769 -0.36829 0.17685 -0.16842
-1.40414 -0.19145 -0.89529 0.522881 0.428083 0.236806 -0.42859 -0.49357 1.91099 -1.73739
-0.66029 0.585653 -0.10875 0.822181 0.475016 -1.45131 1.33354 0.358037 0.247702 -0.18686
1.70756 -0.36138 0.730565 -1.15639 0.495272 1.06579 -0.2061 -1.98106 -1.87982 -1.88587
-0.07792 0.655253 -0.03633 1.59159 1.66859 -2.58528 2.63552 -0.51738 -1.40741 -1.97098
-0.28641 0.312468 -1.71376 -1.54019 0.620534 0.59846 -0.04785 -0.40693 -0.27509 -1.38956
-0.91053 -0.57152 0.3451 -0.85816 -1.27951 0.21978 -0.50398 -0.02008 -0.62645 0.435887
-0.24221 -0.61385 0.108625 0.349366 0.24502 0.464412 -0.01226 -0.87331 -0.87464 0.124754
0.325056 -0.38559 -0.96702 0.048104 0.358114 0.344873 -0.00658 -0.57516 -0.35774 -0.94692
-1.23513 1.17179 0.461871 -1.16106 -0.50679 -1.02797 0.265144 0.916245 0.8106 -0.12208
1.3792 0.033842 0.530416 1.74899 -0.51126 -0.07054 -0.07255 -0.31126 0.453564 0.178062
-0.52884 1.0525 0.690673 0.011303 0.258269 -0.37531 0.475216 -0.01695 -0.09351 -0.49668
0.815462 0.264358 -0.71482 0.843327 -0.33824 -0.79225 0.521398 -0.35412 -0.29769 -0.14851
1.01517 0.498924 -1.04011 2.3874 -2.33073 0.491237 -0.17902 0.55183 0.038187 0.227105
1.71786 0.492666 -1.79127 1.32576 0.189222 -0.49947 0.884604 2.27454 0.032152 -0.95421
-0.89546 0.053658 0.335749 0.692145 0.35407 0.885525 0.307475 -0.2743 -0.74411 0.371429
-0.28877 1.22218 1.07845 -0.69896 0.288964 -0.89367 -0.52131 0.5539 1.82439 1.21288
-0.99195 1.3231 0.266347 -0.23715 0.000144 -0.34938 0.780555 0.842668 0.474127 -0.01166
-0.15348 -0.79932 -0.4291 0.103954 0.275011 -0.57832 0.409455 -0.14669 -0.65233 -0.27778
-0.31138 1.07776 0.603392 -0.08119 0.262291 -0.40518 0.485728 0.097075 0.243064 -0.31524
-0.2202 2.72651 1.16276 -0.44995 0.843163 1.6768 0.030496 0.793678 0.976279 -0.63948
0.175044 0.507775 -1.22688 2.0155 -1.67118 -0.77864 -0.06169 0.360831 0.935063 -0.47752
-0.85107 0.004038 0.389688 0.759948 0.481153 0.767426 0.391517 -0.50613 -0.98226 0.2154
-0.23945 0.735965 0.177141 1.00976 0.703086 -1.22179 1.12229 -0.0988 0.030956 -0.42233
0.576482 0.389925 -2.38897 0.152864 0.579665 0.124872 -3.07661 5.19174 -1.00535 0.360592
3.62313 0.622435 -1.48482 -0.85568 0.166654 0.849131 1.5259 0.214659 0.731229 4.13838
0.688476 1.39414 1.88822 -0.59997 0.121019 0.373858 0.269963 0.399437 0.630524 0.851395
-0.91234 1.35984 0.641096 -0.97863 -0.59828 -0.57877 0.234301 1.08413 0.732895 -0.40723
-1.22535 -0.01185 -1.08603 0.665026 -0.65947 -0.04454 -0.05053 -0.16133 -0.32703 -0.4842
-0.19933 1.01736 1.14854 0.093445 1.91432 -2.16714 -1.47406 -1.70367 1.42855 1.36392
2.84965 0.592539 -1.17034 -1.49963 1.50906 0.401107 1.20739 -2.11115 0.149511 2.97681
-1.3886 -1.22546 -0.14697 0.841873 -0.89369 -0.04488 0.846147 0.676047 -0.50874 1.61391
2.65387 -4.21557 3.02185 -0.85085 -1.72252 1.79649 3.3087 4.0517 -1.69625 0.956774
0.769445 0.222213 -1.01991 -0.35951 1.07709 -1.17436 -1.0989 2.41272 -1.12076 -0.44228
0.422574 1.17262 2.15399 -0.58586 0.009112 1.28437 -0.18368 -0.55572 -0.9971 -0.16187
-0.68994 -0.28567 -0.81287 -0.75241 0.886542 -1.06232 -1.05323 0.290359 -0.46406 -0.01688
0.300251 -0.1487 0.195478 0.402253 -0.69977 0.334089 -0.17567 -0.99477 -1.08156 0.097455
0.49626 -1.59228 1.18622 -0.85597 -0.38457 2.2387 -0.92084 -0.42661 -1.34991 1.68366
-0.91383 -1.48286 0.093339 0.812373 2.1346 -0.0805 1.92457 0.917888 1.59325 0.243688
0.120186 -0.57548 -2.32349 -2.20934 0.63564 -0.24926 0.25652 -0.92163 0.946448 -0.0714
0.078903 0.293529 0.953147 0.911287 1.62499 -1.6147 1.37772 -0.96369 -0.43385 -0.37186
1.80988 1.13075 2.67732 -1.27048 0.298581 2.34156 -0.75607 0.076189 0.110114 0.744593
2.18017 2.52548 2.82731 -1.14264 -0.06973 0.445487 0.561571 1.38546 1.3677 0.209607
1.8934 -0.21371 -0.11177 2.67135 -1.08794 0.075175 -1.20984 -0.13764 2.21588 -0.38344
-0.29544 0.626291 -0.38729 -0.79672 -0.12442 0.414192 -0.18426 0.554618 -0.30219 -0.30728
-0.81222 0.637168 0.365393 0.029382 0.136458 -0.39868 0.363472 0.066691 -0.22792 -0.20522
2.19406 -4.26314 1.45842 -1.25721 -0.32758 -2.7397 2.99941 1.90837 1.68538 -2.30112
-0.60007 -0.08547 0.272372 1.15301 0.730434 0.679098 0.204203 -0.97462 -0.90002 0.201857
-1.50686 -1.06029 -0.202 0.836569 -0.7916 0.045706 0.760762 0.665475 -0.58868 1.44591
-0.30301 1.5289 1.66744 -1.43069 -2.16926 2.2462 2.44093 4.1703 2.29739 -0.74645
-0.60007 -0.08547 0.272372 1.15301 0.730434 0.679098 0.204203 -0.97462 -0.90002 0.201857
2.18017 2.52548 2.82731 -1.14264 -0.06973 0.445487 0.561571 1.38546 1.3677 0.209607
0.05083 0.353729 -2.19122 -1.26328 1.11287 0.603872 -0.01623 -0.51325 -0.31225 -1.26589
0.473038 -0.60368 -1.62263 -2.36087 0.020725 -0.44202 -0.30764 -0.42782 -0.13443 -0.45765
-1.2302 -0.50255 -0.42694 0.595766 -1.05893 0.525616 0.297127 0.270367 -0.66219 0.767007
0.03397 -0.93162 1.15155 1.00926 0.440907 0.429884 -1.01229 -1.03763 0.607863 0.241647
0.345113 0.811347 0.045701 0.843814 -1.43506 0.646614 -0.2096 0.451117 0.39183 0.029951
-0.17178 -0.32497 0.613652 0.662096 1.07068 0.748315 -0.09744 -0.55291 -0.10731 -0.26802
0.175044 0.507775 -1.22688 2.0155 -1.67118 -0.77864 -0.06169 0.360831 0.935063 -0.47752
0.037354 0.636152 -1.61545 -0.16451 -0.55663 0.297331 -0.05166 0.666382 -0.34444 -0.54446
1.29996 -0.19762 0.353949 1.4961 -2.24951 1.42807 -0.63693 -0.41977 -1.20406 0.580669
0.887368 0.371141 1.16079 0.400129 -0.17058 -0.68053 -1.10994 -0.37941 1.01894 1.22966
1.00517 -0.70192 -0.47693 -0.35106 0.550969 -1.17361 0.51857 1.7574 -1.04216 -0.25608
-0.24383 -1.17383 0.084066 -0.37392 0.486361 -1.27586 -1.22303 -0.51703 -0.51725 1.55715
-1.50686 -1.06029 -0.202 0.836569 -0.7916 0.045706 0.760762 0.665475 -0.58868 1.44591
-0.57169 0.564037 0.923779 -0.7182 -1.00687 -0.72535 -0.09861 0.461237 0.281302 -0.18536
0.51065 0.76979 -2.15052 -0.46893 -1.94128 1.59932 2.78817 -2.09177 3.57344 1.70334
0.624286 0.531987 -2.53917 -0.20822 0.240479 0.546975 -1.82709 2.88104 -0.25992 -0.07953
1.15519 0.770802 -1.04102 1.52518 -0.64566 -0.52512 0.401914 -0.06377 -0.31618 -0.1194
-0.93318 -0.44764 -0.04459 0.819948 0.103504 0.097067 0.77867 -0.01869 -0.40723 0.505216
-1.40414 -0.19145 -0.89529 0.522881 0.428083 0.236806 -0.42859 -0.49357 1.91099 -1.73739
-0.20359 -0.9847 -0.37862 -0.47753 0.568413 0.243162 -0.85229 -0.98702 1.16538 -0.91047
-0.34623 -0.92884 -0.60738 -0.59376 0.394845 -0.03808 -0.16853 -0.65845 0.434615 -0.41548
0.49435 -0.80423 -0.38925 -1.22495 0.311736 -0.29129 -0.42344 -0.42938 -1.1677 -0.01466
-0.69832 -0.1888 0.337626 0.905063 1.11259 -0.28959 -0.88995 -1.77602 -0.36617 1.08449
-0.48725 -0.08561 -1.2895 -1.11605 0.279783 0.509747 -0.072 -0.5514 -0.39391 -0.63787
1.27796 -1.0295 -0.32593 -1.41678 1.03318 -0.40157 -0.06803 -0.16199 -1.27561 -2.14206
0.22976 0.270493 -2.46134 -2.08579 1.60338 -0.60251 -0.07909 -0.8904 0.147988 -0.44956
-1.08259 -0.5485 0.01814 1.14521 2.83884 3.1185 0.698849 2.25908 0.987973 0.377975
-0.28553 0.246942 -2.49267 -1.61767 1.02256 -0.41729 -1.47946 2.48888 -0.8512 -1.19574
-0.79957 -0.69324 0.379236 0.467582 -0.22593 0.471196 0.098896 -0.4686 -1.21258 0.648025
-1.3886 -1.22546 -0.14697 0.841873 -0.89369 -0.04488 0.846147 0.676047 -0.50874 1.61391
0.079221 1.22526 0.67084 -0.01895 -0.69278 -0.29319 -0.049 0.315909 0.082952 -0.33135
2.07049 -0.15953 -0.17653 2.64559 -1.45752 -0.06078 -1.4433 -0.03675 2.39281 -0.91604
-1.41023 -0.96095 -0.22341 0.332299 -0.75728 1.41008 -0.78106 0.296758 0.334909 0.382201
0.103453 0.899957 -2.38299 -1.11116 -0.22253 1.47603 -0.0752 -0.4178 0.508523 0.671688
-1.34881 -0.88794 -0.49842 0.220531 1.30996 0.797973 -0.28145 -0.22811 2.61313 -1.0873
-0.7719 -0.158 -0.54042 -0.60838 -0.30647 0.400702 -0.14795 -0.21453 -0.55284 -0.01176
1.50884 -0.26675 0.947242 0.282885 -1.60449 -0.31231 2.46332 -0.25845 0.564514 -0.25068
1.27532 0.309848 0.075835 1.77058 -0.8264 -0.1114 -0.10358 0.012922 0.619973 -0.28377
-0.45606 0.948015 1.87567 -1.29308 -0.62157 -0.51318 -0.09234 0.28768 -0.02864 -0.14792
-0.55891 -0.53111 0.440221 0.418656 -0.45378 0.19759 2.58626 1.0244 0.809504 -0.23503
-0.65299 -1.13755 -0.40802 0.334374 -0.30661 -0.34418 0.515236 -0.32634 -0.54723 1.08282
-0.36283 -0.60118 -0.17181 0.187097 -0.07314 0.305414 1.08745 -1.12636 -1.91938 -1.20614
-0.97328 1.53576 0.821568 -1.08329 -0.38958 -0.73478 0.23791 0.983768 0.998022 -0.29837
-0.90936 -0.26347 0.116679 0.409335 0.302981 -0.09838 0.852533 0.191712 -0.57086 -0.10408
0.123863 -1.20809 -0.29556 0.125572 1.5292 -1.56213 -3.36609 0.089408 -0.13598 1.81509
-1.22883 -0.55259 -0.21976 0.549087 0.298238 1.68893 -0.68966 0.201997 1.49938 -0.85678
0.465302 -0.35929 -2.3414 -2.09839 0.990776 -0.91033 0.574655 -0.36727 0.348271 -1.44031
1.38743 -0.3883 -0.986 0.810797 -0.03778 0.224339 -1.50374 1.44774 -1.02568 0.44526
-0.59681 0.754386 0.129609 0.686448 0.719918 -1.5857 1.44897 0.283489 -0.00608 -0.47242
-0.32794 -1.92955 0.814951 -0.3544 -0.4786 2.35791 -1.31077 1.23005 0.339818 -0.83674
0.223934 -0.08509 0.854513 0.393442 -1.30211 -0.40117 -0.34736 -0.3328 -0.75339 0.171431
-0.4757 -0.8087 0.390862 0.236907 0.042746 -0.41972 0.664974 -0.22011 -0.67055 0.584556
-0.02042 1.09633 -0.08815 0.782026 -1.03869 0.662528 0.502082 0.089101 -0.97453 -1.61897
0.571885 0.741434 -2.30812 -0.69772 -1.32049 1.56174 1.90342 -0.98229 1.79464 1.11623
-0.81657 0.367008 -0.06735 0.409782 -0.07886 -1.59836 0.694802 -0.15547 -0.17058 -0.45618
-0.94424 -0.58386 0.341452 1.38594 3.03011 3.48237 0.716086 1.99247 0.708105 1.16064
-0.91383 -1.48286 0.093339 0.812373 2.1346 -0.0805 1.92457 0.917888 1.59325 0.243688
-1.29547 -0.4677 -0.33437 0.321815 -0.35367 -0.71635 -0.5945 -0.58541 -0.18046 1.41353
0.976432 0.666506 1.28354 0.010542 -1.35604 0.131856 0.118723 0.869745 -0.27384 0.259786
0.755313 -0.96968 -0.16951 0.380015 0.280786 0.610656 0.019702 -0.39674 -0.40405 -0.28799
0.578749 0.249712 0.725529 0.46151 0.925009 -2.10195 0.851264 -0.07421 -0.72309 -0.51235
0.11273 -0.81989 0.076617 -0.97101 -2.90032 2.37104 3.08932 0.06677 2.94315 0.832369
-0.0024 -1.43619 0.209477 -1.02518 -0.99776 1.21312 -0.37419 -0.11147 -1.03234 0.448498
-1.22026 0.627055 0.609366 -0.94064 -1.06061 -0.58078 -0.0307 0.562522 0.036981 0.134053
-0.94424 -0.58386 0.341452 1.38594 3.03011 3.48237 0.716086 1.99247 0.708105 1.16064
-1.2302 -0.50255 -0.42694 0.595766 -1.05893 0.525616 0.297127 0.270367 -0.66219 0.767007
0.207485 -0.16997 0.134923 0.30551 -0.44339 0.130621 -0.13518 -1.0491 -1.1399 -0.01542
0.141936 -1.10502 1.13037 1.24683 0.574334 0.912394 -1.96858 -1.56951 1.86552 -0.32329
-0.63374 -0.73498 0.126713 0.533676 0.479648 -1.19249 -0.98837 -1.09375 -0.17921 2.01196
-0.18544 0.612786 1.46016 -1.06586 -0.02317 0.680818 -0.85445 -1.14015 -0.85611 -1.11317
-0.48515 -0.2404 -0.29853 1.09745 0.317877 0.130277 0.465085 -0.54314 -0.42057 0.05898
3.03644 0.184831 2.26572 0.541651 0.024974 0.258788 -1.45521 1.08906 0.485239 1.77172
-0.15652 -0.96059 0.191441 0.651585 -0.21847 0.470562 -0.04024 -0.51838 -1.2159 0.074475
-0.4303 -0.45863 -0.41706 0.32288 1.55149 -1.38785 1.625 -0.22735 -0.47156 -0.10781
-1.33752 -0.64215 -0.25496 0.493539 -0.01522 -0.77212 -0.59316 -0.82765 -0.46359 1.62082
-0.16957 -1.04881 -0.28261 -0.4003 0.795889 -0.00324 -2.07276 -1.34103 2.64995 -1.86222
-0.17085 0.910888 0.239683 1.17127 0.914803 -1.14182 1.64027 -0.88467 -1.99413 -2.22482
1.54621 -0.05707 0.385198 2.00074 -0.67663 0.066883 -0.44315 -0.20636 1.21559 0.039172
-1.33752 -0.64215 -0.25496 0.493539 -0.01522 -0.77212 -0.59316 -0.82765 -0.46359 1.62082
-1.43032 0.067743 -0.42289 0.469389 0.054285 -0.10493 0.958643 0.292264 -0.31131 0.271909
1.0338 0.666276 -0.05135 1.71278 -1.4058 1.33129 -0.5139 -0.46921 -1.06573 -0.18655
-0.80889 -0.21179 -1.00775 -0.51915 -0.92011 0.820501 -0.23548 -0.05974 -0.15518 -0.01042
-0.52884 1.0525 0.690673 0.011303 0.258269 -0.37531 0.475216 -0.01695 -0.09351 -0.49668
-1.05062 -0.74299 0.113616 0.622996 -0.21108 -0.20682 1.0012 0.243593 -0.62791 0.708457
1.25387 0.443485 0.070242 1.44762 -0.85495 0.64722 0.055884 -0.07578 -0.76652 -0.27339
-0.53026 0.221169 1.2116 -1.20069 -1.0701 -0.84747 -0.01984 0.63636 0.069701 0.117064
1.19681 -0.36131 0.336143 0.917557 0.546944 -2.26308 -1.08219 -1.35936 -0.59296 0.962379
2.17263 -0.48915 0.005271 -0.51848 -0.63989 0.58043 -0.20057 -0.35628 -1.32726 0.174109
-0.07091 -0.68755 0.886235 0.942311 0.592639 0.977134 0.126042 -1.2965 -1.57039 0.248468
-0.14548 0.15649 0.161489 -1.51302 -0.0448 0.173422 -0.63421 -1.19435 -0.39789 -1.17916
-0.22041 0.606232 0.6626 0.693259 1.05895 -1.47929 1.45691 0.100915 0.079109 -0.19822
-0.62248 0.542883 0.537637 -0.61524 -1.16333 -0.76612 -0.1428 0.528611 0.200169 -0.09664
-0.73428 0.760518 0.41978 0.164504 0.029825 -0.3518 0.412878 -0.02811 -0.19498 -0.39633
-0.68773 1.40391 0.542983 -0.14443 -0.0492 -0.32609 0.604602 0.526845 0.323155 -0.29205
0.922586 -0.43407 0.391913 0.667067 -0.789 -0.8585 0.472654 -0.09641 0.018631 0.744773
-0.612 -1.51565 0.380195 1.01688 2.46582 0.408472 2.17556 0.499202 0.917771 0.706728
-0.80009 -0.0681 -1.13726 -0.66882 -0.69521 0.41442 -0.13394 -0.24309 -0.04654 -0.3239
-0.00924 -0.79291 0.271098 0.714671 0.620344 -0.00282 0.40843 -0.5686 -0.63417 0.030305
-0.54255 1.39989 0.318118 -0.7616 -0.28431 0.47379 0.045841 0.621184 -0.29547 -0.60371
-1.27425 -0.42741 -0.43479 0.377901 -1.22843 0.412714 0.402056 0.430347 -0.50185 0.702136
-1.18251 -0.95059 -0.52327 1.04241 -0.96499 0.73956 -0.10108 0.21557 -0.20563 1.45848
-0.10234 -0.64266 -0.89212 -2.14286 -0.85819 0.175072 -0.64697 -0.19278 -0.24221 -0.2246
-0.54267 2.62588 1.44695 -0.85774 1.72951 1.57299 0.130966 0.322533 0.616868 -0.71171
-0.39929 0.005089 0.812802 -0.7206 -0.53526 0.54018 -0.66407 -0.78394 -1.01089 -0.51094
-1.44939 0.604418 0.347318 -0.90656 -1.08059 -0.96257 0.140619 0.724785 0.246533 0.329542
-0.4911 0.055984 -1.0575 1.33115 -1.61055 -1.1165 -0.56357 0.326517 0.264035 -0.91616
0.805563 0.191567 -0.84119 2.30782 -1.65388 -0.71127 -1.01367 0.018105 2.08449 -0.91782
1.38743 -0.3883 -0.986 0.810797 -0.03778 0.224339 -1.50374 1.44774 -1.02568 0.44526
-0.69799 -0.44564 -0.46615 -1.29389 -0.9456 0.099454 -0.61577 -0.21244 -0.52282 -0.13332
1.90708 0.012386 0.636572 -1.08012 -0.15086 0.320891 0.087677 0.564882 -0.46467 1.04804
-0.73233 1.31516 1.6924 -1.58727 -0.57923 -0.58533 0.090189 0.847328 0.722093 0.004738
0.769445 0.222213 -1.01991 -0.35951 1.07709 -1.17436 -1.0989 2.41272 -1.12076 -0.44228
0.465013 0.524758 -0.51973 -0.78085 -0.44426 -0.05546 -0.08746 0.257035 -0.72365 -0.68986
0.803304 0.520301 -0.81613 0.341556 0.92762 -0.57088 0.63039 2.14045 -1.27385 -2.20805
0.276894 1.57404 -0.2113 -0.45653 0.259525 1.02523 -0.36959 -0.1881 -0.49025 -0.47397
0.350213 0.416401 0.015105 0.320949 -0.63023 -0.23763 -0.06452 -0.3703 -0.79213 -0.07729
-0.94576 -0.48715 -0.3784 -0.53261 -0.6457 -0.40423 -0.03952 -0.14899 -0.64515 0.110157
-0.63604 -1.01429 0.409286 0.223821 -0.34514 -0.32475 0.610183 0.024639 -0.63691 1.04392
1.566 -0.58174 -0.23614 -0.17613 0.796979 -1.34623 0.636169 0.152496 0.095381 1.1119
-1.70717 -1.02941 -0.55197 0.80558 -0.86232 -0.35769 0.828362 0.731472 -0.33732 1.56423
0.046047 -0.77887 0.921766 1.10912 1.58391 1.17105 -1.70905 -1.50873 1.21527 -1.32521
1.59031 0.057505 -0.43026 2.4288 -1.32098 -0.13832 -0.60476 0.202884 1.50199 -0.51087
-1.08259 -0.5485 0.01814 1.14521 2.83884 3.1185 0.698849 2.25908 0.987973 0.377975
-0.46912 -0.14403 -1.06671 -0.92822 0.23431 0.343769 -0.18209 -0.66942 -0.34569 -0.86931
0.078903 0.293529 0.953147 0.911286 1.62499 -1.6147 1.37772 -0.96369 -0.43385 -0.37186
0.105243 0.620297 -2.30845 -0.05176 0.430545 -0.08396 0.371107 1.25599 -0.28729 -0.88035
0.805563 0.191567 -0.84119 2.30782 -1.65388 -0.71127 -1.01367 0.018105 2.08449 -0.91782
0.44647 0.333056 -1.14432 2.1649 -1.83824 -0.63464 -0.35962 0.404913 1.37209 -0.514
-0.59681 0.754386 0.129609 0.686448 0.719918 -1.5857 1.44897 0.283489 -0.00608 -0.47242
1.07772 -4.46406 2.2286 -2.12774 -1.09501 1.35706 1.23132 2.35442 0.89185 -1.35473
3.49726 0.150515 0.204126 0.396078 -0.0468 0.633423 1.43986 2.28032 -0.39387 2.29001
0.775105 0.491922 0.586789 0.786853 -1.13142 0.630428 -0.28697 0.076134 0.250418 0.249763
-0.2877 0.077118 0.825834 -1.45597 -1.58813 -0.53966 -0.41113 0.373103 0.262018 0.928698
0.465302 -0.35929 -2.3414 -2.09839 0.990776 -0.91033 0.574655 -0.36727 0.348271 -1.44031
1.25838 -0.14208 0.766843 -1.1285 -0.68232 0.12999 -0.27059 1.51158 -1.38474 0.425926
0.289767 1.00958 -0.06701 1.05479 -0.76646 0.59503 0.598344 -0.23033 -1.31668 -1.67004
-1.32484 -0.7971 -0.64621 0.636479 -0.32848 -0.38525 1.05765 0.186983 -0.36451 1.05524
-0.73228 -0.9957 -0.42555 0.333742 0.122082 -0.49498 0.565937 -0.48931 -0.48656 0.989007
-1.17296 -0.39401 0.512249 -0.52359 -1.01593 -0.07916 -0.24196 -0.08811 -0.73423 0.509379
-0.16957 -1.04881 -0.28261 -0.4003 0.795889 -0.00324 -2.07276 -1.34103 2.64995 -1.86222
-0.1681 1.27434 1.93055 -1.43261 -0.47982 -0.65718 0.132662 0.838782 0.538572 0.139451
1.36509 -1.20273 0.464893 -1.02718 -1.56071 -1.36966 0.405399 0.719362 -1.76266 2.89269
-0.12535 -0.49337 0.322648 0.589611 0.58285 0.031931 0.589361 -0.57809 -0.83576 -0.13914
-0.01127 -0.51708 -0.87585 -0.3376 -1.03242 0.147062 -0.20893 -0.20537 -0.56777 0.98792
0.259242 0.920172 -1.60367 -1.173 1.52399 0.863282 0.061181 -0.19629 -0.02025 0.318993
-0.18695 -0.8666 0.351412 0.417055 0.120953 -0.52483 0.584166 -0.31782 -0.8905 0.091164
1.50288 1.18333 -0.45377 0.871904 1.05197 0.340507 0.344735 -0.1231 -1.43828 -0.6098
-0.14548 0.15649 0.161489 -1.51302 -0.0448 0.173422 -0.63421 -1.19435 -0.39789 -1.17916
-0.47917 -0.49429 0.590018 0.891147 0.380796 0.040206 0.743475 -0.38643 -0.88665 0.152611
0.577293 0.509565 0.59437 -0.14301 0.728874 -1.84904 -0.63671 0.376129 0.363376 0.962745
-0.97328 1.53576 0.821568 -1.08329 -0.38958 -0.73478 0.23791 0.983768 0.998022 -0.29837
-0.28072 0.004525 -1.04895 -0.96317 0.448909 0.906898 -0.10788 -0.29282 -0.61862 -1.50223
0.539589 -0.57702 -2.13892 -2.1844 0.851956 -0.58022 0.511575 -0.39313 0.325807 -1.1612
-0.05931 0.623084 1.34863 -0.47667 0.041926 -0.17938 0.360989 0.254133 -0.19324 -0.33451
0.097314 0.816584 -0.69751 0.29217 -0.54778 0.398117 -0.00237 0.451971 -0.20637 -0.34362
-0.51949 0.957653 0.647194 -0.0112 0.119202 -0.51113 0.463645 0.015894 -0.07575 -0.47808
-1.09032 -1.26301 -0.51549 0.498833 -0.62126 -0.87152 1.02013 0.131363 -0.46503 1.49402
-0.74616 1.32724 0.426145 -0.66541 -1.16586 0.975577 -0.40229 0.456283 -0.11255 -0.19739
0.464507 0.254423 -0.22826 0.692332 -1.84394 0.624032 -0.60847 0.293589 -1.27622 -0.18287
1.50288 1.18333 -0.45377 0.871904 1.05197 0.340507 0.344735 -0.1231 -1.43828 -0.6098
0.815704 -0.47918 -0.42181 0.135311 1.12773 -0.55535 -1.11894 1.49484 -1.47416 -0.19662
-1.3863 -1.34906 -0.06014 0.466534 -0.4684 -0.01842 -0.6899 -0.14308 0.125186 1.19834
-0.78057 -0.35172 -1.25356 -0.43783 0.451645 -0.87698 -1.17735 0.262485 -0.1494 0.029051
