2.09814706769572
1.46314562514989
-1.87469877470305
-3.92498130910031
0.506080360782074
-1.89494548710962
0.849498353251696
-2.63131938510192
-0.0594537776444723
1.25480378311747
-1.49538479704486
-0.943023029599221
-0.0469852193709567
-0.334717589781981
0.247928905831658
2.77924704362843
-0.508098748355965
2.02518185069655
-1.36231691379221
-0.639781448024732
-1.69377525493153
0.839300477872965
1.04209525266961
-0.969103203894402
2.15061397784449
0.597895363070497
-2.59285525516145
-1.45930441993619
-1.01555404328402
0.331885024880296
-0.80691437048768
-2.62937807450324
-0.261946971124636
1.41572695874647
-2.30379150007621
0.963725427947457
0.00593501576178674
0.205787020941842
-0.058847909694912
-0.46241068527873
-0.941813937532232
0.0346822633181845
0.386389161398124
-2.46866947966823
0.389191807911703
-0.538748448327148
0.590566414462056
-0.186865950606054
0.574605968786533
0.0974144973072881
-0.0869779146751341
-0.537843212501963
0.0161658468154682
1.12180691442557
0.0793040012635729
2.11132657087494
0.102651190947637
1.20117248011009
-0.405629287028021
0.591418958098001
-1.43929429976322
1.40047585938047
0.324916744162267
1.83057035119387
-0.422781670603906
-0.0549157935006532
-0.73329391351099
2.80430755950312
1.85368678966881
0.525191639514545
-0.940109403620556
-0.721845628502646
0.255770634904818
2.44868557642661
-0.261115885568089
-2.00338859491366
0.17949367999544
0.493540050134179
1.40726632701649
-0.356105330949246
-0.860587667386834
3.09583167706753
1.6842974487077
0.899652955520712
1.49120689049468
1.19478037034348
-1.71553399337987
-0.169251019375963
-1.24015944942015
1.48348868371811
-0.500352566146376
0.396064111374885
0.619429498756527
0.232330296251443
2.53388964572614
-0.837952898235706
0.418196060545142
0.586414675747417
-1.05762626627138
0.440988352903776
-0.358949110572045
-0.131795542136181
1.62948638172466
-0.579263823095423
-1.47509375433673
-1.27892798896264
0.757379002845725
-2.0680148579454
0.175199235830128
0.950563816748486
0.495009774861832
0.0640719620827166
-0.322957271097565
-0.373220762359748
0.00363912423504336
1.85911414664502
0.0792606547134978
-0.812709712006017
-0.971311480053972
1.37832718643487
0.870467877066322
0.620422595886758
0.0422217962301823
0.0799776250970803
0.391528402156389
-0.443892793148777
-0.50095658956189
-0.164898103481401
0.653984323240432
-0.19359056837664
-0.379230869125479
-0.445530001567783
0.273315043449893
-0.606305368535249
1.89880237086271
0.291532522468261
-0.796376424515381
0.747133907395423
-0.491015227384455
0.192421465761879
1.03702186177678
0.674778616320712
0.590684772063325
0.148014062672607
0.473542288339322
2.58947498661712
0.565488314029461
2.68014957498952
0.0138132051245839
-1.20649350589289
-0.189025346613412
1.1927530429738
-0.212818913536547
-1.50106012088129
0.195824999983095
0.727057506965749
-0.351262752750006
-0.116834526491113
-0.180079417975999
1.83137260053483
1.11461679774631
0.705800235839986
0.679286288621712
0.286673712369418
-1.54107771739508
0.452436269005311
0.127697811332517
-1.41794640053134
0.40551654906126
-1.6584142461007
0.414971015735086
-1.42747126692125
0.0541410522648739
-0.684093673157244
-0.458878587034526
0.365546541525846
2.12998673806428
-0.222810262586622
-0.870961326860125
0.921425282036516
0.273959031769732
0.155463520838704
0.403722124857088
0.454663728318957
-0.557196371132299
0.14588829866935
0.601636078115276
-0.680710613263936
-0.236217996111764
-1.33096801244875
1.3156221285807
1.81576280078141
-0.636923711427654
0.9488333978757
0.314639369366164
0.854118480645019
-1.2333758065601
1.06091540244519
-0.110044181824031
-1.59710937404067
0.509491457592877
0.826923224034715
0.193400728886767
-0.434700619216256
0.336749860457022
-0.280582237104366
-1.10385815946977
-1.94978612812186
-2.3043451062278
0.252486380551894
-1.57003462698802
1.14301210820678
-0.0785678846624794
-0.528211609075277
0.944205154532576
0.362150446925281
0.823929914185274
-0.248769128026061
-0.484958392422898
0.321552252578353
-2.06239480864588
-1.181156002489
-0.505838333367369
-1.28973978675626
0.670465419392601
-0.487878474270723
-0.066171263216748
0.631704995799921
2.27394807048432
2.14208700437333
0.423355960084719
-0.329103074084595
-0.501026804824565
-0.606115197075132
0.409694418674881
-0.358659211304521
0.90250528148459
0.206673934395507
0.346388350144145
-1.14224654054542
0.115121470786262
1.28510572693656
0.200797494863624
-0.543533907455439
0.257482977343954
0.139092973760343
-0.150061778337826
0.0980045637485231
-0.239969102031667
1.26101537448546
0.52879678130696
0.754361837022625
0.389079967664062
0.377691199620928
-0.296236428643826
-1.09194105539146
-0.37982075111331
0.979470432046436
0.027363213709122
-0.931235842202205
0.517415145462136
0.582196226384789
0.243984677197165
-0.286673933759388
-1.56696606014951
0.221824691109414
-0.0588433598442659
-0.37976498470066
0.690075214193169
-0.234862325072607
0.876944036100946
-0.520557284661166
-0.188224449930748
-1.91856677455288
-2.45505399012506
-1.94565523264194
0.98968619940541
-0.414092808528002
0.881150987868021
-0.48092458091825
0.22481068430714
0.393813349447794
1.68534729600207
-1.05801331099864
0.910398657511031
-0.943190513290575
-1.49095699306804
-2.23792749321529
-1.25006797889157
1.10660721607499
1.70173272232173
0.2500715165792
0.165560008329387
-0.408158573596019
1.30005856514736
0.678743811158858
-0.489670562065104
-0.340893950549702
-0.540482187361216
-0.268906090656904
-0.408882491724508
1.37488626965699
1.12389683298388
-0.977372741897239
-0.21215137666539
0.421645831086437
0.421644109521328
0.781404489182879
1.99159565252453
-0.569717560110587
-0.0376885833269788
-0.00668467133454385
-0.334642578730787
1.15904682711988
0.273373392210207
0.516380669284812
-0.350834574913519
0.151193731945137
-0.345505470117478
0.70843134068731
-0.479103165032542
-0.885173277229214
1.21431453924818
-0.386057981504541
-0.972072288863376
-0.174644252472327
0.670060113778282
-0.556283634201995
-0.218592919944422
0.638207039795653
-0.966123912503709
-0.401151250240688
0.711385484930513
0.167689031009458
-0.685759287400555
-1.22550468791115
-1.07273976339756
-0.842709767086288
-3.58955482186836
4.13930696709398
-0.0852083301961111
1.52760022354645
-0.14981307366399
-2.46053699054499
0.255289027065473
0.886629930313045
-2.89086739826284
-0.483325856823474
0.405172236039387
-2.7496452603852
2.03481671280005
0.346485311150483
0.724345365589348
-1.05227668714743
-0.0149442488535337
0.743187465320075
0.116296377488935
-0.987928702818718
-0.445960761751934
-0.831645206643928
0.629407874583813
0.527176112209897
0.201477144175014
0.51811440831888
0.70332050575335
-0.120215987788248
0.429635122883257
0.0546973637330717
0.160941172109896
-0.390852109942846
-1.29883567601159
-0.0899345797815329
-0.156728723677248
0.52279515939784
-1.44148160971914
-0.520116809931041
-0.443265528604286
1.1300961889427
-0.0128535924816139
1.07188158773845
-0.0884585221536566
0.48918701127068
-0.309247402895728
0.348912287563411
0.652255748901693
-0.0762488134912278
-0.748336580529816
-0.0581415146398585
0.308605160688902
0.0196873697311434
1.22321970368318
0.337307155676711
-0.739606400891287
0.115290921980598
0.742588791053293
-0.0233646082568446
0.237822457857128
-0.987766137884819
0.742866885302924
-0.726080002342535
-0.302934116217344
-0.385786466093006
0.0542661116731757
0.0361712941688493
-0.839737792347309
-1.16395812040665
0.141538579967133
0.00102259120668065
0.259376883417661
0.565298818898495
-0.120306554409894
-0.717678272733086
-0.204152062900256
0.0467447781637626
-0.379817984312241
-0.455198864582193
0.709330059158867
0.198787260176099
0.545687241048349
0.62642145099481
0.0821815973438772
0.0341656708164385
0.00269625991532482
-0.457621045206602
-0.240665106211596
1.55333356395656
0.115613592469668
0.797372620416925
0.223980705471021
0.0243845371631106
0.310100462955322
-0.258000774987161
0.238731321265937
-0.37399147016853
-0.0533505833938991
0.267997374764936
0.808866219478326
-0.136242098875799
0.108649738633348
-0.93934699621498
0.402146277937337
0.710589568489773
0.450698349027406
-0.211278358701538
0.320470248907117
1.50927680678939
0.49851113087194
0.332320396399561
-0.930441647326573
0.672569417894119
0.211972051019579
-0.6429129134742
-0.519058293326654
0.854817067172613
0.383626971664615
-0.172044689157186
-0.253880823742577
-2.00501867113435
0.333815514212577
-0.593578575495328
-0.0262402368341668
1.92800232855841
-0.209715177582234
0.0403368054043635
0.419572021458802
-0.950129957793022
-0.516396261791829
-0.568531709172575
0.291964573826244
-1.94725930093259
-1.55744346868493
0.724128140963227
-0.17505048035367
-1.02373160052245
-2.06032327394357
1.11481311765325
0.65291203411517
0.623182818117284
-0.172654922503988
0.678314711055349
0.0462034689058036
-0.253306251387326
-1.74824668171228
-1.18696222675821
1.42032575102933
0.019468423539913
-1.04147927671936
-1.11259301192788
-0.970197197036936
-0.122028857332878
1.16297740620243
0.485698566998892
0.627215215479164
-0.0552646563731725
-0.0174073166492901
-0.0211181502425273
0.156330513324674
-0.00579345396810627
-0.85713783536107
1.37561320052442
0.455681296267528
0.444573758181902
0.329155790821738
-0.581888963949332
-0.906135607361061
-0.286785651038092
0.13106334815239
0.486828221132977
-0.727233696903683
-1.0570587031455
-0.472095472770401
-0.0681340318948292
-1.19672829671683
0.498957692564416
-0.78060393685912
-0.146195143102191
0.65771212654689
-0.965981944866654
-1.85234597332305
-0.0352097755073653
1.38259605306141
0.35770911636546
-1.60517545993826
1.40662522846666
-0.481114567924962
0.22913476398612
0.196388136227262
-1.18623886198993
0.193885656887395
-0.253734429223812
0.121585455896183
0.428557730547135
0.472288743001831
-0.0884090271567624
-0.903693813191299
-0.545687032047041
