-0.3740964
2.122475
0.07071272
-0.6145385
-0.8068931
-0.5424063
-0.5904944
-0.1817476
1.609515
2.763681
-0.5424063
-0.7107161
-0.4422239
-0.3740964
1.609515
-0.5424063
-0.3139881
-0.1577054
-0.4422239
-0.2779194
-0.1817476
-0.6866714
-0.4221846
1.994234
0.3271797
3.533127
-0.570459
-0.6145385
0.07071272
1.865993
1.994234
-0.2538753
-0.6385832
-0.7107161
2.378958
-0.5424063
-0.7107161
-0.4462293
1.609515
-0.5664504
-0.5664504
-0.5664504
-0.5424063
-0.6626273
-0.7347602
-0.2779194
-0.3740964
-0.2538753
1.481281
-0.3019635
-0.6145385
-0.2298325
-0.3500523
-0.2298325
-0.3981405
-0.05752047
2.122475
-0.1857537
1.609515
-0.5664504
-0.05752047
-0.3740964
1.737752
-0.6626273
-0.5183615
-0.5424063
-0.5664504
-0.2057897
-0.6385832
1.737752
-0.5664504
-0.6145385
-0.4221846
-0.6145385
1.994234
0.3271797
-0.2538753
-0.5904944
1.609515
-0.4221846
-0.7588043
2.378958
-0.5904944
-0.6866714
-0.7347602
-0.2298325
0.1989465
-0.3260076
0.3271797
1.737752
-0.3740964
0.07071272
-0.4943175
-0.5183615
-0.1336633
-0.6626273
1.994234
-0.6385832
-0.5183615
0.7118806
-0.1857537
-0.7347602
-0.3740964
-0.5904944
-0.3981405
-0.5904944
-0.5664504
-0.2538753
-0.3019635
1.865993
-0.7588043
-0.3139881
-0.05752047
2.122475
-0.5183615
3.661368
-0.1096205
-0.5904944
-0.5183615
-0.3260076
-0.7347602
-0.5183615
-0.3500523
2.63544
-0.6145385
-0.5664504
-0.5664504
-0.3139881
-0.5424063
1.994234
-0.7107161
-0.5904944
-0.5183615
-0.6385832
-0.7347602
-0.3740964
-0.3260076
0.8401138
-0.5424063
-0.7588043
-0.6626273
-0.5424063
-0.4702734
1.865993
-0.4462293
-0.6626273
-0.2298325
-0.5904944
-0.5424063
-0.5664504
-0.5664504
-0.5904944
-0.5664504
-0.2057897
-0.6626273
-0.3500523
-0.5183615
-0.3981405
-0.05752047
-0.5424063
0.07071272
-0.5664504
-0.1817476
-0.7107161
2.507198
-0.5664504
2.122475
