-0.298596831093045
-0.130915978662307
-0.350997097477651
4.09516550525615
0.469067071441429
-0.0732756856392406
0.170385553049176
0.327586352202993
-0.0575556057238589
-0.188556271685373
0.0996451934299583
-0.282876751177664
-0.288116777816124
-0.16235613849307
1.00878981520287
-0.277636724539203
-0.419117443777638
1.30747133359512
-0.364097164073802
-0.450557603608402
-0.348377084158421
-0.560598163016074
-0.513437923269929
-0.309076884369966
-0.243576551389209
-0.282876751177664
0.733688416683688
-0.25405660466613
1.06905012154516
-0.104715845470004
-0.136156005300767
-0.458417643566093
-0.0261154458930954
-0.233096498112288
-0.364097164073802
-0.0392155124892469
-0.264536657943052
-0.298596831093045
0.144185419856873
-0.406017377181487
0.125845326622261
-0.00777535265848344
-0.466277683523784
-0.440077550331481
-0.408637390500717
-0.374577217350724
8.46872992074162e-05
-0.476757736800705
-0.319556937646888
-0.52391797654685
-0.408637390500717
0.322346325564533
0.0734450602376554
-0.332657004243039
-0.34313705751996
-0.348377084158421
0.0158047672145891
-0.421737457096869
-0.324796964285348
-0.141396031939228
-0.238336524750749
-0.136156005300767
-0.031355472531556
0.0813051001953463
-0.379817243989184
-0.24881657802767
-0.416497430458408
1.50135231921816
-0.377197230669954
-0.24881657802767
-0.136156005300767
0.880409162560584
0.154665473133794
0.0498649403645829
-0.261916644623821
0.762508563195221
-0.560598163016074
-0.306456871050736
-0.392917310585336
-0.461037656885323
-0.295976817773815
0.594827710764482
0.0996451934299583
-0.240956538069979
-0.25405660466613
-0.146636058577689
-0.133535991981537
0.254225979264545
-0.458417643566093
-0.230476484793058
0.542427444379877
-0.322176950966118
0.335446392160684
-0.222616444835367
-0.172836191769992
-0.0758956989584709
-0.390297297266105
-0.188556271685373
0.429766871652974
0.566007564252949
-0.560598163016074
3.69954349405237
-0.353617110796881
-0.516057936589159
-0.371957204031493
2.41573696762953
0.0210447938530497
0.0629650069607343
-0.172836191769992
0.149425446495334
-0.471517710162244
-0.196416311643064
-0.306456871050736
-0.516057936589159
-0.544878083100692
0.639367937191397
-0.542258069781462
-0.537018043143001
-0.539638056462232
0.0472449270453526
-0.550118109739153
-0.544878083100692
-0.537018043143001
0.0734450602376554
-0.534398029823771
-0.547498096419923
-0.552738123058383
-0.534398029823771
-0.534398029823771
-0.534398029823771
-0.52915800318531
-0.471517710162244
-0.382437257308414
-0.43483752369302
-0.458417643566093
-0.15711611185461
-0.298596831093045
-0.031355472531556
0.133705366579952
2.08299527608729
0.610547790679864
-0.421737457096869
-0.309076884369966
-0.0261154458930954
-0.314316911008427
-0.0916157788738526
-0.468897696843014
0.400946725141441
-0.0365954991700166
0.628887883914476
-0.0549355924046286
0.453346991526047
-0.377197230669954
-0.133535991981537
-0.201656338281525
0.0996451934299583
-0.303836857731506
0.510987284549113
0.178245593006867
0.513607297868344
0.193965672922249
-0.214756404877676
-0.34051704420073
0.898749255795196
4.61130812914451
-0.243576551389209
0.00794472725689828
-0.461037656885323
0.0367648737684314
0.0289048338107406
0.0760650735568857
-0.0654156456815498
2.51529747376028
0.162525513091485
0.222785819433782
-0.0523155790853983
-0.0392155124892469
-0.261916644623821
0.149425446495334
0.676048123660621
-0.324796964285348
-0.371957204031493
0.128465339941491
-0.385057270627645
-0.25405660466613
-0.130915978662307
-0.24881657802767
1.5825727321143
-0.377197230669954
-0.212136391558446
0.723208363406767
0.304006232329921
-0.369337190712263
-0.403397363862257
-0.476757736800705
2.819219018791
-0.125675952023846
-0.442697563650711
-0.377197230669954
0.0760650735568857
-0.214756404877676
-0.450557603608402
1.87863423718732
-0.136156005300767
-0.387677283946875
-0.303836857731506
-0.280256737858433
0.191345659603018
-0.42959749705456
-0.52129796322762
0.670808097022161
-0.230476484793058
-0.487237790077626
-0.411257403819948
-0.298596831093045
0.149425446495334
-0.309076884369966
-0.00515533933925316
-0.335277017562269
0.497887217952962
-0.290736791135354
-0.243576551389209
0.00794472725689828
-0.230476484793058
0.634127910552937
-0.219996431516137
-0.206896364919985
-0.261916644623821
-0.505577883312238
-0.419117443777638
-0.24619656470844
-0.516057936589159
0.20968575283763
-0.196416311643064
-0.225236458154597
-0.0732756856392406
1.07429014818362
-0.183316245046913
0.93804945558365
0.510987284549113
16.0345662009886
-0.06803565900078
-0.330036990923809
-0.259296631304591
-0.2514365913469
-0.382437257308414
-0.3378970308815
0.0524849536838132
0.157285486453025
0.225405832753012
1.59567279871045
-0.3378970308815
-0.141396031939228
-0.2514365913469
-0.0287354592123257
-0.031355472531556
-0.185936258366143
0.199205699560709
-0.353617110796881
-0.364097164073802
1.00092977524518
-0.416497430458408
-0.295976817773815
-0.332657004243039
-0.049695565766168
-0.421737457096869
1.35201156002204
0.144185419856873
0.977349655372104
-0.112575885427695
-0.374577217350724
-0.172836191769992
-0.481997763439165
0.149425446495334
0.0105647405761286
-0.0523155790853983
-0.43221751037379
-0.327416977604578
-0.25405660466613
-0.458417643566093
-0.16235613849307
-0.314316911008427
-0.513437923269929
-0.233096498112288
1.02450989511825
-0.385057270627645
-0.495097830035317
-0.109955872108465
-0.497717843354547
-0.311696897689197
-0.316936924327657
-0.387677283946875
-0.25405660466613
-0.371957204031493
-0.314316911008427
-0.52129796322762
0.186105632964558
-0.327416977604578
0.0524849536838132
0.39046667186452
-0.154496098535379
0.0629650069607343
-0.06803565900078
-0.0785157122777012
-0.133535991981537
-0.206896364919985
-0.495097830035317
-0.301216844412276
-0.369337190712263
-0.34575707083919
-0.487237790077626
0.0105647405761286
-0.364097164073802
-0.324796964285348
0.0315248471299709
0.0551049670030434
-0.453177616927632
-0.406017377181487
-0.34313705751996
3.20960100335631
-0.390297297266105
-0.442697563650711
-0.306456871050736
-0.240956538069979
1.24983104057205
-0.0889957655546223
0.097025180110728
-0.209516378239216
-0.403397363862257
-0.34051704420073
-0.385057270627645
-0.0889957655546223
-0.34313705751996
-0.301216844412276
0.259466005903006
0.461207031483738
0.104885220068419
-0.261916644623821
0.0472449270453526
-0.204276351600755
-0.395537323904566
-0.0916157788738526
1.92317446361424
-0.371957204031493
-0.0627956323623195
4.17114589151382
-0.0627956323623195
-0.0287354592123257
0.107505233387649
0.563387550933719
-0.2514365913469
-0.06803565900078
-0.123055938704616
0.248985952626085
-0.104715845470004
0.317106298926072
-0.301216844412276
-0.285496764496894
-0.125675952023846
-0.0103953659777137
0.0577249803222737
-0.149256071896919
0.369506565310678
-0.0654156456815498
-0.419117443777638
-0.0365954991700166
0.822768869537517
0.977349655372104
-0.413877417139178
-0.243576551389209
-0.364097164073802
0.267326045860697
-0.353617110796881
0.212305766156861
-0.128295965343077
5.14317083294826
-0.00515533933925316
0.173005566368406
-0.332657004243039
-0.240956538069979
-0.379817243989184
-0.0811357255969315
-0.413877417139178
-0.230476484793058
-0.455797630246862
-0.445317576969941
-0.398157337223796
1.74763357122581
-0.259296631304591
-0.374577217350724
-0.199036324962294
-0.408637390500717
-0.259296631304591
-0.306456871050736
-0.324796964285348
0.0289048338107406
-0.240956538069979
0.424526845014514
-0.170216178450761
0.539807431060646
-0.358857137435342
-0.324796964285348
-0.235716511431518
-0.385057270627645
-0.445317576969941
-0.120435925385386
-0.107335858789234
-0.322176950966118
-0.288116777816124
-0.348377084158421
-0.0156353926161743
0.0917851534722675
-0.471517710162244
-0.560598163016074
-0.458417643566093
-0.421737457096869
-0.366717177393033
-0.458417643566093
-0.555358136377613
-0.24619656470844
-0.461037656885323
-0.3378970308815
-0.542258069781462
0.042004900406892
-0.555358136377613
-0.552738123058383
-0.544878083100692
-0.550118109739153
-0.547498096419923
0.060344993641504
-0.516057936589159
-0.272396697900742
-0.185936258366143
-0.170216178450761
-0.43221751037379
-0.335277017562269
-0.466277683523784
-0.560598163016074
1.45943210611048
-0.369337190712263
-0.382437257308414
-0.395537323904566
0.0367648737684314
-0.2514365913469
-0.385057270627645
0.136325379899182
-0.109955872108465
-0.233096498112288
-0.382437257308414
-0.225236458154597
0.178245593006867
0.00794472725689828
-0.484617776758396
-0.0942357921930829
-0.128295965343077
-0.133535991981537
4.34668678390225
-0.311696897689197
0.254225979264545
-0.0994758188315435
0.259466005903006
-0.115195898746925
-0.374577217350724
0.0629650069607343
0.238505899349163
0.131085353260722
-0.217376418196906
0.0262848204915103
-0.400777350543026
-0.0837557389161618
-0.335277017562269
-0.34051704420073
1.0978702680567
-0.280256737858433
-0.282876751177664
-0.227856471473828
0.788708696387524
-0.542258069781462
0.0315248471299709
-0.306456871050736
-0.277636724539203
-0.52391797654685
-0.34313705751996
-0.387677283946875
0.429766871652974
-0.290736791135354
-0.272396697900742
-0.16235613849307
-0.201656338281525
0.11274526002611
-0.0994758188315435
-0.34051704420073
-0.364097164073802
-0.259296631304591
-0.204276351600755
