-0.6024195
-0.6024195
-0.6024195
0.1937980
0.1937980
0.6008005
3.05327
-0.6024195
-2.493871
0.4065621
0.4065621
0.7794826
-0.6024195
-0.9465353
-0.9465353
1.243003
-0.04140186
-0.9465353
1.243003
1.098931
0.1937980
-0.3043329
-2.493871
-0.6024195
-0.04140186
-0.9465353
-0.6024195
-0.3043329
-0.3043329
-0.6024195
-0.6024195
-0.04140186
1.098931
0.1937980
0.1937980
-0.04140186
1.62663
0.6008005
-0.9465353
0.4065621
-0.6024195
-0.6024195
-0.04140186
-1.353538
-0.3043329
-0.9465353
-0.04140186
-0.6024195
0.6008005
1.098931
-0.3043329
-0.3043329
0.1937980
0.1937980
-0.6024195
-0.3043329
-0.6024195
-0.04140186
0.9449163
-0.9465353
-0.04140186
0.6008005
-0.3043329
0.4065621
0.9449163
-2.493871
-1.353538
1.953898
-0.3043329
-0.3043329
2.326818
-0.3043329
0.9449163
3.231952
0.1937980
0.9449163
1.243003
-0.6024195
0.6008005
0.4065621
0.4065621
-0.9465353
-1.353538
-1.353538
-0.6024195
1.62663
0.7794826
-0.6024195
-0.6024195
-4.94634
-0.6024195
1.953898
0.9449163
-0.04140186
0.1937980
-0.9465353
-0.3043329
0.6008005
0.1937980
-0.6024195
1.741134
-0.3043329
-0.9465353
-0.04140186
0.9449163
-0.3043329
-0.3043329
-0.9465353
0.1937980
-1.353538
0.1937980
-0.9465353
0.1937980
0.6008005
-0.3043329
-0.3043329
0.7794826
-0.04140186
1.243003
-0.3043329
-0.04140186
0.4065621
-0.9465353
0.4065621
-1.851669
-0.04140186
-0.6024195
-0.3043329
1.741134
-0.9465353
-0.9465353
-0.04140186
-0.6024195
-0.3043329
0.1937980
0.1937980
-0.9465353
-0.6024195
-0.6024195
1.741134
2.990383
-0.6024195
-0.3043329
0.9449163
-0.6024195
-0.9465353
-0.9465353
-1.353538
0.6008005
-0.6024195
-0.04140186
-0.04140186
-0.9465353
-0.6024195
-1.353538
-0.6024195
0.6008005
-0.3043329
-1.851669
-0.3043329
1.378337
0.9449163
-0.3043329
1.098931
-2.493871
0.1937980
1.098931
-0.6024195
-0.6024195
-0.04140186
-0.6024195
1.62663
3.231952
-0.04140186
0.4065621
0.1937980
-0.3043329
-0.3043329
0.1937980
1.62663
0.7794826
-0.6024195
-0.9465353
-0.3043329
0.4065621
-1.353538
0.7794826
-0.6024195
0.1937980
-0.6024195
0.1937980
0.4065621
0.1937980
0.4065621
-0.9465353
-0.6024195
-1.851669
0.1937980
-0.04140186
-0.9465353
-0.9465353
-0.6024195
-0.3043329
0.6008005
-0.6024195
2.859031
-0.3043329
-0.9465353
-1.353538
-0.3043329
2.148136
0.9449163
-1.353538
0.6008005
-0.9465353
-0.6024195
-0.3043329
0.4065621
-1.353538
-0.04140186
1.098931
1.378337
1.505934
1.741134
-0.04140186
-0.3043329
-0.3043329
-0.3043329
0.1937980
0.1937980
-0.9465353
1.243003
0.1937980
0.6008005
-0.3043329
2.326818
-1.353538
1.098931
-0.3043329
-0.6024195
-0.6024195
-0.04140186
1.850050
0.4065621
-0.6024195
-0.6024195
0.4065621
0.1937980
-0.9465353
-0.3043329
-0.3043329
0.6008005
1.741134
0.4065621
-0.6024195
-1.353538
-0.3043329
-0.6024195
-0.3043329
-0.04140186
0.6008005
0.1937980
0.1937980
-0.9465353
0.7794826
1.243003
-0.3043329
-0.04140186
0.6008005
-0.3043329
0.1937980
0.4065621
-0.3043329
1.243003
4.156084
1.850050
-0.3043329
-0.6024195
-0.04140186
0.6008005
-0.3043329
1.741134
-0.6024195
0.9449163
-0.3043329
-0.9465353
-0.9465353
1.098931
0.7794826
0.6008005
0.6008005
-0.3043329
-0.3043329
1.953898
0.7794826
-0.9465353
0.1937980
1.098931
-0.3043329
-1.353538
0.4065621
-0.6024195
-1.353538
-1.353538
0.1937980
-1.353538
0.1937980
-0.9465353
1.098931
-0.9465353
-0.9465353
0.4065621
-0.6024195
0.4065621
0.1937980
-0.3043329
-0.3043329
2.719465
-0.9465353
0.4065621
1.378337
0.6008005
-1.353538
1.098931
-0.04140186
-0.6024195
-0.6024195
1.850050
1.098931
1.850050
-0.6024195
-0.3043329
-0.3043329
0.1937980
-0.6024195
-0.3043329
0.4065621
-0.3043329
0.7794826
-0.3043329
0.9449163
-0.3043329
-0.04140186
-0.3043329
-0.04140186
-0.04140186
-0.9465353
-0.6024195
0.1937980
-0.04140186
0.4065621
-0.3043329
-0.9465353
-0.04140186
0.4065621
-0.3043329
-0.3043329
-1.851669
-0.3043329
-0.9465353
1.098931
-0.9465353
-0.3043329
0.1937980
2.859031
0.1937980
-0.04140186
-0.3043329
-0.04140186
1.505934
-0.3043329
-1.353538
-0.3043329
1.243003
-0.3043329
