37000
53900
79900
83400
94000
68500
71900
46000
96000
68000
65000
23000
97500
90000
70700
54471
70000
119362
93900
58000
92801
87500
73000
61000
88000
1e+05
30000
74250
66950
65900
65000
140000
115000
56383
26293
96000
91500
57000
23900
66650
69000
103000
41900
74000
80000
56250
57900
68000
69900
66000
117560
65000
66000
91200
48000
39562
99900
40000
77500
109000
79000
50000
71900
78260
77500
93700
26900
67000
102400
36450
67000
135000
94000
123000
93000
60000
120000
90000
64000
21000
80000
57400
71500
54900
79900
59900
34000
91500
41900
93500
108000
52000
102000
53500
105000
65000
50500
47500
104000
43200
55000
93000
61900
97000
78000
72000
80216
92000
40000
59408
82900
61900
105000
53000
73500
120233
121000
46900
52000
69750
88000
49000
47900
89898
105000
47000
62500
106400
65000
60000
101000
119041
72715
64500
47900
90000
46000
86000
112000
47500
84000
121600
110000
88000
60000
79899
44000
114000
73500
76000
87100
59000
75000
79000
83000
73000
105000
60000
51900
71200
98700
50000
48680
80290
97500
47000
69000
48700
66000
59900
105000
80000
66000
97900
93000
54900
89550
110000
82750
129500
111000
92000
87000
108000
41700
72900
95000
90000
80500
91000
96350
81500
148000
70000
57000
93500
85000
70000
97500
102000
68682
107000
82000
76000
84000
90900
43050
110000
82000
72500
74000
146900
90000
57900
66000
58000
63500
87000
105000
96000
33900
107000
87300
104000
59500
58869
105000
60000
64053
39500
97000
91000
49000
66676
107900
75294
68900
41500
60900
88000
80000
58500
106000
109500
103000
165000
61000
96000
105000
40050
45000
74000
96900
109500
39900
79500
73000
98800
71500
63500
75000
85000
54500
111000
107300
59000
112000
60000
88300
13400
118500
50000
47000
82500
55900
73000
88700
44500
89100
79000
79150
67700
69000
52000
70000
73000
55450
97350
56200
36500
49821
91450
75000
109250
73000
92500
87000
127500
43000
58552
65900
68000
76000
54300
82500
104500
88000
32000
117209
35900
50000
47900
41050
102253
92900
52000
104000
44000
81223
50000
90000
51000
105900
50900
93000
54999
63000
56000
76150
105300
88500
84000
125000
127830
67000
1e+05
61800
64050
82500
69000
72650
71600
54300
58500
77000
49900
89900
39000
117500
51000
49700
86500
61000
91000
35000
49500
1e+05
53000
84000
66600
95900
50000
85450
89000
38000
88000
76900
77500
66350
109000
110000
47900
119000
57000
101451
91250
68000
180265
68000
69900
38750
83400
76800
40050
116597
89700
116900
98000
55000
64000
87000
47000
43500
102507
46000
140000
112000
65841
110000
90000
49900
93000
65000
65503
115000
35000
112500
65500
98000
77500
34000
83000
89000
104452
94952
65000
89000
65000
46900
107000
113044
121626
105000
54500
89100
84200
62000
75000
107051
61000
125000
75000
54239
58500
63660
110871
59900
87500
64900
45800
116500
83220
47000
23000
98400
89900
65000
59900
70000
58850
82000
80000
93000
39000
56400
38000
75000
92000
82000
65000
46900
55000
48600
75150
96000
79000
97000
45500
83900
106000
49900
104000
66800
114000
55250
77000
92500
58000
126000
112500
73800
95000
79000
56000
73000
94000
49900
64900
55000
92757
60500
1e+05
99450
46000
92000
51900
55500
82000
103000
44050
61250
67500
35000
51500
76000
65200
72000
47850
50000
120000
39900
81500
82000
95600
73500
50000
51279
42000
47000
52250
47000
72500
51000
88500
59000
89900
76000
106000
67500
83209
94000
101000
90000
67150
110000
53450
57000
95000
106383
63000
96000
74850
105000
94000
98000
81000
112000
44500
56400
43900
121000
94200
64900
53900
61000
81000
91000
66900
39000
50000
82000
56950
73000
117800
39000
39900
73600
55000
88000
52000
65000
80000
83755
59000
69900
51950
126500
110000
65000
83000
112500
105000
59900
62900
39000
39000
70000
101000
54000
38650
73000
62000
120000
68000
62000
115000
54000
106000
131945
95000
47700
127502
108000
62000
81900
59900
108000
71000
85000
82000
89000
78000
48500
91550
62000
74000
76198
47000
54432
55000
106800
92500
75000
113000
85900
68000
105700
60000
108500
61000
49500
99000
102000
60000
79844
64000
55000
78020
54000
86000
65000
104000
65000
69000
103900
95000
63566
82864
101750
49350
96200
56500
66400
44202
111382
98000
62500
75900
106950
89750
87500
108000
113000
97000
65000
65000
112000
90000
1e+05
39900
135000
50000
79231
80000
99000
60900
51900
95000
38000
56500
87000
65800
75000
45000
94500
126000
57000
84900
82000
68000
70000
65000
55000
105000
40900
35000
61900
70000
70000
38900
54850
52300
55000
69537
90000
110000
84500
59900
77000
69700
77173
66000
48000
102000
132800
52850
44954
95000
40000
1e+05
61500
102500
55900
96849
79500
59000
109000
30000
65600
77000
82500
46000
58000
73000
63000
69000
93000
114000
55000
93400
155389
80200
77000
93500
47900
59900
85000
42850
102000
56000
45000
66500
68542
97000
88900
63500
69750
46050
42900
83000
45000
10564
64900
88000
65400
65723
65847
55500
136900
77000
79000
35000
123600
105800
97000
59900
105000
95000
108000
105000
56900
88500
50000
44000
65000
107500
115000
94500
101500
115000
57000
69000
66705
107000
70000
85000
59000
55000
95000
108000
53900
64000
79000
66500
68900
82500
62000
75000
74900
67000
57000
51000
119950
55983
105000
73670
35000
66900
37000
89900
69485
48000
59000
73000
52000
55000
72070
95000
113500
93000
56451
104000
54293
115000
1e+05
103000
86000
90350
145000
67500
50100
68500
68100
66150
42000
50000
97000
43000
66000
105000
105016
46150
85000
113000
76900
81900
82000
69900
65000
81500
118500
76150
90000
94000
53000
87000
101000
113000
46900
94000
77000
82900
75500
91600
150000
39900
63000
65500
54500
102392
68600
73000
76305
55000
109356
69787
48250
96000
104400
45550
66100
64000
65500
44000
71900
70000
66150
105500
46500
40800
57700
81000
110000
95000
65000
51200
132000
38650
64000
83000
105000
96000
104500
55900
88500
72000
44900
67500
85750
49500
113500
29900
112000
71200
76500
78000
32000
106000
94500
91000
75000
58000
26000
106500
54000
111500
58000
55900
49900
55000
52000
99500
50000
97000
99000
65000
105000
21200
49000
80750
143000
61000
54900
49000
45000
61000
91000
61600
82000
90000
116000
85000
69132
67000
68050
53000
81000
41900
66000
81226
79000
78000
79900
49900
80000
116000
85500
63800
64900
89000
74000
82900
82000
52900
104000
67800
102500
51900
110000
120000
81700
73000
54900
113000
72000
58900
95000
83000
39400
72000
61000
77000
106000
51000
110000
67000
86700
110000
107000
78000
110000
51900
76000
83900
87900
69000
56057
89000
96500
68000
55900
53917
107000
99500
96500
94500
105000
39900
98000
67825
49000
85000
126000
64000
61000
82500
54900
70000
88500
69000
63000
41000
115000
71500
1e+05
109900
70000
68500
103000
76700
67000
94561
98750
107000
107500
38150
36000
104900
104900
100500
108500
95000
54000
53900
69400
110483
33000
105500
95082
89400
106000
101992
45000
46200
63000
53000
77750
53050
75000
81000
36950
83000
66000
166000
70000
59000
100900
80000
106000
73000
106000
102000
92000
48875
94000
39500
49000
101312
67900
29900
97000
110000
167214
110498
66000
86500
55000
25000
110481
64900
103000
49900
46700
48000
88900
122700
106000
63248
87000
60000
118000
92600
51000
157200
51000
68000
55000
57000
104000
92500
82000
74800
49253
110000
69000
80000
111189
96000
92000
111000
38000
105000
75000
112000
53000
108000
115000
65000
45000
110000
78850
95000
50850
105000
53118
80000
95000
111900
55300
63000
66150
109200
117500
28000
82000
65000
77500
93500
88500
89000
51000
71100
61500
63000
85700
44000
86000
83000
51000
42000
48000
69900
104500
72500
90000
50750
62500
24900
57422
51200
110000
63070
97000
92000
33000
102000
43000
42900
72500
99750
111000
57900
46900
86264
39750
93000
68000
92000
34100
86600
59300
117500
79500
65000
65000
87500
56900
117500
48000
51000
46000
106000
86500
48323
145000
55000
47000
96000
90760
76000
49900
80900
87000
49900
72900
70000
62000
92000
40000
112000
95000
115000
70000
112149
54900
102000
53900
98500
74900
108000
87350
107490
95000
105000
71900
65000
57000
73900
88600
82000
73750
55000
57900
72000
78500
52000
50900
48000
56000
112000
76000
39900
42900
86820
70000
61007
82500
76900
80000
89000
91000
67681
84000
56000
55760
71558
46150
105000
42900
75000
97750
33900
57000
76000
116000
55000
105000
69500
74500
55000
50850
140000
87000
59900
59000
53000
70693
64900
49900
69900
35000
84354
82000
57400
96500
59900
102000
91000
59900
79900
90000
75000
59900
89900
56400
95963
86000
46896
95415
53900
43500
73000
79900
73000
157000
44000
58024
105000
79165
48000
92000
45289
118150
64952
107000
109000
63000
66500
53300
89000
105000
48000
84149
57900
64000
42950
51170
82000
63000
109242
63000
103500
35900
53200
65000
45000
79300
33500
66400
75500
55000
69000
88000
49000
56000
95000
98500
61044
67900
65000
95400
70000
49000
69000
98300
117000
50456
107000
58696
49900
53300
118850
89900
83500
104460
42000
77000
63000
92000
84000
35000
105500
77000
99400
69092
103000
79000
41798
105000
29000
57000
76900
74000
97500
37900
72900
145000
81850
48200
55000
54300
48000
95950
48000
67000
56000
56000
66050
27937
43223
54000
107500
72500
75000
56000
75000
130000
52000
79900
89500
48000
110600
104500
119000
50000
78000
37000
90000
143000
67500
79900
94500
95500
98391
43350
69500
109000
85000
85000
66424
85000
105116
45000
55000
27000
85452
106000
99800
107500
65000
49900
105000
94300
115000
80500
74900
59480
48900
74500
85000
60000
215000
85000
97400
102250
66900
84000
70000
44000
59000
91200
65900
80000
89000
112000
80500
82500
107000
68000
108000
39800
52000
69500
53950
66448
60000
91250
35125
90000
99500
95000
42150
83000
52000
72000
49900
101366
105000
112000
87500
69900
46150
64557
65000
97500
84000
53900
74000
83150
91000
71200
98500
109500
96000
60000
39900
125000
144000
38000
69000
42900
60300
72500
36000
92300
71050
76500
59000
85000
76500
115000
45000
61115
83540
37150
68900
42000
109700
78000
99400
31000
54000
86000
79000
92000
62500
105400
1e+05
115000
71150
80000
64900
107000
74900
56000
68000
52900
39000
82000
121000
107000
56000
92000
68200
145000
48000
73500
56000
102000
117000
108200
1e+05
69000
98000
76000
69000
90000
90000
57396
45800
76605
33000
1e+05
88500
94577
52000
79000
67300
42000
93000
105000
114000
60000
110000
37500
118000
107000
95900
84900
94000
172900
114000
104935
60000
89132
69000
75500
60000
46000
45000
124150
126000
75000
45100
107000
102000
112000
78000
95250
94000
130000
76500
30000
38900
63900
53000
88750
79500
49000
75788
66000
52000
92000
68000
79000
68000
91550
87650
45000
63700
149500
46500
67000
93500
85500
85900
56500
45900
124000
82300
63900
86000
58600
64500
47152
87900
65000
62500
58000
84279
52500
48800
114000
75900
79000
77000
51990
62900
69000
87250
79000
82750
91000
63000
93000
63000
108000
107000
106600
66600
46000
96500
54900
60000
93000
1e+05
85000
95885
43000
85000
97000
64950
122000
54000
107000
72750
65000
35900
66000
75900
60933
57500
41000
51100
75650
75000
99550
65000
86000
91903
58900
73250
130912
95000
82224
25500
67900
75000
85500
77000
89500
85250
121000
65000
91000
46900
73000
96500
105000
53000
36000
48000
35000
86000
79000
39000
105000
65000
47500
50000
45000
60000
80160
66000
53900
52300
75700
63100
83000
55000
42000
175000
86000
92500
56000
115900
63100
58969
90000
76000
55000
110544
108800
42500
121776
75000
56900
56500
66600
94500
70000
67000
94000
33000
46500
102000
45700
89900
87500
38500
83000
83000
65900
89500
97147
71800
117000
42000
81900
111000
39900
85600
84500
57400
47000
60000
65000
48000
41000
83800
142000
99000
52500
110000
107500
90000
93242
66000
38000
48200
64000
54000
135000
96000
78000
85000
82900
75000
47300
1e+05
36900
98075
97900
165000
68200
58542
101300
106700
67000
122000
67500
79900
27500
70000
54000
110000
89550
106450
47500
67000
64500
80500
40900
96500
66500
94900
105000
74146
63299
107000
72500
52000
55000
58957
97152
102181
75100
104022
72900
114500
98164
75000
81000
59900
113000
105200
71700
99900
46815
75000
81150
69000
45000
48000
44000
49900
80900
82000
107000
57000
81000
59000
101000
23100
58500
114000
79000
85000
109900
94821
45000
87500
110000
1e+05
65900
90000
72300
86100
73500
98000
99000
36000
113859
55500
139150
34000
83500
61753
137686
65000
40395
111000
84000
92500
55000
90070
59900
57500
90000
89261
105000
90000
69900
55000
88200
108500
74250
108000
84950
85000
48500
58000
93000
84000
88000
105499
25588
61000
64000
39900
47850
105000
148000
106000
88500
57500
53000
82000
65150
102000
91000
84000
84304
66600
96000
90343
62000
67000
64900
93000
109000
56000
104500
52000
44000
81500
85000
82308
63900
40950
62000
110000
59000
118000
91314
121000
73000
65900
88850
50000
61500
48000
65900
85000
67150
86500
85500
72000
38150
52000
121000
79304
90900
1e+05
87000
115000
53900
73000
1e+05
95000
105500
43000
82100
31000
81600
85500
28000
42000
169000
89000
96500
90197
57900
80000
34000
155000
91500
48900
88597
85000
38000
58500
95900
35000
75000
85000
56347
116150
75000
65000
120000
64000
66650
64900
90050
39000
59400
32000
93400
58000
67500
89000
37500
116000
70500
130000
58000
61900
82000
65000
91000
96109
49500
63000
93900
82900
103765
70626
66000
56000
53000
59000
49200
112516
75000
76228
120000
65895
59400
103500
37000
77500
83400
91550
97300
147900
124000
55200
63000
109000
46000
54000
59172
82000
58500
105000
88000
45933
75000
72000
102000
46000
83826
80500
87000
73000
59500
84000
59500
120500
44000
79000
84500
67000
48000
64000
115000
61073
95500
57000
50000
120000
1e+05
64900
106000
90000
89900
51500
71533
62000
45000
112000
50000
102000
90000
69800
68050
112500
47000
71800
66000
95771
58050
61000
78500
55000
59000
43000
74000
88459
44000
85000
107000
88000
87000
78000
110000
109000
52000
75000
98000
54000
105112
30000
71100
85000
80000
81000
33900
95000
60000
63000
77000
84900
52900
63050
33000
163900
90000
45900
69000
55027
42500
45000
87000
106400
60000
110000
56000
46500
93000
67000
107000
85500
105500
120000
45800
52900
107900
121000
95000
96500
46000
54500
108000
99000
68900
111576
92000
69000
78000
90372
32900
145500
57000
96310
83000
103000
86500
127000
44200
153000
68000
94232
72250
99000
102000
64250
80000
60000
90300
57900
33100
110000
89000
103000
25000
81000
64900
65000
81000
58000
89000
65000
98000
45900
53000
43000
90000
105000
74369
84500
99500
1e+05
69000
72000
61000
51000
92000
44150
90000
105000
95000
61065
52700
57000
45700
117500
47900
96000
63000
62850
113000
102000
80000
54500
57500
95000
107000
77000
115000
84900
72000
127500
47000
78000
98000
88000
55000
47900
70000
108000
111750
73000
112000
54000
104599
65000
77900
80600
87100
48500
68550
117800
41596
101000
85000
118900
73000
93000
78000
111000
71000
38941
43500
38000
66600
83000
79900
164000
115000
59000
49000
87000
56500
71000
80500
109500
52400
73500
37900
36000
118000
63500
66500
97000
59900
85100
39900
45900
110000
46000
111000
110000
52500
61500
58850
71000
35900
62000
77000
73900
98567
90000
116372
110000
65900
96900
94000
129900
54000
88500
64000
60000
112000
115000
79900
55000
69000
67000
56900
48000
44000
62200
98000
65000
44500
54000
108500
60000
172500
48000
70812
35000
99000
76500
82500
83000
85000
55000
110800
10307
44900
81185
70000
29000
55000
48500
72075
65000
50000
62000
77000
109500
89550
92750
73000
52900
105900
104000
105000
88000
76834
75000
137000
87000
36876
104000
84900
41000
48786
57900
65300
115000
104000
66500
82000
99500
48500
109000
53400
83000
52800
65000
67500
87000
47900
82000
74900
35000
69900
49000
82500
106478
88000
69000
58500
106650
85000
103000
34500
59000
87000
104000
82000
77500
53197
49868
56000
77000
68000
56000
71450
36000
91750
94000
63500
40600
108900
54900
66768
46150
71500
60000
110000
65000
104400
73500
105400
42500
45000
94500
90265
74000
120000
39000
106900
30000
118500
37500
75000
68500
88800
75000
62850
55000
106503
70662
81500
76900
59000
102000
72500
57030
87250
107500
59299
54000
70000
49000
1e+05
44900
67000
30000
99000
130000
82900
29000
91200
44400
1e+05
58600
139500
53000
49000
108000
60000
75000
48000
80000
96500
93346
55000
102750
69500
57000
65000
86000
44500
93500
54900
42000
98000
96299
68000
92500
65053
47500
87000
90000
79500
39500
72900
41000
103900
82900
115000
102000
83500
98500
91250
105000
60100
107000
88000
42800
110000
110000
77900
73536
39900
95000
107950
68000
65000
105000
42000
84900
73000
112000
117000
98400
69900
78000
73000
69800
95000
69000
105000
47500
100500
55700
122000
107900
94000
85070
46000
120900
88500
63500
73900
104900
75000
72000
35900
37500
73100
65000
72000
57400
56000
87831
83200
37500
68000
88000
40000
75600
90000
79000
30000
63100
67600
70000
66000
96650
73000
76000
47000
90000
47650
46400
72000
86000
59900
40900
94000
67200
78000
64000
104900
61431
113000
27500
94500
133000
71051
63000
66500
64500
55052
131494
72000
63000
76715
61000
81942
70000
63900
65000
75000
76500
110000
85200
50000
95000
84500
64000
66600
51900
55250
90000
71000
50000
105000
64000
129900
74213
45000
92335
105475
81000
90123
51900
74900
73000
79900
92000
96500
76650
112000
50000
97000
49900
70900
70000
109000
94418
158000
60000
74250
47900
92100
102250
114000
135000
75000
112500
83400
29300
71800
80000
108750
113300
57000
65000
66000
107300
99000
88550
46000
45000
78000
47500
103268
75000
65000
84250
109900
85000
72403
53900
45000
48000
51900
94300
78900
77000
90512
89900
42800
93000
92000
55000
56400
28900
80000
64000
48000
47900
40639
64000
82000
53000
70900
71554
45000
57900
41050
113000
39900
32787
78830
63500
105500
74000
48000
84000
54300
85000
106500
62000
86500
80900
41500
65000
51000
87000
42000
48000
27500
55200
75000
109000
55423
58500
63000
69000
48850
69500
60700
69000
88000
59900
49900
72000
72500
104250
38500
106600
105000
65000
86900
60000
100427
83000
69000
44000
58750
90000
69000
62000
55000
35000
74695
71500
57755
46900
60000
51000
74000
84900
80000
102500
65000
110500
90217
54000
38000
93000
46000
87000
99500
90000
47500
49500
77000
51500
82000
49850
103000
107000
54000
45900
50000
58500
55000
84100
50850
75000
119000
86158
71752
48939
49900
60500
76400
57900
102395
88500
49300
77000
71900
87000
58926
64000
108490
74000
24900
62500
112000
49900
59500
104900
33950
65000
96200
64000
66000
103500
46150
95000
67500
106000
90500
77000
97900
82000
60900
68000
62500
67000
34500
76900
50000
40000
86000
60000
88500
101750
42000
108395
69900
75000
67000
77681
69000
69681
87000
108000
107000
88500
49000
61000
50000
62900
75800
88000
44150
88028
98000
51000
110000
56900
95000
66000
69000
75000
61500
86000
50900
99900
46500
58900
72500
44900
81650
75000
114000
61900
55989
91000
38000
33600
109650
42000
73000
59500
84900
65900
90000
88500
92500
59900
46150
115250
102000
92600
85000
91100
65000
70000
103000
51000
89000
103750
1e+05
93000
61400
107000
52000
43000
46150
52900
96500
47900
68750
44900
109000
64500
45050
107000
88900
56400
108000
93900
47791
75000
54800
91000
54000
84900
59000
66900
112000
88000
87000
35000
78900
107000
87155
71000
79000
49500
103117
115000
57450
64000
132000
115000
75000
72000
55000
98300
88500
78900
84900
104000
77900
65000
110250
40000
62500
111950
117500
72500
65000
44900
110000
69000
45500
105800
96417
153000
