-1.583482
-0.9050415
0.1387137
0.2792192
0.7047502
-0.3189328
-0.1824417
-1.222183
0.785039
-0.339005
-0.4594383
-2.145504
0.8452557
0.5441725
-0.2306151
-0.882119
-0.2587162
1.722893
0.7007357
-0.7404493
0.656617
0.4438114
-0.1382829
-0.620016
0.4638836
0.9456168
-1.864493
-0.08810233
-0.3811567
-0.4233083
-0.4594383
2.551394
1.547783
-0.8053629
-2.013309
0.785039
0.6043891
-0.7805938
-2.109374
-0.3932
-0.2988606
1.06605
-1.386775
-0.09813844
0.1427281
-0.8107021
-0.7444638
-0.339005
-0.2627306
-0.4192939
1.650553
-0.4594383
-0.4192939
0.5923458
-1.141894
-1.480632
0.9416023
-1.463049
0.04236707
1.306917
0.1025837
-1.061605
-0.1824417
0.07287683
0.04236707
0.6927069
-1.988941
-0.3791495
1.041963
-1.605562
-0.3791495
2.350672
0.7047502
1.868939
0.6646057
-0.6601605
1.748505
0.5441725
-0.4995828
-2.225793
0.1427281
-0.764536
-0.1984995
-0.864897
0.1387137
-0.6641749
-1.703916
0.6043891
-1.386775
0.684678
1.266772
-0.981316
1.025906
-0.9210993
1.146339
-0.4594383
-1.041533
-1.161966
1.106194
-1.334587
-0.8608826
0.6646057
-0.5838861
0.8251835
0.06243928
-0.1784273
0.1513993
0.6244613
-1.463049
-0.683926
0.259147
-0.5838861
1.146339
-0.9411715
-0.1182107
1.757859
1.78865
-1.186053
-0.981316
-0.2687523
0.4638836
-1.101749
-1.145908
0.5400777
1.146339
-1.182038
-0.5597994
1.202541
-0.4594383
-0.6601605
0.9857612
1.710007
-0.1497240
-0.4795105
-1.145908
0.5441725
-1.222183
0.3835947
1.42735
-1.161966
0.3033059
1.812736
1.347061
0.4638836
-0.6601605
0.1386736
-1.302471
1.507639
-0.1182107
-0.01784958
0.4277536
-0.7003049
-0.05799401
0.1025837
0.2631614
-0.1382829
1.146339
-0.6601605
-0.9853304
-0.2105429
0.893429
-1.061605
-1.114595
0.1543700
0.8452557
-1.182038
-0.2988606
-1.113793
-0.4192939
-0.6641749
1.146339
0.1427281
-0.4192939
0.8613135
0.6646057
-0.864897
0.5261075
1.347061
0.2531253
2.129877
1.387206
0.6244613
0.4237392
1.266772
-1.394804
-0.1422973
0.7448946
0.5441725
0.1628004
0.5843169
0.7990896
0.2029448
2.872549
-0.2587162
-0.7805938
0.684678
0.3434503
-0.2587162
0.8452557
1.025906
-0.3116265
1.226628
0.223017
-0.01784958
0.3033059
0.5803024
-1.340609
1.347061
0.223017
-0.1583551
-0.09813844
2.828391
0.5441725
-0.7444638
-0.4192939
-0.7404493
-0.519655
0.4237392
1.146339
0.785039
-1.70793
1.226628
0.4357825
1.106194
-0.6802327
-0.7055638
1.146339
-0.6601605
-0.4974551
-1.483121
0.8251835
0.5843169
-1.101749
-0.3921563
1.262758
-0.04619155
-0.3028750
-1.402832
-0.6240305
0.4638836
0.1427281
-0.7203771
1.186483
1.326989
1.06605
3.555005
-0.620016
0.785039
1.146339
-1.461042
-1.262327
-0.09813844
0.821169
1.326989
-1.467064
0.1226559
-0.1382829
0.8974435
-0.1984995
-0.519655
-0.05799401
0.3434503
-0.8809549
1.387206
1.238671
-0.7003049
1.42735
-0.6601605
0.4759269
-2.530891
1.688289
-1.061605
-1.182038
0.2430892
-0.8247526
-0.1382829
0.4919847
-1.282399
0.5080425
0.1025837
0.1086054
-0.3510484
-0.2988606
-0.981316
-0.2587162
-0.1382829
-0.8428176
0.839234
-0.8127093
-1.603555
-1.068791
0.6023819
-0.05799401
1.316953
-0.1382829
0.6445335
0.4237392
2.049589
-1.342616
-0.7182896
-0.4233083
-0.339005
-0.01784958
-0.8889837
0.2430892
1.126267
0.4638836
-1.784205
1.636462
-1.627641
-1.061605
-1.145908
-1.420897
1.036062
0.6605913
-0.981316
1.106194
-1.302471
0.1918248
-1.061605
0.5441725
-1.021460
1.182469
-1.025475
0.6646057
-0.8609228
-0.5397272
-0.8207382
-0.01182792
1.158382
0.4839558
0.3033059
1.949228
2.062836
-0.3791495
0.9456168
-0.5879005
-0.4975755
0.2430892
-0.2988606
-0.1523334
-0.1944851
-0.8889837
-0.7203771
0.02229485
-1.065619
0.540158
-1.503194
1.648144
-1.021460
-1.073648
0.4036669
-0.620016
0.5843169
-1.663771
-1.081677
0.9456168
-0.9411715
0.3033059
-0.3952072
0.7810246
-1.061605
0.3615153
0.504028
-1.543338
0.4638836
0.01828041
0.04236707
-0.4052433
1.306917
1.347061
-1.145908
1.708361
-0.7805938
1.003866
0.594353
-0.339005
4.167810
-0.339005
-0.2627306
-1.513230
0.2792192
0.01426596
-1.461042
1.611894
0.5321291
1.624058
0.8653279
-0.8608826
-0.4995828
0.4237392
-1.182038
-1.322544
1.046259
-1.222183
2.551394
1.42735
-0.4256769
1.347061
0.5441725
-1.065619
0.6646057
-0.4594383
-0.4392457
1.547783
-1.663771
1.447422
-0.4393661
0.8653279
0.04236707
-1.703916
0.2631614
0.504028
1.124340
0.7429677
-0.4594383
0.504028
-0.4594383
-1.186053
1.226628
1.469261
1.813780
1.146339
-0.8809549
0.5080425
0.3113348
-0.5798716
-0.05799401
1.228675
-0.620016
1.949228
-0.05799401
-0.8914325
-0.7203771
-0.5132319
1.382027
-0.6641749
0.4438114
-0.4634528
-1.230211
1.608
0.2719932
-1.182038
-2.145504
0.8813857
0.540158
-0.4594383
-0.6641749
-0.2587162
-0.7063266
0.223017
0.1427281
0.6646057
-1.503194
-0.8046804
-1.543338
-0.05799401
0.6244613
0.223017
-0.4594383
-1.186053
-0.8608826
-1.117807
-0.05197235
0.785039
0.1025837
0.8251835
-1.242255
0.2992914
1.186483
-1.065619
1.106194
-0.3871783
1.507639
-0.8508465
0.02229485
0.6445335
-0.7404493
1.989372
1.447422
-0.1061673
0.7448946
0.1025837
-0.8207382
-0.1382829
0.7047502
-1.065619
-0.4634528
-0.8608826
0.6548507
-0.6400883
0.9456168
0.9235373
-1.222183
0.6244613
-0.9853304
-0.8408104
0.223017
1.06605
-1.300464
-0.60998
-0.3590772
-1.663771
-1.001388
-0.01784958
-0.4514094
-0.1784273
-1.147915
-1.061605
1.748505
-1.467064
0.2029448
0.223017
0.7689813
-0.1182107
-1.061605
-1.01026
-1.382760
-1.182038
-0.9712798
-1.182038
-0.1583551
-1.021460
0.4839558
-0.7003049
0.540158
-0.01784958
1.186483
-0.3590772
0.2715516
0.7047502
0.9857612
0.5441725
-0.3731278
1.347061
-0.9231065
-0.7805938
0.7448946
1.201859
-0.5397272
0.785039
-0.06401568
1.146339
0.7047502
0.8653279
0.1828726
1.42735
-1.282399
-0.8046804
-1.306486
1.78865
0.712779
-0.4634528
-0.9050415
-0.620016
0.1828726
0.5843169
-0.3831639
-1.503194
-1.061605
0.223017
-0.782601
-0.1382829
1.660188
-1.503194
-1.467064
-0.1141962
-0.8608826
0.4638836
-0.981316
-0.4594383
0.1427281
0.2934705
-0.7003049
-0.2627306
-0.9833232
2.009444
1.347061
-0.4594383
0.2631614
1.447422
1.146339
-0.6641749
-0.5437416
-1.503194
-1.503194
-0.2587162
0.9857612
-0.901027
-1.517244
-0.1382829
-0.5798716
1.748505
-0.339005
-0.5798716
1.547783
-0.901027
1.186483
2.228031
0.7448946
-1.153937
2.049669
1.266772
-0.5798716
0.2190026
-0.6641749
1.266772
-0.2185717
0.3434503
0.223017
0.504028
0.06243928
-1.121821
0.6063963
-0.5798716
-0.09813844
-0.009900983
-1.182038
-0.8836847
-0.8608826
1.218599
0.6445335
-0.05799401
1.467494
0.3795803
-0.339005
1.17444
-0.6601605
1.286844
-0.620016
-1.081677
0.9054723
1.025906
-0.6601605
0.1364656
-0.4995828
-0.8608826
0.06324217
-0.901027
0.3835947
-0.4594383
1.106194
-0.4594383
-0.2988606
1.10218
0.7448946
-0.5170054
0.2577018
1.015870
-1.087699
0.793068
-0.800666
-0.4032361
-1.294362
1.402541
0.8653279
-0.5597994
-0.02186402
1.224621
0.5341363
0.4438114
1.266772
1.467494
0.8251835
-0.4594383
-0.4594383
1.42735
0.5441725
0.9456168
-1.467064
2.350672
-1.061605
0.1118571
0.1427281
0.9054723
-0.6240305
-0.9853304
0.7448946
-1.543338
-0.800666
0.4237392
-0.4273228
-0.05799401
-1.262327
0.7248224
1.989372
-0.7805938
0.3394359
0.223017
-0.339005
-0.2587162
-0.4594383
-0.8608826
1.146339
-1.426919
-1.663771
-0.5838861
-0.2587162
-0.2587162
-1.507208
-0.8669043
-0.9692726
-0.8608826
-0.2773030
0.5441725
1.347061
0.3233781
-0.6641749
0.02229485
-0.2707595
0.02923984
-0.4192939
-1.141894
1.025906
2.262354
-0.9471932
-1.264174
0.7448946
-1.463049
0.9456168
-0.5999438
1.045978
-0.8247526
0.8191217
0.1226559
-0.7003049
1.306917
-1.864493
-0.4353517
0.02229485
0.2430892
-1.222183
-0.7404493
-0.1382829
-0.5397272
-0.2988606
0.6646057
1.507639
-0.8608826
0.6806635
3.169177
0.1507570
0.02229485
0.684678
-1.145908
-0.6641749
0.3434503
-1.348637
1.025906
-0.8207382
-1.262327
-0.3992217
-0.3172467
0.8251835
0.5000136
-0.519655
-0.2687523
-1.220175
-1.346630
0.2631614
-1.262327
-2.644741
-0.4634528
0.4638836
-0.4433806
-0.4304139
-0.425436
-0.8408104
2.426946
0.02229485
0.1025837
-1.663771
1.893025
1.178454
0.8251835
-0.6641749
1.146339
0.7448946
1.266772
1.146339
-0.7846082
0.4839558
-1.061605
-1.302471
-0.4594383
1.2467
1.547783
0.7248224
1.005833
1.547783
-0.7805938
-0.2988606
-0.3909921
1.226628
-0.2587162
0.3434503
-0.7003049
-0.8608826
0.7448946
1.266772
-0.9050415
-0.4995828
0.1025837
-0.3992217
-0.3028750
0.2430892
-0.5798716
-0.05799401
-0.06200845
-0.3791495
-0.7805938
-1.021460
1.746498
-0.8214207
1.146339
-0.1113861
-1.663771
-0.3831639
-1.583482
0.540158
-0.2793905
-1.141894
-0.7003049
-0.1382829
-0.981316
-0.8608826
-0.1756172
0.7448946
1.487567
0.6646057
-0.802633
1.106194
-0.8892647
1.547783
0.9456168
1.06605
0.3835947
0.558223
2.752116
-0.3590772
-1.057590
-0.3189328
-0.3349906
-0.4132722
-1.382760
-1.061605
0.8251835
-1.342616
-0.4192939
1.146339
1.146981
-1.216161
0.3434503
1.467494
0.01828041
0.2190026
0.223017
-0.2627306
-0.4594383
0.2029448
1.688289
-0.01182792
0.5441725
0.7047502
-0.9411715
0.4237392
0.9857612
1.467494
-1.186053
0.7047502
0.02229485
0.259147
-0.03792180
0.6084035
2.952838
-1.467064
-0.5397272
-0.4393661
-0.8809549
1.041642
-0.3149184
-0.1382829
-0.005605529
-0.8608826
1.321208
-0.2672669
-1.131858
0.785039
1.122252
-1.240248
-0.4152794
-0.4995828
-0.4393661
-1.302471
-0.1824417
-0.2587162
-0.4132722
1.166411
-1.202110
-1.430934
-0.7524927
0.1828726
1.347061
0.7448946
-0.4594383
-1.013431
2.230239
-1.517244
-0.4995828
0.2631614
1.146339
0.785039
1.126267
-0.8247526
0.4839558
-0.1784273
-1.266341
-0.3590772
0.3735586
-1.081677
1.487567
-1.868508
1.42735
-0.2105429
0.002222635
0.06243928
-1.784205
1.186483
0.7248224
0.5843169
-0.05799401
-0.7404493
-2.025071
1.206556
-0.901027
1.407278
-0.7404493
-0.8247526
-1.065619
-0.8608826
-0.981316
0.9255446
-1.061605
0.8251835
0.9054723
-0.4594383
1.146339
-2.217764
-1.101749
0.1728365
2.671827
-0.620016
-0.864897
-1.101749
-1.262327
-0.620016
0.5843169
-0.5959294
0.223017
0.5441725
1.587928
0.3434503
-0.2935615
-0.3791495
-0.3369978
-0.9411715
0.1828726
-1.386775
-0.4192939
0.1919452
0.1025837
0.06243928
0.1387137
-1.065619
0.1427281
1.587928
0.3635225
-0.5076116
-0.4634528
0.504028
-0.09813844
0.259147
0.223017
-0.945186
1.106194
-0.3470339
1.045978
-0.9853304
1.347061
1.748505
0.2109737
-0.1382829
-0.864897
1.467494
-0.1784273
-0.7043194
0.7448946
0.2631614
-1.487136
-0.1784273
-0.620016
0.02229485
1.186483
-1.021460
1.347061
-0.3791495
0.4116958
1.347061
1.226628
0.06243928
1.347061
-0.9853304
-0.01784958
0.2992914
0.4598692
-0.2988606
-0.81845
0.504028
0.8051113
-0.339005
-0.8247526
-0.904359
1.226628
0.9255446
0.8051113
0.7248224
1.146339
-1.467064
0.8653279
-0.3460303
-1.101749
0.3434503
1.989372
-0.4995828
-0.620016
0.2430892
-0.864897
-0.2587162
0.4839558
-0.2988606
-0.5397272
-1.422905
1.547783
-0.1984995
0.9456168
1.343047
-0.2587162
-0.3189328
1.06605
0.01025152
-0.3791495
0.7272712
0.8954362
1.226628
1.2467
-1.537316
-1.623627
1.142324
1.142324
0.965689
1.286844
0.7448946
-0.901027
-0.9050415
-0.2828028
1.366451
-1.74406
1.166411
0.7481865
0.5200858
1.186483
1.025584
-1.262327
-1.214154
-0.5397272
-0.9411715
0.05240317
-0.9391643
-0.05799401
0.1828726
-1.585490
0.2631614
-0.4192939
3.595149
-0.2587162
-0.7003049
0.9817468
0.1427281
1.186483
-0.1382829
1.186483
1.025906
0.6244613
-1.106767
0.7047502
-1.483121
-1.101749
0.9982863
-0.3430195
-1.868508
0.8251835
1.347061
3.643885
1.367053
-0.4192939
0.4036669
-0.8608826
-2.065216
1.366371
-0.4634528
1.06605
-1.065619
-1.194081
-1.141894
0.5000136
1.856895
1.186483
-0.5297714
0.4237392
-0.6601605
1.668217
0.648548
-1.021460
3.241878
-1.021460
-0.339005
-0.8608826
-0.7805938
1.106194
0.6445335
0.223017
-0.0660229
-1.091593
1.347061
-0.2988606
0.1427281
1.394793
0.785039
0.6244613
1.387206
-1.543338
1.146339
-0.05799401
1.42735
-0.9411715
1.266772
1.547783
-0.4594383
-1.262327
1.347061
0.09656205
0.7448946
-1.027482
1.146339
-0.9364345
0.1427281
0.7448946
1.423335
-0.8488393
-0.5397272
-0.4132722
1.314946
1.648144
-1.944782
0.223017
-0.4594383
0.04236707
0.684678
0.4839558
0.504028
-1.021460
-0.2145573
-0.5999438
-0.5397272
0.3715514
-1.302471
0.3835947
0.2631614
-1.021460
-1.382760
-1.141894
-0.2627306
1.126267
-0.1583551
0.5441725
-1.031496
-0.5597994
-2.06923
-0.7636528
-1.013431
1.347061
-0.5369171
0.8251835
0.6244613
-1.74406
1.025906
-1.342616
-1.346630
-0.1583551
0.9355807
1.387206
-0.7444638
-1.186053
0.3941929
-1.473085
0.6646057
-0.339005
0.6244613
-1.699901
0.4076814
-0.6882616
1.648144
0.1226559
-0.4594383
-0.4594383
0.4438114
-0.7846082
1.648144
-1.141894
-1.021460
-1.222183
1.186483
0.4036669
-1.128927
2.752116
-0.8608826
-1.182038
0.785039
0.5746822
-0.01784958
-1.065619
0.1788581
0.4237392
-1.065619
-0.1422973
-0.2587162
-0.5798716
0.6244613
-1.463049
1.42735
0.7448946
1.547783
-0.2587162
1.433331
-0.864897
1.025906
-0.9050415
0.8854001
-0.06200845
1.266772
0.4377897
1.246299
0.7448946
1.146339
-0.1824417
-0.4594383
-0.7805938
-0.1021529
0.4879703
0.223017
-0.1081746
-0.8608826
-0.7444638
-0.1784273
0.0825115
-0.981316
-1.025475
-1.141894
-0.8207382
1.42735
-0.01784958
-1.467064
-1.346630
0.4165132
-0.2587162
-0.619735
0.2430892
0.01828041
0.1427281
0.504028
0.5843169
-0.3518111
0.3033059
-0.8207382
-0.8303729
-0.1961711
-1.216161
1.146339
-1.346630
-0.05799401
0.8552918
-1.70793
-0.7805938
-0.01784958
1.587928
-0.8608826
1.146339
-0.2787884
-0.07806623
-0.8608826
-1.027482
2.551394
0.4237392
-0.6641749
-0.7003049
-0.9411715
-0.2308961
-0.4634528
-1.065619
-0.2627306
-1.663771
0.317517
0.223017
-0.764536
0.8051113
-0.6641749
1.025906
0.5843169
-0.6641749
0.1387137
0.5441725
-0.05799401
-0.6641749
0.540158
-0.8046804
0.7835537
0.3835947
-1.186213
0.7615546
-0.9050415
-1.322544
-0.1382829
0.1387137
-0.1382829
3.233849
-1.302471
-0.7394859
1.146339
0.1092075
-1.141894
0.6244613
-1.250725
1.674238
-0.4613653
1.226628
1.306917
-0.5397272
-0.3992217
-0.9291282
0.504028
1.146339
-1.141894
0.3092874
-0.7444638
-0.4995828
-1.344623
-1.014636
0.223017
-0.5397272
1.316632
-0.5397272
1.086122
-1.627641
-0.9331426
-0.4594383
-1.262327
0.1146270
-1.723988
-0.4032361
-0.03792180
-0.8608826
-0.2988606
0.4638836
-1.101749
-0.8207382
0.7448946
0.8854001
-0.6182497
-0.3430195
-0.4594383
0.7609524
-0.2587162
-1.101749
-0.2988606
0.8773712
1.628072
-1.043299
1.226628
-0.7125088
-1.065619
-0.9291282
1.702339
0.540158
0.2832337
1.124661
-1.382760
0.02229485
-0.5397272
0.6244613
0.3033059
-1.663771
1.166411
0.02229485
0.9215301
-0.2951673
1.06605
0.1025837
-1.390869
1.146339
-1.904638
-0.7805938
0.01828041
-0.09813844
0.8452557
-1.547352
-0.1422973
2.752116
0.2169953
-1.133865
-0.8608826
-0.8889837
-1.141894
0.7830318
-1.141894
-0.3791495
-0.8207382
-0.8207382
-0.4172867
-1.947311
-1.333664
-0.901027
1.2467
-0.1583551
-0.05799401
-0.8207382
-0.05799401
2.149950
-0.981316
0.1387137
0.5241002
-1.141894
1.371148
1.126267
1.708361
-1.061605
0.06243928
-1.583482
0.5441725
2.671827
-0.3590772
0.1387137
0.7248224
0.7649668
0.8810244
-1.328565
-0.2787884
1.306917
0.3434503
0.3434503
-0.4022727
0.3434503
1.150996
-1.262327
-0.8608826
-1.984927
0.3615956
1.186483
0.9375879
1.2467
-0.4594383
-1.065619
1.146339
0.7167935
1.547783
0.1628004
-0.06200845
-0.6810356
-1.105764
-0.07806623
0.3434503
-0.6601605
5.562226
0.3434503
0.8412412
1.035942
-0.3831639
0.3033059
-0.2587162
-1.302471
-0.7003049
0.5923458
-0.4233083
0.1427281
0.504028
1.42735
0.1628004
0.2430892
1.226628
-0.339005
1.266772
-1.471078
-0.981316
-0.2787884
-0.9030343
-0.4013092
-0.6601605
0.594353
-1.658753
0.5441725
0.9255446
0.7448946
-1.376739
0.2631614
-0.981316
-0.1784273
-1.065619
1.000454
1.146339
1.42735
0.4438114
-0.2627306
-1.216161
-0.4772223
-0.4594383
0.8452557
0.3033059
-0.9050415
-0.09813844
0.2691831
0.5843169
-0.2105429
0.8854001
1.326989
0.785039
-0.6601605
-1.467064
1.949228
2.711972
-1.543338
-0.2988606
-1.346630
-0.6481171
-0.1583551
-1.623627
0.6365046
-0.2165645
0.002222635
-0.7003049
0.3434503
0.002222635
1.547783
-1.262327
-0.6153994
0.2848394
-1.577461
-0.3028750
-1.382760
1.335018
0.06243928
0.9215301
-1.824349
-0.901027
0.3835947
0.1025837
0.6244613
-0.5597994
1.162397
0.9456168
1.547783
-0.2125501
0.1427281
-0.4634528
1.226628
-0.06200845
-0.8207382
-0.339005
-0.945186
-1.503194
0.223017
1.78865
1.226628
-0.8207382
0.6244613
-0.3309761
2.752116
-1.141894
-0.1182107
-0.8207382
1.025906
1.628072
1.274801
0.9456168
-0.2988606
0.8653279
-0.01784958
-0.2988606
0.5441725
0.5441725
-0.7646966
-1.230211
0.0064378
-1.74406
0.9456168
0.4839558
0.7279135
-0.981316
0.1025837
-0.3671061
-1.382760
0.6646057
1.146339
1.507639
-0.6601605
1.347061
-1.563410
1.668217
1.226628
0.7810246
0.3394359
0.7047502
3.872146
1.507639
1.143730
-0.6601605
0.5093271
-0.2988606
-0.03792180
-0.6601605
-1.222183
-1.262327
1.915105
1.989372
-0.05799401
-1.258313
1.226628
1.025906
1.42735
0.06243928
0.7549307
0.7047502
2.149950
0.002222635
-1.864493
-1.507208
-0.5035972
-0.9411715
0.4939919
0.1226559
-1.101749
-0.0263602
-0.4192939
-0.981316
0.6244613
-0.339005
0.1025837
-0.339005
0.6063963
0.449833
-1.262327
-0.5116261
2.932766
-1.202110
-0.3791495
0.684678
0.3635225
0.3795803
-0.800666
-1.226197
1.909083
0.2350603
-0.5035972
0.3835947
-0.7163627
-0.4795105
-1.175936
0.4598692
-0.4594383
-0.5597994
-0.7404493
0.3145062
-0.9612437
-1.109778
1.507639
-0.02186402
0.1025837
0.02229485
-0.9817174
-0.5437416
-0.2988606
0.4337753
0.1025837
0.2531253
0.5843169
-0.5397272
0.6646057
-0.5397272
1.266772
1.226628
1.21057
-0.3952072
-1.222183
0.8051113
-0.864897
-0.6601605
0.6646057
0.9456168
0.3434503
0.7804224
-1.342616
0.3434503
0.8251835
-0.4614455
1.828794
-0.901027
1.226628
-0.1483190
-0.4594383
-1.627641
-0.4192939
-0.02186402
-0.6227057
-0.7605216
-1.422905
-1.017446
-0.03190013
-0.05799401
0.9275518
-0.4594383
0.3835947
0.6205673
-0.7043194
-0.1282468
2.186561
0.7448946
0.2320094
-2.045143
-0.3430195
-0.05799401
0.3635225
0.02229485
0.5241002
0.3534864
1.78865
-0.4594383
0.5843169
-1.186053
-0.1382829
0.8051113
1.146339
-0.9411715
-1.623627
-1.141894
-1.663771
0.3835947
0.1025837
-1.503194
1.146339
-0.4594383
-1.161966
-1.061605
-1.262327
-0.6601605
0.1491513
-0.4192939
-0.9050415
-0.9692726
-0.02989291
-0.5357127
0.2631614
-0.8608826
-1.382760
3.956449
0.3835947
0.6445335
-0.8207382
1.583913
-0.5357127
-0.7015494
0.5441725
-0.01784958
-0.8608826
1.368900
1.298888
-1.362688
1.819802
-0.05799401
-0.7846082
-0.800666
-0.3952072
0.7248224
-0.2587162
-0.3791495
0.7047502
-1.74406
-1.202110
1.025906
-1.234226
0.540158
0.4438114
-1.523266
0.2631614
0.2631614
-0.4233083
0.5241002
0.8310847
-0.1864562
1.628072
-1.382760
0.2190026
1.387206
-1.467064
0.3675370
0.3233781
-0.764536
-1.182038
-0.6601605
-0.4594383
-1.141894
-1.422905
0.295277
2.631683
0.9054723
-0.9612437
1.347061
1.2467
0.5441725
0.6743207
-0.4192939
-1.543338
-1.133865
-0.4995828
-0.901027
2.350672
0.785039
0.06243928
0.3434503
0.259147
-0.05799401
-1.169995
0.9456168
-1.587497
0.8683387
0.8613135
3.555005
-0.3309761
-0.718691
0.9978045
1.214584
-0.3791495
1.828794
-0.3590772
0.1387137
-1.964854
-0.2587162
-0.901027
1.347061
0.5261075
1.204548
-1.161966
-0.3791495
-0.4795105
0.1628004
-1.426919
0.8051113
-0.3992217
0.7408802
1.146339
-0.09227736
-0.527724
1.226628
-0.1583551
-0.981316
-0.8608826
-0.7020311
0.8312854
1.033172
-0.05397957
1.107078
-0.1422973
1.527711
0.8719116
-0.05799401
0.1828726
-0.6641749
1.467494
1.154368
-0.1904706
0.9416023
-1.189465
-0.05799401
0.1888942
-0.2988606
-1.262327
-1.141894
-1.302471
-1.065619
0.1788581
0.223017
1.226628
-0.7805938
0.1828726
-0.7003049
0.9857612
-2.14149
-0.7203771
1.507639
0.1025837
0.3434503
1.343047
0.7377088
-1.262327
0.4438114
1.347061
0.9456168
-0.4233083
0.5441725
-0.1663840
0.3876092
-0.1182107
0.8653279
0.9054723
-1.623627
1.501978
-0.8408104
2.517271
-1.703916
0.2832337
-0.5897873
2.4585
-0.4594383
-1.447192
1.387206
0.3033059
0.6445335
-0.8608826
0.5469826
-0.6641749
-0.7605216
0.5441725
0.5145057
1.146339
0.5441725
-0.2627306
-0.8608826
0.4719125
1.286844
-0.08810233
1.266772
0.3414431
0.3434503
-1.121821
-0.7404493
0.6646057
0.3033059
0.4638836
1.166371
-2.041611
-0.620016
-0.4995828
-1.467064
-1.147915
1.146339
2.872549
1.186483
0.4839558
-0.7605216
-0.9411715
0.223017
-0.4534167
1.025906
0.5843169
0.3033059
0.3155098
-0.3952072
0.785039
0.557942
-0.5798716
-0.3791495
-0.4634528
0.6646057
1.306917
-0.8207382
1.126267
-0.981316
-1.302471
0.2029448
0.3434503
0.2353815
-0.5035972
-1.424912
-0.5798716
1.347061
-0.7003049
1.668217
0.5969222
1.78865
-0.1382829
-0.4233083
0.4980064
-1.061605
-0.5999438
-1.141894
-0.4233083
0.3434503
-0.3731278
0.4036669
0.3635225
-0.1784273
-1.537316
-0.981316
1.78865
0.1147876
0.5803024
0.9456168
0.4237392
1.547783
-0.9050415
-0.1382829
0.9456168
0.7448946
1.166411
-1.342616
0.2270314
-1.824349
0.2069592
0.3635225
-1.944782
-1.382760
3.715583
0.504028
0.8051113
0.5520809
-0.7444638
0.1427281
-1.703916
3.153560
0.6043891
-1.105764
0.4878498
0.3434503
-1.543338
-0.7203771
0.7810246
-1.663771
-0.05799401
0.3434503
-0.8068081
1.593949
-0.05799401
-0.4594383
1.748505
-0.4995828
-0.3932
-0.4634528
0.5461797
-1.503194
-0.6842471
-1.784205
0.6806635
-0.7404493
-0.3590772
0.504028
-1.563410
1.587928
-0.2386440
2.149950
-0.7404493
-0.5838861
0.223017
-0.4594383
0.5843169
0.7894148
-1.081677
-0.5397272
0.7007357
0.259147
1.096761
-0.2335858
-0.4192939
-0.8207382
-0.9411715
-0.7003049
-1.093720
1.448064
-0.05799401
-0.00869665
1.748505
-0.4235091
-0.6842471
1.086122
-1.583482
0.04236707
0.2792192
0.6063963
0.8372268
2.868535
1.909083
-0.8528537
-0.5397272
1.306917
-1.222183
-0.901027
-0.6934
0.223017
-0.7203771
1.146339
0.4638836
-1.224872
-0.05799401
-0.1784273
1.025906
-1.222183
0.2963207
0.1628004
0.4237392
-0.1382829
-0.6802327
0.3033059
-0.6802327
1.768578
-1.302471
0.1025837
0.3233781
-0.3791495
-1.141894
-0.4995828
1.547783
-0.6170855
0.7649668
-0.7805938
-1.061605
1.748505
0.9456168
-0.4634528
1.186483
0.5441725
0.540158
-1.001388
-0.1971748
-0.5798716
-1.262327
1.42735
-1.061605
1.025906
0.5441725
-0.2667451
-0.3369978
1.447422
-1.182038
-0.1864562
-0.4192939
0.775846
-0.7384421
-0.620016
0.0825115
-0.8608826
-0.7003049
-1.342616
-0.09813844
0.4823099
-1.302471
0.3434503
1.226628
0.4638836
0.4237392
0.06243928
1.347061
1.306917
-0.981316
-0.05799401
0.8653279
-0.901027
1.150835
-1.864493
-0.2145573
0.3434503
0.1427281
0.1828726
-1.70793
0.7448946
-0.6601605
-0.5397272
0.02229485
0.3394359
-0.945186
-0.53772
-1.74406
3.510846
0.5441725
-1.226197
-0.2988606
-0.8597987
-1.362688
-1.262327
0.4237392
1.202541
-0.6601605
1.347061
-0.8207382
-1.202110
0.6646057
-0.3791495
1.226628
0.3635225
1.166411
1.748505
-1.230211
-0.945186
1.262758
1.78865
0.7448946
0.8051113
-1.222183
-0.8809549
1.266772
0.9054723
-0.3028750
1.410329
0.6244613
-0.2988606
0.06243928
0.5591062
-1.748075
2.772188
-0.7805938
0.7974838
0.2631614
1.06605
0.4036669
2.029516
-1.294442
3.073272
-0.339005
0.7140637
-0.1683912
0.9054723
1.025906
-0.4895466
0.1427281
-0.6601605
0.5562158
-0.7444638
-1.740046
1.347061
0.504028
1.06605
-2.065216
0.1828726
-0.4634528
-0.4594383
0.1828726
-0.7404493
0.504028
-0.4594383
0.8653279
-1.226197
-0.9411715
-1.342616
0.5441725
1.146339
-0.08332515
0.3233781
0.9255446
0.9456168
-0.2988606
-0.1784273
-0.620016
-1.021460
0.6244613
-1.296450
0.5441725
1.146339
0.7448946
-0.6174067
-0.9532148
-0.7805938
-1.234226
1.648144
-1.145908
0.785039
-0.5397272
-0.5457489
1.467494
1.025906
0.1427281
-0.8809549
-0.7605216
0.7448946
1.226628
0.02229485
1.547783
0.3394359
-0.1784273
2.049589
-1.182038
0.06243928
0.8653279
0.4638836
-0.8608826
-1.145908
-0.2587162
1.266772
1.417314
-0.1382829
1.42735
-0.901027
1.130241
-0.4594383
0.05842484
0.1668148
0.4277536
-1.121821
-0.3169256
1.660188
-1.398979
0.9857612
0.3434503
1.704347
-0.1382829
0.6646057
0.06243928
1.387206
-0.2185717
-1.505562
-1.322544
-1.543338
-0.3952072
0.2631614
0.1387137
3.514860
1.547783
-0.7003049
-1.101749
0.4237392
-0.800666
-0.2185717
0.1628004
1.326989
-0.9652582
-0.1182107
-1.547352
-1.623627
1.668217
-0.519655
-0.3992217
0.8251835
-0.6641749
0.3474647
-1.467064
-1.226197
1.347061
-1.222183
1.387206
1.347061
-0.9612437
-0.5999438
-0.7063266
-0.2185717
-1.627641
-0.5798716
0.02229485
-0.1021529
0.8880898
0.5441725
1.602861
1.347061
-0.4233083
0.821169
0.7047502
2.145935
-0.901027
0.4839558
-0.4995828
-0.6601605
1.42735
1.547783
0.1387137
-0.8608826
-0.2988606
-0.3791495
-0.7846082
-1.141894
-1.302471
-0.5718427
0.8653279
-0.4594383
-1.282399
-0.901027
1.286844
-0.6601605
3.856088
-1.141894
-0.2261189
-1.663771
0.9054723
0.002222635
0.2430892
0.2631614
0.3434503
-0.8608826
1.379177
-2.655058
-1.266341
0.1902993
-0.2587162
-1.904638
-0.8608826
-1.121821
-0.1754165
-0.4594383
-1.061605
-0.5798716
0.02229485
1.326989
0.5261075
0.6545696
-0.1382829
-0.945186
1.182469
1.106194
1.146339
0.4638836
0.01563088
-0.05799401
2.430961
0.4237392
-1.588460
1.106194
0.3394359
-1.422905
-1.110340
-0.7444638
-0.447395
1.547783
1.106194
-0.3992217
0.223017
0.9255446
-1.121821
1.306917
-0.9251137
0.2631614
-0.9492004
-0.4594383
-0.3590772
0.4237392
-1.145908
0.223017
-0.06200845
-1.663771
-0.2627306
-1.101749
0.2430892
1.205672
0.4638836
-0.2988606
-0.7203771
1.212577
0.3434503
1.06605
-1.683843
-0.7003049
0.4237392
1.106194
0.223017
0.04236707
-0.933263
-1.066904
-0.8207382
0.02229485
-0.339005
-0.8207382
-0.2005067
-1.623627
0.6144252
0.7047502
-0.519655
-1.438962
1.302902
-0.864897
-0.388463
-1.216161
-0.1984995
-0.6601605
1.347061
-0.4594383
1.122252
-0.1182107
1.162397
-1.362688
-1.262327
0.7248224
0.5548107
-0.09813844
1.748505
-1.503194
1.222613
-1.864493
1.688289
-1.563410
-0.05799401
-0.3189328
0.4959991
-0.05799401
-0.5457489
-0.8608826
1.206676
-0.2321406
0.2029448
0.01828041
-0.7003049
1.025906
-0.1583551
-0.7793894
0.4337753
1.2467
-0.6883017
-0.901027
-0.2587162
-1.101749
0.9456168
-1.266341
-0.3791495
-1.864493
0.9054723
2.149950
0.259147
-1.904638
0.5923458
-1.286414
0.9456168
-0.7163627
2.531322
-0.9411715
-1.101749
1.266772
-0.6601605
-0.05799401
-1.141894
0.1427281
0.8051113
0.6784957
-0.8608826
1.056014
-0.2787884
-0.7805938
-0.4594383
0.3835947
-1.282399
0.684678
-0.864897
-1.382760
0.8653279
0.7970422
-0.339005
0.6445335
-0.4573107
-1.161966
0.4237392
0.5441725
0.1226559
-1.483121
-0.1422973
-1.422905
1.10218
0.259147
1.547783
1.025906
0.2832337
0.8854001
0.594353
1.146339
-0.656146
1.226628
0.4638836
-1.350645
1.347061
1.347061
0.05842484
-0.1167655
-1.467064
0.7448946
1.264765
-0.339005
-0.4594383
1.146339
-1.382760
0.3394359
-0.1382829
1.42735
1.628072
0.8813857
-0.2627306
0.06243928
-0.1382829
-0.2667451
0.7448946
-0.2988606
1.146339
-1.161966
0.965689
-0.8327815
1.828794
1.262758
0.7047502
0.3462604
-1.222183
1.784635
0.4839558
-0.519655
-0.1021529
1.142324
-0.05799401
-0.1784273
-1.627641
-1.563410
-0.1342684
-0.4594383
-0.1784273
-0.764536
-0.8207382
0.4570992
0.2711903
-1.563410
-0.339005
0.4638836
-1.463049
-0.03390735
0.5441725
0.1025837
-1.864493
-0.5357127
-0.3550628
-0.2587162
-0.4192939
0.811133
-0.1382829
-0.01784958
-1.182038
0.5441725
-1.155944
-1.206125
-0.1784273
0.3835947
-0.6641749
-1.426919
0.7047502
-0.3711206
0.06243928
-0.4995828
1.142324
-0.6027138
1.467494
-1.964854
0.7248224
2.270383
-0.2165244
-0.5397272
-0.3992217
-0.4795105
-0.8587951
2.209925
-0.1784273
-0.5397272
0.01085369
-0.620016
0.2206886
-0.2587162
-0.5035972
-0.4594383
-0.05799401
0.002222635
1.347061
0.3514792
-1.061605
0.7448946
0.3233781
-0.4995828
-0.3952072
-0.9853304
-0.8508465
0.5441725
-0.2185717
-1.061605
1.146339
-0.4995828
2.145935
-0.08958768
-1.262327
0.6379097
1.165408
0.1828726
0.5491102
-0.9853304
-0.06200845
-0.1382829
0.1387137
0.6244613
0.8051113
0.0082443
1.42735
-1.061605
0.8251835
-1.065619
-0.2225862
-0.2587162
1.306917
0.7215306
3.273994
-0.6601605
-0.08810233
-1.145908
0.6284758
1.035942
1.507639
2.350672
-0.05799401
1.447422
0.2792192
-1.892595
-0.1864562
0.1427281
1.296881
1.479538
-0.7805938
-0.4594383
-0.4192939
1.238671
0.9054723
0.485963
-1.222183
-1.262327
0.06243928
-1.161966
1.076809
-0.05799401
-0.4594383
0.313342
1.343047
0.3434503
-0.1622491
-0.9050415
-1.262327
-1.141894
-0.9853304
0.7167935
0.09856927
0.02229485
0.5647264
0.540158
-1.350645
0.6646057
0.6244613
-0.8608826
-0.8046804
-1.908652
0.1427281
-0.4995828
-1.141894
-1.145908
-1.437397
-0.4995828
0.223017
-0.9411715
-0.2225862
-0.1963317
-1.262327
-0.7444638
-1.420897
1.467494
-1.467064
-1.752611
0.09575916
-0.519655
1.166411
-0.09813844
-1.141894
0.3033059
-0.8889837
0.3434503
1.206556
-0.5798716
0.4036669
0.1788581
-1.402832
-0.4594383
-1.021460
0.4237392
-1.382760
-1.141894
-1.964854
-0.8528537
-0.05799401
1.306917
-0.8439015
-0.7203771
-0.5397272
-0.2988606
-1.107771
-0.2787884
-0.6320594
-0.2988606
0.4638836
-0.6641749
-1.065619
-0.1784273
-0.1583551
1.116231
-1.523266
1.21057
1.146339
-0.4594383
0.4197247
-0.6601605
0.9627584
0.2631614
-0.2988606
-1.302471
-0.710341
0.5441725
-0.2988606
-0.5798716
-0.8608826
-1.663771
-0.07023806
-0.1984995
-0.7502847
-1.186053
-0.6601605
-1.021460
-0.09813844
0.3394359
0.1427281
1.045978
-0.4594383
1.367133
0.5528838
-0.901027
-1.543338
0.6646057
-1.222183
0.4237392
0.9255446
0.5441725
-1.161966
-1.081677
0.02229485
-1.001388
0.223017
-1.067626
1.06605
1.226628
-0.901027
-1.226197
-1.061605
-0.7203771
-0.8608826
0.3073203
-1.027482
-0.05799401
1.708361
0.3899376
-0.1883831
-1.104198
-1.065619
-0.6400883
-0.001791808
-0.7444638
1.041763
0.4839558
-1.089706
0.02229485
-0.1824417
0.4237392
-0.7032756
-0.4995828
1.286443
-0.09813844
-2.06923
-0.5597994
1.42735
-1.065619
-0.6802327
1.142324
-1.705923
-0.4594383
0.793068
-0.4995828
-0.4192939
1.086122
-1.216161
0.7448946
-0.3590772
1.186483
0.5642447
0.02229485
0.8613135
0.223017
-0.6240305
-0.339005
-0.5597994
-0.3791495
-1.683843
0.01828041
-1.061605
-1.463049
0.3835947
-0.6601605
0.4839558
1.015870
-1.382760
1.282629
-0.2627306
-0.05799401
-0.3791495
0.04963321
-0.2988606
-0.2715222
0.4237392
1.266772
1.226628
0.4839558
-1.101749
-0.620016
-1.061605
-0.5437416
-0.02587847
0.4638836
-1.296450
0.4650076
0.8653279
-1.021460
1.347061
-0.7846082
0.7448946
-0.4192939
-0.2988606
-0.05799401
-0.5999438
0.3835947
-1.025475
0.9416023
-1.202110
-0.7043194
-0.1583551
-1.266341
0.2089665
-0.05799401
1.507639
-0.5838861
-0.8211798
0.5843169
-1.543338
-1.719973
1.333011
-1.382760
-0.1382829
-0.6802327
0.3394359
-0.4233083
0.5441725
0.4839558
0.6445335
-0.6641749
-1.216161
1.557819
1.025906
0.648548
0.3434503
0.5883313
-0.4594383
-0.2587162
1.06605
-1.021460
0.504028
1.096158
0.9456168
0.6646057
-0.6039583
1.226628
-0.981316
-1.342616
-1.216161
-0.945186
0.8051113
-1.145908
-0.3088967
-1.266341
1.306917
-0.4795105
-1.260320
1.226628
0.5000136
-0.8046804
1.266772
0.7007357
-1.150284
-0.05799401
-0.8689115
0.5843169
-0.901027
0.3394359
-0.7003049
-0.3831639
1.42735
0.4638836
0.4237392
-1.663771
0.09856927
1.226628
0.4299615
-0.2185717
0.1025837
-1.081677
1.070747
1.547783
-0.7625288
-0.4995828
2.230239
1.547783
-0.05799401
-0.1784273
-0.8608826
0.8773712
0.4839558
0.09856927
0.3394359
1.106194
0.05842484
-0.4594383
1.357097
-1.463049
-0.5597994
1.425343
1.648144
-0.1583551
-0.4594383
-1.266341
1.347061
-0.2988606
-1.242255
1.178454
0.8017793
3.073272
