-0.697746719233315
-1.08211534478062
-0.697746719233315
-0.953992469598183
-0.825869594415749
-1.08211534478062
-1.21023821996305
-1.21023821996305
-1.21023821996305
-1.08211534478062
-1.08211534478062
-1.21023821996305
-1.08211534478062
-1.21023821996305
0.0709905318612875
-0.18525521850358
-0.697746719233315
-0.313378093686014
0.455359157408589
0.327236282226155
0.199113407043721
0.0709905318612875
0.199113407043721
0.327236282226155
-0.313378093686014
-1.72272972069279
-1.72272972069279
-1.59460684551035
-1.85085259587522
0.455359157408589
0.583482032591023
0.199113407043721
-0.569623844050882
-0.953992469598183
-0.825869594415749
-0.569623844050882
-0.697746719233315
-1.21023821996305
-1.21023821996305
-1.21023821996305
-1.21023821996305
-1.46648397032792
-1.33836109514548
-1.33836109514548
-0.697746719233315
-0.18525521850358
-0.569623844050882
-0.697746719233315
-0.0571323433211464
0.583482032591023
0.83972778295589
0.83972778295589
0.967850658138324
1.48034215886806
0.455359157408589
0.327236282226155
0.0709905318612875
0.199113407043721
-0.0571323433211464
-0.441500968868448
-0.313378093686014
-1.33836109514548
-1.21023821996305
-1.08211534478062
-1.21023821996305
-0.825869594415749
-1.59460684551035
-1.33836109514548
-1.46648397032792
-1.33836109514548
-0.569623844050882
-1.08211534478062
-1.33836109514548
-1.33836109514548
-1.21023821996305
-0.697746719233315
-0.18525521850358
-0.313378093686014
0.327236282226155
-0.18525521850358
0.583482032591023
-0.0571323433211464
0.583482032591023
0.455359157408589
-1.33836109514548
-1.21023821996305
-1.33836109514548
-1.21023821996305
-1.08211534478062
-1.46648397032792
-1.33836109514548
-1.33836109514548
-1.21023821996305
-1.33836109514548
-1.46648397032792
-1.33836109514548
-0.697746719233315
-0.953992469598183
-0.697746719233315
-0.697746719233315
-0.0571323433211464
0.327236282226155
-1.59460684551035
-1.46648397032792
-1.33836109514548
-1.46648397032792
-0.697746719233315
-0.441500968868448
-0.313378093686014
-0.18525521850358
-0.697746719233315
-0.569623844050882
-0.313378093686014
0.327236282226155
-1.08211534478062
-0.953992469598183
0.711604907773457
0.0709905318612875
-0.441500968868448
-0.569623844050882
-1.08211534478062
0.0709905318612875
-0.441500968868448
-1.59460684551035
-0.441500968868448
-0.569623844050882
-1.08211534478062
0.967850658138324
0.327236282226155
1.09597353332076
0.199113407043721
-0.953992469598183
-0.953992469598183
-0.697746719233315
-0.953992469598183
-1.33836109514548
-1.21023821996305
-1.21023821996305
-1.21023821996305
0.711604907773457
0.327236282226155
0.327236282226155
0.967850658138324
1.09597353332076
0.583482032591023
0.0709905318612875
0.327236282226155
0.0709905318612875
0.327236282226155
0.967850658138324
-0.569623844050882
-0.697746719233315
-1.08211534478062
-1.08211534478062
-0.953992469598183
-1.08211534478062
-0.953992469598183
-1.21023821996305
-0.825869594415749
-0.953992469598183
-1.08211534478062
-0.697746719233315
-0.313378093686014
-0.441500968868448
-1.33836109514548
0.711604907773457
-0.0571323433211464
-0.441500968868448
-0.0571323433211464
0.0709905318612875
0.199113407043721
0.0709905318612875
-0.697746719233315
0.711604907773457
-0.569623844050882
-0.0571323433211464
-0.0571323433211464
-0.18525521850358
0.199113407043721
1.22409640850319
0.583482032591023
0.199113407043721
0.199113407043721
0.327236282226155
0.455359157408589
-0.761808156824532
-0.953992469598183
-1.0180539071894
-1.14617678237183
-0.18525521850358
-0.18525521850358
0.0709905318612875
-0.121193780912363
0.711604907773457
0.135051969452504
0.711604907773457
1.22409640850319
-0.441500968868448
-0.697746719233315
-0.633685281642098
-0.761808156824532
0.775666345364673
1.09597353332076
0.583482032591023
0.391297719817372
-0.441500968868448
-1.33836109514548
-0.569623844050882
-0.569623844050882
-0.889931032006966
-0.889931032006966
-1.33836109514548
-1.33836109514548
-1.33836109514548
1.03191209572954
0.83972778295589
1.60846503405049
0.263174844634938
1.28815784609441
-0.761808156824532
-0.825869594415749
-1.0180539071894
-1.08211534478062
-0.761808156824532
-0.377439531277231
-0.569623844050882
-0.633685281642098
-0.953992469598183
-1.0180539071894
-1.0180539071894
-0.953992469598183
0.711604907773457
0.135051969452504
0.327236282226155
0.263174844634938
0.903789220547107
1.28815784609441
0.83972778295589
0.903789220547107
-0.18525521850358
-0.249316656094797
-0.249316656094797
2.51813744784577
1.62127732156874
1.1984718334667
2.04408280967077
1.62127732156874
-0.454313256386691
-0.518374693977908
-0.415876393831961
-0.543999269014395
-0.377439531277231
-0.415876393831961
0.211925694561965
-0.377439531277231
-0.518374693977908
-0.364627243758987
-0.339002668722501
-0.620872994123855
-0.684934431715072
-0.543999269014395
-0.736183581788046
-0.684934431715072
-0.761808156824532
0.83972778295589
0.519420594999806
0.480983732445076
0.955038370620081
-0.30056580616777
-0.0315077682846597
0.0453659568248008
0.0581782443430439
-0.403064106313718
-0.825869594415749
-0.236504368576553
-0.928367894561696
1.03191209572954
0.775666345364673
-0.249316656094797
-0.467125543904934
-0.14681835594885
-0.415876393831961
-0.364627243758987
-0.825869594415749
-0.748995869306289
-0.889931032006966
-0.672122144196829
-0.838681881933993
-1.0180539071894
-0.543999269014395
-0.633685281642098
1.08316124580251
1.36503157120387
1.57002817149576
0.506608307481562
0.250362557116695
-0.0571323433211464
0.480983732445076
0.0581782443430439
1.37784385872211
1.41628072127684
1.07034895828427
1.77502477178766
0.634731182663996
0.68598033273697
0.429734582372102
1.28815784609441
2.31314084755388
1.8775230719336
1.108785820839
1.76221248426941
0.583482032591023
0.378485432299128
0.109427394416018
-0.556811556532638
1.39065614624036
0.814103207919404
1.00628752069305
1.73658790923293
1.12159810835725
2.96656751098429
0.570669745072779
2.22345483492618
2.67188489806469
2.5565743104005
1.65971418412347
0.83972778295589
2.71032176061942
1.32659470864914
0.814103207919404
1.18565954594846
0.0325536693065572
1.48034215886806
1.14722268339373
0.480983732445076
0.404110007335616
0.301611707189668
0.00692909427007055
0.83972778295589
2.00564594711604
1.99283365959779
1.4931544463863
1.13441039587549
1.73658790923293
1.82627392186063
1.36503157120387
1.44190529631333
1.4034684337586
0.826915495437647
1.22409640850319
1.3137824211309
1.14722268339373
1.21128412098495
1.04472438324778
0.596294320109266
0.929413795583594
0.250362557116695
0.0966151068977741
-0.134006068430607
0.404110007335616
-0.415876393831961
-0.748995869306289
0.583482032591023
0.455359157408589
1.35221928368563
0.967850658138324
0.711604907773457
0.455359157408589
0.0709905318612875
1.60846503405049
1.73658790923293
0.967850658138324
1.86471078441536
1.60846503405049
1.60846503405049
1.60846503405049
1.35221928368563
1.86471078441536
1.09597353332076
1.86471078441536
0.199113407043721
1.86471078441536
0.327236282226155
-0.18525521850358
1.09597353332076
1.60846503405049
0.455359157408589
0.455359157408589
2.63344803550996
1.09597353332076
0.583482032591023
0.967850658138324
