8998
2825
2996
5707
3321
7407
3240
6800
1000
7020
7250
1470
6400
5401
8060
3254
2000
8500
5160
8250
2694
1775
1700
1775
5020
3565
900
892
3590
4880
4940
3743
3240
0
3080
2970
8198
2960
4420
3294
2079
1420
3324
3365
7160
5380
7800
8055
7700
7935
16000
3461
6367
6685
755
5880
5304
5100
400
2100
2080
3063
4515
1000
3091
9882
0
8090
1260
15213
2200
9210
2025
5940
12750
20450
7401
4740
12100
5474
2667
460
1000
1736
440
2100
4878
3899
5525
695
0
4008
816
8162
0
5645
12282
3080
7270
4568
3946
6000
4144
2598
3549
1064
300
2162
5666
4912
1000
3995
3060
44600
11362
4600
4142
5120
4500
5025
3886
554
880
4964
2560
8260
5430
3275
19694
4736
1700
35115
16270
5838
3412
4644
3618
2700
0
8078
3481
5230
11600
3840
5645
4700
7330
2880
2114
69
22108
6350
3490
5219
3605
11357
12660
6955
4424
0
3000
3444
0
3700
5700
1887
4835
3030
4935
6400
3743
3122
6800
6249
5100
7819
3888
3147
36830
3020
7755
9400
3800
4168
9000
8260
8300
6348
13800
2358
2700
5620
600
2470
23400
8736
25240
7230
1281
16100
3712
0
8800
5000
1623
22450
3440
2270
13000
3280
208
7900
0
5580
4356
12970
6160
368
7445
4004
6831
4889
850
4193
4549
3234
4265
0
8620
2500
10950
3632
0
9980
1630
13000
3375
3667
160
2945
2606
4170
4524
620
14637
11400
4800
17300
9280
2140
6000
5500
12600
870
0
665
12060
4593
18860
400
7470
4760
700
4066
600
1490
2531
7570
3348
600
5808
5634
4985
14000
3000
4111
5018
3650
1662
2075
4000
2650
3980
1714
3755
8948
7300
6990
2747
2736
4896
3059
5300
2960
2480
3725
4136
414
2465
1052
4900
0
15800
8193
6478
4375
4195
3330
0
3530
6700
0
3457
9000
2517
9215
11095
3312
4425
3000
5707
3667
5800
2918
500
4201
4168
3036
3586
4655
8950
1190
3208
400
8290
6360
4061
1000
3808
1302
21380
3370
1045
6300
12355
3250
6450
4854
8738
8532
3325
4190
6556
3600
8200
5950
4900
3162
2928
5698
1749
5652
3307
6190
0
1941
2324
4725
23020
3930
160
4554
6060
4640
3852
0
20700
5903
0
1200
1944
3295
2000
3110
7440
4209
5472
4248
4215
4864
2420
7030
6112
5300
9600
640
828
500
2600
2371
0
3555
4000
6565
460
19331
8400
5432
6246
5400
4338
2704
5200
2707
6450
4564
2464
2082
4000
6096
9702
3525
2120
2640
1470
1547
7062
2039
2573
1438
7990
0
11100
7850
655
3883
2431
21500
3320
570
4932
6032
2652
28930
1782
6660
11910
5120
4750
3630
2640
345
1831
4710
6050
5725
19656
4000
7700
7700
4294
6080
4225
8960
32980
3225
0
6140
2159
1250
10345
5260
27760
3280
17500
4324
750
2875
12461
1970
5000
500
2823
7648
3200
13840
5460
6730
12288
6540
2248
5648
3169
0
3034
4059
1600
1900
2998
7880
19092
14515
6310
14050
4530
10920
6196
3410
6080
3910
7560
1600
3770
3167
7000
0
23900
1540
3584
2702
1146
6002
4710
12177
3636
0
7392
4650
2740
5484
2845
2474
8300
5250
2170
3828
2930
900
8600
0
2248
4074
2874
18900
200
18011
600
6000
6043
3484
0
3353
2719
700
4280
0
5135
14686
0
4760
4547
4130
3752
12900
3600
4075
1854
5120
4752
3380
3419
4045
4326
4800
3345
4850
6226
6643
1400
16470
2965
5814
5220
4972
5200
10575
8460
6930
9510
3793
2025
5280
1500
5417
2374
0
5335
5315
0
7600
7520
5490
3523
4943
12350
758
16105
3090
14000
3000
21380
7460
1600
700
18160
4263
7910
4752
8001
5300
1390
6100
6200
5386
5306
0
8080
7461
4769
1060
1600
6700
5050
15100
3325
5860
7000
2852
10200
1947
2800
8822
7601
10400
3020
17100
5730
5972
2000
7865
2745
4050
5040
8699
2735
3020
2535
6610
5144
4230
6095
6560
2212
7442
4510
8551
7389
5020
90600
3723
22260
0
4623
3110
3062
430
4150
811
6743
7240
744
9726
5145
12800
2714
4641
1250
1240
9735
3000
8300
5616
2243
8200
6158
4803
10360
2700
9243
2450
0
9190
4280
2598
10610
4618
16350
6972
9900
4900
2388
787
5775
1055
13930
2800
11734
1662
4970
3844
4980
4280
950
11436
180
6566
2242
5174
2400
6200
2850
300
2480
1500
750
400
4030
10842
3400
6175
2891
1150
3800
9000
4626
3100
3100
820
2830
4020
4849
5100
2230
3444
3270
16267
2300
12395
255
11450
2424
3466
890
0
4800
13828
3200
6500
7414
7590
10400
1250
9000
7384
7336
1000
7900
4550
0
9054
6320
0
1000
6412
7500
100
1600
4100
1944
5456
1955
0
7096
6560
3859
9035
0
0
881
12600
4283
17284
7059
8657
3294
8770
5220
4979
30000
0
2302
2125
1573
8093
5900
10000
1526
5508
7568
4755
2445
8650
5390
13284
2916
140
4176
2839
13299
5763
7134
3470
10745
2475
8100
8200
7800
5800
1370
3117
9634
4108
4318
3966
4461
11430
6730
2300
3775
3330
2640
2990
0
4890
5617
3464
2325
7300
19900
5940
22380
11022
0
4492
867
4145
610
2878
1050
11120
6490
21770
4633
5960
4645
18450
7300
3324
3272
6892
1342
6300
2810
3513
6080
3106
2175
7470
3559
5888
3900
3646
5951
6145
4231
3397
7450
1747
4600
10350
120
2904
4162
3966
5170
2025
30000
2760
14430
5010
3042
11650
15060
5045
1125
3859
6202
7146
7410
6520
840
16230
1337
4772
400
5380
3300
14596
1283
3722
11680
400
400
435
4680
19870
1144
4420
2832
1975
2460
5135
2742
0
3670
0
1040
3993
2800
2177
0
5400
4010
2533
718
0
3715
0
2340
15050
5515
1815
4792
2060
718
4120
2903
5893
5436
4933
3205
3383
3805
3088
0
6798
3737
4565
3648
8026
11500
3267
4818
0
49360
3651
2428
4743
7160
1650
4282
7074
0
4502
4350
4740
31400
7444
5320
7640
4962
3315
750
34410
4735
3540
2700
5016
15700
1756
3857
4660
6950
3378
3355
9040
6150
12140
3475
930
2570
3200
7250
2087
13742
0
4347
4045
1000
275
6555
6463
3162
161
0
18912
4050
5000
8399
7397
9165
2900
5180
7504
800
1924
10933
4000
3142
4078
7680
11747
17810
127
200
8780
2140
30100
3034
800
8184
0
8648
9050
2100
3529
8521
6600
6920
1198
8100
0
6200
7248
960
0
11250
300
6700
1969
3520
4642
11350
0
2945
1000
1402
8550
7440
9260
1812
7227
4906
0
3771
17789
648
1330
3767
3465
10978
7834
900
2860
1000
4000
10050
3990
2040
3680
3009
5260
5736
6265
5925
8259
11000
3680
3865
6588
5412
7000
3559
7280
11653
1500
7437
1800
6885
6457
5400
3225
26
5450
10684
8694
2730
7810
4028
2800
0
1994
2838
1563
4320
3420
2465
5048
2082
2876
5874
2851
0
5560
2550
3031
830
2736
7635
3737
3485
3590
6400
7070
3350
1893
3886
2100
1500
2954
6450
3348
6715
6501
3520
1870
3449
565
2568
5601
2112
0
2609
10180
4040
3612
4560
20000
5720
14859
5614
2232
1382
10227
565
5558
4896
3840
6805
6919
6965
2350
2707
2550
7556
901
2845
2400
4690
576
2769
4450
7402
21580
1212
5249
8610
10723
5411
6840
2088
5255
4338
9577
23000
3533
3000
3672
3702
2350
4370
6744
7884
6950
4858
8240
5605
2267
6900
17930
1720
11830
10500
7300
2300
2770
9153
12600
6587
1385
600
8868
20900
0
7700
3840
4665
7900
25600
2575
6692
2215
7838
2960
12400
4840
5544
4257
760
1735
27978
2952
16800
4875
7760
3329
4900
6192
21200
2131
8390
14100
6800
5700
1404
2441
3717
3780
3595
640
5300
2468
0
2824
5082
8743
3356
3010
2578
7516
7752
0
3269
9745
3291
8000
2571
10100
1850
2000
16200
11800
5715
4504
2520
4084
5088
0
4760
5442
7799
1435
3376
6992
5569
3348
6350
4280
3800
8800
7200
10200
3674
1140
3050
5624
4354
2011
1750
4040
8239
14666
4700
2315
1368
5250
15200
7890
2740
2777
1000
4730
0
7950
8000
4513
3629
8865
8542
9300
2496
3130
4700
0
8700
164
18241
10911
4338
2348
3249
994
3598
717
6105
12500
4386
15400
6480
3000
3523
2266
1390
4966
2000
5096
9210
2896
200
2440
16500
6759
4690
2386
12370
2210
5058
3024
1440
12220
2130
4897
5612
4028
4825
3164
2550
5490
3822
6286
4520
3852
20700
3675
3695
0
11550
11400
6034
9590
3225
2500
3319
2963
3618
13100
3611
3200
5430
2330
4100
2330
16822
2844
8217
4000
18200
4812
4615
1940
7900
11215
2412
12440
1750
820
2137
3543
8900
2040
6180
4600
2736
500
4130
1570
570
4860
3108
8005
3000
5057
4950
2850
3610
6260
0
5573
10980
5292
4900
16700
8290
7532
1050
5200
3040
7725
4684
14263
6050
9925
10390
7034
3470
1520
4850
8080
760
2830
3462
17040
700
1775
1980
4135
2000
5994
3640
3401
54480
1100
800
3680
4347
7700
0
0
3271
7821
7998
3540
0
5970
3928
5925
0
9994
3955
4210
2817
0
3781
3942
2630
6050
5300
2392
5435
2669
960
2925
8200
400
15360
6349
4068
6100
2960
2037
19120
200
5570
240
3820
5491
2656
5000
5700
9160
6000
2420
0
2775
12660
6884
4544
5516
6562
4378
1950
3132
4288
9450
2377
2915
2000
17816
5453
2550
2736
4509
15785
7850
10075
3850
982
7200
4500
1250
7125
3200
1644
7550
3408
5100
7700
6600
1521
2995
18950
1000
3471
9672
3197
104
2907
9940
0
4424
4844
4234
7170
13480
3276
2580
991
2475
3075
1755
9550
6910
2676
4848
2521
5016
2625
1610
9125
5740
6700
3580
4102
6365
5650
3310
6706
5976
4962
2885
0
2850
3042
1825
2280
5471
2300
3852
2000
6182
3458
8300
6000
1230
4200
3651
5306
4150
9927
4387
6060
4906
3265
5824
600
9237
3040
10200
5530
3590
4320
8757
3880
2042
7425
307
2477
4145
3430
4200
3600
12045
2000
2700
6448
5270
7500
5634
4350
3153
7645
14400
3797
3840
4925
11080
5610
8373
948
5098
14586
4590
2787
3221
2066
18760
6480
19616
3790
3700
3452
0
3825
7228
7855
7360
2200
19802
6100
5987
3810
0
150
7300
4557
4434
22400
4794
2234
1400
4587
45500
3701
4697
19931
6967
8712
9889
3918
6260
0
3109
4030
8610
13131
4105
2230
2812
8950
0
0
3101
3556
13422
3039
2921
6064
9897
5393
15200
1638
5882
3975
2245
10136
5070
3120
4781
12250
3200
7555
5845
1900
21400
4760
0
4090
5466
6480
2473
2020
13100
4160
15160
3080
3083
1350
5720
6160
0
1350
7825
5255
8840
4434
2771
4200
1400
0
7884
6095
19240
3818
3490
5338
3120
5070
0
4503
3468
2909
3850
3380
900
10490
855
3925
1940
18000
3540
1968
6329
2300
7250
1900
6450
725
4400
5100
1312
4356
13095
5699
3440
6375
4690
1757
3460
6709
3150
1677
3003
2731
3660
2820
16599
699
5128
1120
5446
2850
3337
2594
10200
4200
9980
7865
1824
1000
3594
4378
13152
4832
3391
1800
16000
1756
570
0
2662
4264
6020
2526
5431
3638
3462
16825
100
6468
2460
0
8560
3000
3590
5870
8875
3600
2021
1136
2906
16148
1600
5981
2420
540
4195
5813
7025
1128
3000
9033
2480
3466
1138
3449
1000
5600
4046
300
3150
7550
5150
1848
5405
4831
3026
2391
4707
9900
2350
23700
13735
0
3366
0
2664
2175
650
9840
7800
20940
5137
5900
1404
9000
6000
0
3180
25840
4914
3596
0
400
6860
0
0
9180
10950
2820
3100
2231
7172
0
10680
321
2952
4002
6240
964
4744
7183
2038
4671
40200
13612
9550
8312
3400
4148
2401
2100
36100
3582
4077
4975
3585
28630
6040
1690
5520
4375
4898
4600
5819
1800
4531
1667
360
6340
7550
5880
1206
3550
3770
3650
7500
2150
5018
720
3700
5850
5525
2125
1249
6750
2490
4482
4030
2466
1260
2057
500
5280
9954
6738
5098
6500
300
4374
8200
25620
5304
22900
5664
15280
3415
2986
4270
0
2252
0
1715
4353
60700
3180
2655
560
6555
560
3360
8420
116
6150
5719
8085
3844
3951
8610
7575
4680
9440
2017
18280
2967
5700
4140
0
6100
3585
7380
6300
7298
4456
3045
863
0
3997
0
8720
4495
7521
4800
300
2560
5335
6060
4378
3615
380
4844
4040
5200
8802
31100
6952
2140
4090
5112
5350
6900
3397
0
3223
7464
5783
7515
5740
2138
2934
2463
2000
4645
2800
6001
21687
5632
9834
6000
6750
5950
3382
300
4610
7255
9696
4220
3102
3262
4197
3862
3842
2236
3320
2607
7636
18700
5230
7449
1500
11900
12261
16760
3208
3100
11350
17193
3204
8225
5482
1810
4736
3748
7620
5710
4384
9910
1595
128
2400
7977
3400
4638
1800
5820
0
3635
4416
680
8778
3211
4187
600
2771
0
7467
8800
7964
5960
2267
2065
7242
3636
2544
2356
3870
3290
874
1100
9900
14823
6040
4265
3132
7887
13700
10280
5133
3960
3420
9900
0
3200
4900
6400
6007
4458
6354
2600
11554
1400
6146
2925
1378
7792
1778
28355
1920
3660
0
6923
1347
7000
0
9700
6123
2754
4000
3173
4279
3217
4840
13656
7726
3585
2230
1505
7700
8255
340
4501
5110
9265
2956
0
3320
3085
6680
5187
18250
1132
3720
10300
33400
15680
2288
3189
7090
6240
200
2970
31
6814
3000
3100
4900
6231
0
10700
4388
31100
4368
2835
2984
6530
4417
5300
5540
3240
2488
2875
3898
4700
4740
7775
22256
26740
7277
0
2074
2823
2526
19999
27920
6900
3186
4282
4408
4115
9995
2752
4152
5491
3845
10901
715
0
20800
5400
3540
5304
657
2270
2888
975
3176
2500
4998
1100
8000
2923
5250
1765
8304
11360
645
12600
5685
3852
3859
10000
5669
0
1440
8400
3350
700
2558
5656
5900
16000
9300
3047
3900
0
6179
5640
415
1080
4950
1242
10689
2280
7490
0
6265
1500
12500
2593
4643
12640
4800
6900
5820
5343
3645
3256
6245
4407
7563
4838
9200
3960
0
0
3225
3326
759
3806
5266
5300
4500
6532
7106
3792
5611
7189
4755
600
8584
8880
1100
15000
3308
4500
1260
3569
6955
2229
4673
5720
1710
4100
3559
1635
700
0
19000
825
3648
6840
5020
0
2031
2211
3569
10000
7346
18930
3060
22200
10636
3779
7350
5095
2138
7584
6715
11757
6120
5679
2012
3230
200
31200
1778
2316
6980
5220
2229
600
2737
2495
4992
3950
500
6900
0
3522
1437
6420
0
2617
3859
5810
5055
4160
5048
3335
7689
2902
3479
420
0
8070
12524
4349
5000
3606
200
5282
6600
1680
6120
5868
13100
9050
16468
4975
5172
0
3714
6530
1060
3900
1090
6730
3013
7270
6825
5994
104
50
4950
3118
3652
3923
16540
3405
18000
3990
20900
3460
0
3200
0
5715
8461
0
24370
2175
3000
2690
170
18406
336
4935
6000
5023
0
2725
7030
8686
4125
5090
24065
1867
13210
3125
18120
3755
8500
3954
4303
2325
1836
1945
9820
0
565
760
4653
0
3000
4672
4522
2780
10270
4798
12700
8501
3600
2562
1776
3300
3520
0
0
2050
1232
4704
3646
13340
1075
1146
11286
4290
1900
490
3460
3279
1400
4560
1828
2898
390
2640
1106
4740
6228
1950
3094
4400
500
30000
0
2760
3000
3900
9700
4193
7400
3690
5819
31000
2600
1000
1000
5379
2794
6582
8188
5225
3035
5030
6515
3922
4262
4515
0
9080
0
2352
2979
7860
2450
11625
770
3500
3930
4402
6150
10060
2270
7500
4411
4110
18890
7620
550
6597
22000
4350
9010
3350
6552
10819
9600
19440
2636
3382
12290
3580
25187
4044
5000
3510
14892
2411
3840
8750
16650
6140
1730
3470
6620
4515
5650
4160
1000
9985
1650
0
2955
5544
4870
2575
20
9090
4684
3738
500
3670
1704
6605
2290
4320
3407
23270
3267
182
12380
0
13124
3718
2983
4062
5280
4309
5480
4120
5070
7560
4100
14776
1756
5200
13000
10948
5430
3283
5765
3000
6250
19300
6300
6900
17600
4506
7200
5444
15300
8965
1070
5315
17870
3778
5584
6635
2470
5053
9000
7036
3000
1950
11450
3743
12063
0
4514
4159
6800
0
8818
6810
4512
5400
6718
4550
3546
8375
2083
3500
0
9540
6320
2568
3000
7092
8000
4650
4150
400
2661
4535
1792
3279
4000
2819
4709
5643
5214
4900
12008
9100
0
1650
4714
5400
6050
4312
10000
7350
3730
2744
0
3025
2261
4728
2240
3170
5730
2893
10702
2208
12100
3579
0
6509
1519
4873
9190
0
9472
2855
4750
4275
4029
1100
2464
23600
300
4850
6257
4324
28300
4605
260
7338
13594
5154
3468
16200
6530
8594
935
2666
7815
6699
8350
1625
3600
6700
2017
17100
186
3688
3000
10004
3627
5920
0
1817
7475
4790
6970
2898
5896
10026
7470
2337
10515
8037
3131
2762
3389
4560
5158
4600
3280
3587
880
13444
0
4399
7268
0
7000
3328
8380
3900
3125
2550
5010
1850
474
10900
9900
3660
2672
2226
12600
2617
1960
4725
660
5482
5390
25570
3307
4950
0
2925
3912
6890
7230
0
10119
3200
12617
3600
6120
4940
8760
1795
3289
4519
3400
25135
8658
8150
2892
3550
2000
1925
4176
3360
240
0
3710
2581
4850
3350
5700
20000
5569
13490
600
360
934
7168
9280
916
8080
3660
2620
500
40350
7375
250
2680
19681
3700
2600
2890
2604
1836
300
4810
18815
6677
923
2700
230
2200
2350
2481
5400
5064
3780
2375
3640
3780
2308
300
17100
2209
20800
2854
3814
3204
6272
6740
9400
2654
0
1300
8000
0
2427
10815
4325
6732
1605
10100
4920
2919
4499
3260
3632
4050
3180
7484
6528
2135
6349
11680
8772
21516
1124
2621
4512
4160
3100
6777
4480
500
3990
3455
2754
8195
7675
6001
6350
400
2721
6710
5330
5509
3278
9000
1742
4597
62320
500
540
2160
3596
2282
4208
4212
0
4200
2000
14100
17666
5400
3066
21135
2875
4820
0
3667
4728
6690
0
5800
0
3900
11800
1800
0
2088
3594
0
2175
3690
4970
5330
5600
2952
2422
224
8519
5282
2280
6000
3142
11000
4750
370
5642
5388
4580
39784
3450
3180
2205
16934
2674
4070
720
414
2110
62
0
3578
0
2698
3760
6419
9050
3350
5000
2305
9110
8471
5090
3945
2804
2725
1700
6005
6936
3075
2318
3953
5772
0
11080
3468
12970
2304
3800
4436
2800
1270
1453
215
4349
2091
1850
7130
9419
8118
2885
1459
6807
2025
0
7475
1852
43650
4029
2824
2232
0
3860
3875
11250
4510
3304
595
5890
5019
8000
2962
200
3987
12600
9000
4132
6010
3832
11350
9700
4613
4800
11030
7345
2690
12315
3635
4667
4075
3280
5603
4700
6030
6980
16350
80
4028
2200
7365
6550
9757
5360
0
7584
7205
30000
4880
5650
4650
8350
3180
0
6960
1890
3221
9226
4627
2616
5185
1545
0
20558
4000
0
3162
3550
3448
2720
3580
3379
7300
920
9200
10000
7200
1704
2000
2437
0
17000
3075
800
4797
0
3267
12200
3229
3830
4615
2754
30000
11830
0
2000
2986
1800
2967
5465
3501
15285
4395
6745
4745
1600
39000
9345
3435
7401
19360
500
2990
0
5656
3366
9738
15918
8650
5150
10890
7520
4990
8930
5515
4689
3519
1625
18433
3838
5819
0
0
3780
5049
3657
5140
6300
11081
3778
6996
6600
3136
960
530
1706
2276
5020
4084
11600
2800
5400
8000
3574
9900
0
1773
2682
3035
31260
2380
3700
3280
4100
2606
4440
1865
3582
5120
3935
6589
0
4920
0
4675
8758
3303
820
3432
5650
3600
2975
5419
23650
1850
6100
3282
8774
3176
11060
3169
3210
1610
17340
5000
4177
0
3680
1500
2400
1370
2775
11760
8130
0
3956
1115
912
2225
39280
7800
9600
1230
4700
444
4540
1520
1936
3096
6335
42930
30000
0
15700
2667
3300
4420
2000
13002
4050
1114
472
4400
7448
0
5960
3750
10070
3610
27400
2888
3442
1450
1785
2965
6600
3900
16260
22000
5985
6942
3745
1575
6580
6300
9110
3276
13750
17500
455
4849
3358
2968
1310
1040
8000
3700
5202
3375
8384
3000
1955
6265
5253
3891
0
5910
6460
1865
3755
4160
8880
3080
1200
3670
16100
4105
825
2988
5140
6275
5205
4734
4292
5200
100
1951
4770
2670
4500
911
0
4612
4395
7500
0
3280
2602
0
15040
13370
17640
3157
5815
7222
3426
3525
0
2910
13643
5676
5464
235
5775
13480
0
3100
31200
5750
5600
6124
12605
6787
1900
9354
10800
8700
20300
35000
19225
6678
3597
2538
5800
8536
3928
2014
3226
9773
2663
1002
1490
5976
6302
2374
7000
8400
3189
12970
13000
4280
2948
4000
2017
3295
7434
18300
3400
8155
1548
6100
0
3825
8510
3092
3080
840
560
3721
3211
5200
7800
6600
24550
3570
3259
2928
5516
7811
1200
4284
9487
27000
12435
5050
2821
2430
10500
0
3052
4423
2520
4381
5253
6160
0
3187
4370
6909
9750
5985
7197
7794
43700
2640
10730
5850
2342
5634
31500
0
8390
10050
7605
500
7960
2562
13907
12720
5610
7110
6478
2430
14000
12080
3840
10008
100
1427
1820
9117
3927
200
3852
330
2569
635
4968
2300
3182
0
3275
1500
1372
5000
6496
8629
2000
150
685
5538
8900
8700
3900
2550
5052
4590
3565
6590
10600
8840
3000
1000
5015
4060
6880
2800
530
585
5475
3214
5770
7200
518
2770
187
9478
2101
2797
8240
8800
5734
8760
6404
5195
9560
1580
4107
3136
0
1100
5215
18450
6504
4972
3700
0
7490
12511
265
7089
9306
4623
1363
7742
3830
4800
4653
2590
16400
3360
3250
0
3031
2720
0
35180
1730
4060
700
3602
6720
2552
2550
16840
18000
1494
4013
24620
1610
2714
3750
4479
3885
4114
31210
4020
6625
1830
3678
7940
15000
2094
8800
5783
360
23000
1549
8200
6920
7700
1240
0
0
9500
9982
7741
5623
24072
800
9995
4317
7500
2538
2603
15000
10500
6010
1950
2931
11132
2220
6840
2814
4749
3576
6333
3588
4275
2423
5869
15500
3932
4000
2528
3900
11900
5820
2406
4900
0
5208
14820
2000
9963
9666
3246
15000
2086
3795
2350
3720
3616
24900
5370
2976
2880
3297
4210
5021
3113
16520
7072
3840
5005
6350
13350
1485
1335
7411
1000
6540
8610
0
5292
3200
5760
3800
8173
2734
2959
8160
3090
3691
4218
10554
2630
568
4230
3407
10100
10460
6529
3065
3354
7300
5000
3042
5200
1535
4800
10499
2647
9280
7413
2200
1330
4058
4707
12600
9300
2897
4053
2581
2435
13634
5440
15332
5200
3752
6170
2628
11200
1188
1325
7000
4038
5449
7993
2491
3850
1550
16113
8340
3240
0
2781
1588
8400
22090
20400
6890
7528
3914
0
6488
1280
6308
7325
1204
2607
6200
93
3038
7308
2727
11200
4240
10960
3160
1360
5220
0
0
8682
1620
3595
0
29876
6100
2980
300
3006
2437
10445
5776
7800
1525
3002
700
1194
1624
7234
195
615
5904
2670
5500
4040
3200
5800
10790
5500
6860
6730
8398
3219
955
3550
275
7433
4737
1950
0
2000
900
5302
6233
17300
8245
890
2997
3996
6320
16000
3247
17040
847
30300
336
3190
4604
4998
0
8387
3288
2231
496
5571
20769
4400
16665
3644
3516
15331
21440
5731
2912
3453
4500
0
2394
6000
5952
5242
1360
0
4270
4400
2870
1740
3472
2160
186
680
14750
11860
7616
0
1887
5406
3918
4338
2500
5960
4149
17750
7600
4205
6170
7505
4832
4931
3646
8900
4000
8152
1619
3407
2000
1636
3365
1585
4360
2682
5962
4320
2112
4554
5820
2472
4160
3200
2844
8184
550
2514
1862
12000
3970
5000
4000
2843
3000
4436
2959
530
5630
3506
4500
2773
1698
5483
12408
0
2592
0
4930
5315
3650
10360
19620
3260
2714
11040
5333
6306
200
600
0
4165
4428
37389
2286
2830
2220
5050
3615
42385
4000
2892
17670
1982
7189
4763
1000
10378
9240
2199
3302
3000
12350
5669
0
9500
15454
3230
6300
5380
800
13381
2450
5590
7655
4800
6019
2592
1750
23961
6200
2976
3238
4590
2730
4076
11720
600
1593
6610
13300
14964
2150
0
14200
9369
8856
0
2200
3810
4110
8326
0
2000
2792
673
2500
8700
25520
22600
8617
12840
4113
3832
3625
3175
540
3365
6509
1367
10210
3850
6426
360
0
3710
6800
0
3663
1285
4390
4476
4105
27770
6000
2160
3640
1821
4082
27168
1040
15762
5032
0
1345
4783
3060
4408
6063
16600
1020
0
2556
5301
3645
3102
2140
12830
3300
11920
0
6846
10010
3972
10600
12000
11120
2281
2125
35504
2952
3487
260
2049
15198
5780
6880
4000
2690
10000
6324
1500
2972
7508
19320
7770
5904
4000
3600
7000
6787
4700
5214
6759
11210
3363
19280
3145
3200
3975
35700
12250
4450
3442
9830
6152
15940
1106
850
7145
2994
6454
26745
300
2959
5382
0
11321
15351
0
1798
2259
5700
0
3646
4081
1000
3000
8796
1485
20000
4750
400
6168
3510
6200
4027
4652
5724
3004
2048
0
958
17040
37037
0
410
7290
2480
4177
8814
3621
7194
1600
3340
9750
1164
2285
6585
4400
2805
12500
14850
34450
2990
8900
4151
6600
2937
3721
3360
2474
4835
5667
4618
5462
19020
6526
2045
3857
2639
800
5822
4000
3100
2420
9090
6661
2100
5088
4740
9591
3020
2900
3450
2213
6838
12150
12800
950
3740
6020
4161
3160
15250
2345
1470
4227
0
3400
9000
2912
3675
6970
0
2825
1470
0
8170
25011
1704
5777
2670
6335
8910
1355
5822
5025
300
9040
2575
926
20103
3750
6800
11100
7980
10826
2460
1000
6559
3968
6270
3025
12928
4800
5300
333
721
4974
5754
3225
3720
6268
1800
3240
9070
5556
5269
6002
4356
7900
2600
3838
2425
0
4249
3971
2316
500
6400
3223
4992
1780
12048
3027
1421
23900
2440
6710
4700
4158
4706
3100
28160
6960
5624
1576
12200
2510
7442
2025
414
20300
14465
5520
7150
4972
3200
0
2517
8216
2772
3422
9809
18800
3765
8240
29000
3147
13500
8800
2705
6390
2468
1401
3438
4380
4407
20748
5720
35000
5106
5745
5692
13800
3192
6625
4600
8640
2714
6100
1961
100
1000
2484
1102
10620
6526
7000
3274
3434
7842
4190
10150
5020
0
2360
2500
700
2470
7700
1029
4251
14160
860
4085
2945
7350
10570
3250
3781
390
5874
1840
3280
4606
2964
5214
31950
48900
5419
8000
4042
4542
2952
2830
8500
8169
3030
4009
6560
1800
5400
4192
5588
13128
8459
2500
7700
4500
20500
12300
5610
2470
3118
4900
954
3234
7917
3585
4890
3856
5108
5525
520
1575
3720
10600
5360
3434
5678
2465
1040
0
1000
13928
8480
3675
6150
730
500
29448
55000
6840
5120
2800
3600
0
17600
2143
0
3534
3774
2815
6297
12700
6282
4380
6313
10170
5400
1285
5493
5680
7000
7875
2128
4206
3594
4822
4534
6347
4580
5806
224
6790
2620
4115
3885
3420
4294
2780
6713
2400
2832
7623
3431
4440
0
19456
1957
385
3326
10430
5450
6250
1380
4128
7018
4827
2833
8335
13100
2092
13600
8600
6900
2955
2770
14280
18300
4075
6800
6535
4068
3645
3412
8500
5474
9585
2000
1530
12160
1475
13445
9554
900
8775
3525
4411
6450
3774
6636
13579
1650
5484
4007
10405
7428
1852
3780
10465
3064
5921
2508
5022
3519
0
3700
3138
6042
10300
5300
500
3950
3096
4079
3400
4117
5065
0
4659
210
1800
2980
5580
888
4000
4550
3426
3012
5304
2685
2970
3970
2192
7300
5425
5520
1760
4060
2524
5530
5392
3520
5070
12040
7643
610
3840
4600
3167
625
17500
2267
2930
7205
20800
3790
5071
6240
4921
3898
4812
0
3023
9750
10200
2960
4650
4367
1075
5720
0
8340
2470
6697
4487
4558
7030
5560
3708
2586
3850
4080
5908
2343
2093
2257
5065
8530
12300
1590
760
7120
4350
8190
11900
3743
0
2490
4554
0
13652
6518
13676
2948
6433
3422
14220
3348
10710
10320
6218
2921
5412
3330
0
25900
3600
4492
1297
0
4006
0
3630
5643
5762
8409
4100
3300
6000
7770
7254
2400
4270
4800
1000
2194
11153
41600
11891
3850
3040
5095
4345
340
3310
10860
16300
18352
9606
5100
0
4125
6700
6690
3789
8247
0
6625
8120
5497
1500
2846
2257
3669
0
9550
4622
8023
3864
3600
3419
430
33200
535
26400
7120
9670
4760
2525
8200
3950
6782
5487
6342
3110
3108
35800
3344
5534
7500
2450
3866
10885
4122
7070
3560
5239
6315
8300
3785
5608
4230
5467
16440
4818
5540
1657
4200
5027
2595
9180
1720
7820
2635
10280
3215
2058
1000
5564
3200
5911
31700
3773
2095
2941
5625
875
11000
344
680
3867
17110
6605
5840
18014
4045
6655
8954
8343
5165
3870
3905
0
3840
400
4335
2065
5586
2485
7350
3548
6780
5819
360
0
8180
3004
10800
9900
5335
8622
5410
7840
0
2250
40430
5255
4024
4810
11900
6310
8190
5146
11427
2500
0
2600
4534
6000
3000
3210
6180
8650
5765
8278
6445
3260
5615
2280
800
13600
4800
4000
3090
1915
0
2650
3540
5060
3147
5390
880
13655
3525
6000
2177
0
1402
0
27024
3096
5790
0
3760
2229
6270
120
1400
0
2649
2320
1750
2816
2885
29000
2153
6100
5342
7550
1518
6017
2673
3300
6380
7254
2684
1335
3227
1700
5142
2940
420
0
3308
570
1820
5338
1400
3819
2755
2444
6300
520
3650
5204
3002
6501
9600
3600
7194
0
3565
7520
717
2000
20156
5850
2805
2395
1310
870
2096
4877
2150
2305
870
4394
4074
4000
3144
1710
4800
0
230
2316
1000
3200
1446
2006
0
5250
2988
4650
3662
1300
6287
3115
4272
9235
0
2437
5010
6140
0
784
1669
1445
1550
4081
1625
3985
11419
4336
12100
9166
5525
3000
2830
1795
8605
3247
4010
1712
9020
4176
890
31135
5296
3450
0
3562
11320
2519
3525
3115
3876
1271
2775
9900
4375
900
5853
6183
7370
4202
19310
4000
6035
36863
14280
0
3200
6985
3488
4767
1720
1764
3456
6510
3283
4488
1480
13424
8690
5819
9556
3460
2736
5500
2742
4395
7900
4225
10189
1142
6350
1550
7980
2938
2508
5440
9500
6335
1896
5236
8400
6720
4310
3450
5126
3290
8730
3000
5250
6930
2800
0
0
5669
11050
7300
10720
4291
880
8776
7998
4572
4040
3560
0
3677
6800
14800
6400
7695
3840
400
4500
1960
4202
611
0
1080
5120
9600
12000
2461
3580
3600
4830
84
4700
18990
0
5300
6107
2856
13400
4650
14625
5090
9443
0
10065
4000
2100
1120
7089
610
3200
5838
3400
3053
1794
7800
2200
6707
5000
6096
695
3200
3871
10327
20525
6255
6002
2239
11550
3072
22560
4375
1300
11450
4500
7840
11711
1220
18700
10168
1868
0
9280
3240
1820
3160
1825
0
8000
4660
5600
6960
420
7606
7065
5505
5233
6320
4918
830
9650
4048
3155
2377
9403
5088
3984
4390
2580
1615
2594
1970
1200
10010
0
2118
7038
9500
8100
3154
8453
9525
7100
0
16600
3300
6265
5430
672
2020
5022
3825
10750
0
3040
19350
3444
3146
2358
7030
10470
3200
5000
4000
13600
2816
8330
0
2740
1000
2035
3770
4077
8208
6600
3700
8000
6050
19941
3472
14640
7564
2890
0
6190
2310
1580
2150
4281
3340
19920
0
11845
6100
3910
9890
7625
2359
4456
4965
0
2310
3425
7605
2940
4737
7435
9330
4607
4474
4060
3150
900
3163
3307
6180
3756
13644
1750
2002
4316
2804
18300
5870
6457
460
2333
6795
900
4860
28510
1840
12235
3000
6896
12800
4800
7014
5200
18985
3119
2994
5150
2624
5164
4944
4182
2100
5115
4275
6715
3285
860
12206
11500
3930
2362
11540
0
3634
4047
440
4780
1000
6262
2000
8012
5814
6400
3042
4337
1410
2994
13598
2283
4668
7960
12960
5820
2430
3132
0
9712
4875
14560
7750
2746
4500
3780
10650
1147
8101
5700
2511
0
717
6105
10650
8225
31760
4741
640
3577
10000
7397
1120
2119
31980
3925
3980
5117
4188
6800
1800
5120
11200
8100
9590
1324
10800
1972
9460
4424
6680
4662
23000
4279
2143
5709
8000
3998
916
4570
4170
15975
5845
3300
3030
10780
4058
0
4025
1870
920
3260
2405
5474
6702
0
4478
6300
3070
3422
14484
5931
4000
3732
10648
3534
3914
3772
899
4922
7123
0
8854
2292
2872
3568
0
5100
9961
4870
2231
1720
2688
9300
3835
0
3085
7600
2700
5409
3775
5200
6762
5390
12254
7383
10546
7059
2916
390
4650
5980
5345
470
3490
0
5326
8176
3400
8634
1512
6347
3625
6300
4180
5010
5387
3728
11395
8000
5290
5677
6000
6000
3120
6499
4078
0
0
3501
3400
16800
0
5301
1911
8000
1400
3000
432
5592
2950
2199
7260
3514
0
5643
2302
31
6624
2602
2763
2614
330
5500
2425
4794
7380
5550
1000
12100
2288
2538
12830
3560
6810
4708
4102
0
2113
7330
6978
6820
4155
6258
15950
2160
5530
300
6250
720
4264
12484
12346
14180
10185
2797
3246
3345
75
20403
3964
400
9120
6355
2604
7650
1097
1715
11170
6697
3408
0
1440
2000
5700
4400
7585
24400
5600
1000
16866
0
8766
530
10800
3674
3683
2410
12282
4818
4140
560
3222
6647
15650
10130
1004
1100
5693
7880
11350
3200
7720
6810
5300
3244
6085
4848
10310
2000
5050
3740
1500
628
1676
8350
8980
11400
4250
9701
14650
10600
9590
8740
181
3342
4083
4160
4630
3224
0
33800
3564
3212
4719
10600
6800
6400
160
6500
8728
7100
6695
5037
4225
17262
1980
3020
1700
700
480
1825
19541
2940
2490
3458
4733
5497
3505
5690
2075
13591
500
930
2211
12335
5877
4620
8000
20670
4756
6725
1190
4975
3492
3878
3490
18880
4665
4202
3635
7700
0
3279
7900
5000
8200
5720
5540
4200
8850
8800
10600
570
12725
10380
3040
6925
8050
9700
4805
530
3840
13300
5280
5452
30700
1522
4675
657
4725
460
3423
1216
7868
2542
13320
3779
5825
9585
0
5877
3328
2928
1600
7012
3976
2075
11250
0
5600
7650
0
11920
6715
5570
5167
6336
5295
4092
2544
4700
3750
4400
7300
11400
0
7320
5090
4314
4190
3149
1706
19720
2348
1400
5205
0
2500
13800
14350
3175
2608
100
3860
10000
2764
5940
1530
2000
2988
8955
3989
10779
2445
5370
8950
5825
3454
2470
3878
5526
6530
5600
8172
3933
200
3310
3520
5600
14610
1625
1500
23890
4000
6440
13840
3792
3300
2244
2761
4726
2620
3892
2625
3330
4240
5430
1600
1280
380
29131
6460
2923
4948
180
3200
6336
6270
29550
3860
2796
15100
6675
3790
8000
3813
7768
4576
15600
1040
5309
300
10680
3385
10000
25900
6208
4211
5400
17700
3137
884
3395
3000
3418
2597
3400
0
3715
1601
6182
10415
16500
3742
5000
8329
2982
3327
4000
8100
3556
4417
1648
3180
8536
9100
0
4514
3725
4656
350
1502
24340
1900
4700
6008
5395
4650
6145
2925
1800
11757
2125
150
18627
7400
0
3890
4821
4684
2440
6200
2440
6070
0
0
4740
380
4712
96
470
2910
7425
8000
2970
4557
6031
1410
3125
6402
6100
5189
448
3418
10250
2400
3652
0
3681
1150
0
5200
2450
11160
7600
3375
2326
4984
6386
8122
600
4664
6305
3000
6631
7000
9973
6240
1560
11149
2000
16091
1540
6028
2196
3547
5436
2493
5700
7150
3390
7850
1101
13844
4229
6430
5450
4504
1693
700
2980
5960
3041
40150
3875
9220
1464
2400
6210
2258
5410
4305
4176
3506
5300
7175
6700
3530
3375
4600
1239
3150
0
4660
500
6200
13690
6080
4708
8300
2626
2650
1522
350
1500
2656
4642
4650
1894
3906
3290
26655
6720
3180
2032
12800
4999
3982
3909
180
4002
3183
0
700
17110
6400
9750
2565
5600
2225
5996
7630
2886
5328
5900
2041
4156
3504
1962
11604
4168
6400
1740
1080
4300
15753
2672
9216
2400
4600
3280
5051
2914
30190
2606
4070
3506
4900
1300
12102
3469
2138
3161
2230
5880
253
3360
3950
9300
480
776
8300
657
2400
5555
5185
3437
4080
0
6000
8683
8500
1548
16551
1832
5031
5300
2441
2148
0
4354
1508
4612
5049
16324
3501
1562
6216
11844
3019
0
5102
4362
3080
7430
1100
800
4665
889
2133
4080
4174
7000
9060
10044
2945
10260
6524
1850
2443
0
3556
13100
6114
3918
14020
2000
2080
0
3586
1758
9560
0
2850
4567
4820
16750
2728
4830
20000
100
6225
0
4700
3375
9550
4850
5161
11390
5900
10728
8000
6320
3294
2593
2386
150
6480
4320
0
6026
10000
5844
14800
5440
5684
1710
2880
7650
7200
4334
2570
5155
51430
2101
3900
12200
9640
5600
4281
13700
7630
0
0
4307
8975
17300
7500
5150
242
3840
2258
2650
17500
9900
8000
4300
6335
0
0
2250
2340
3663
16400
2806
2070
3418
11300
3998
44035
4000
5650
5148
550
1050
16330
3765
900
1750
1960
0
6757
2442
7500
3528
3030
450
5776
1840
3790
0
12809
1340
20442
1012
3523
5751
3842
14900
10660
4071
3305
4030
40000
9560
2498
2590
5082
5420
21500
7200
4900
4395
3059
2170
9140
8800
6980
3082
2920
5643
2240
0
5000
3821
18529
836
7166
4845
3810
6189
3324
560
9636
3585
5125
6082
2675
3200
2510
459
8758
3874
4102
12100
6116
1100
2715
5730
2200
5170
20680
5062
4800
3512
3800
4300
343
3366
7310
3198
0
1372
11008
8011
10014
4260
5900
5478
4800
5047
100
2165
3185
4421
4743
73600
11200
1130
12461
3807
3761
15440
4270
1000
555
21250
3980
600
5504
2850
7296
690
2982
3996
3284
4700
3306
3820
6555
6180
3260
3399
1653
7600
1924
5409
0
1958
4455
7100
3676
7400
2419
3890
4000
14100
2890
3941
5745
6300
2470
2227
2686
5138
3600
3942
9600
3430
7500
3060
2017
0
3387
3325
15600
4310
2248
1388
4074
2436
7229
4416
3899
3692
2240
3592
10938
0
200
1650
4067
2956
4604
1741
6751
6040
4270
4896
12368
5566
10300
2400
2780
25750
6557
2680
9155
0
5980
4500
4099
1400
1500
3306
180
16780
2265
4025
5040
3820
1377
1435
7209
5000
8450
6430
3450
8400
8275
5760
0
28015
6008
4598
5200
3991
5950
13390
3924
2752
9160
795
8500
4350
4200
4845
9255
9200
11882
7030
798
3760
3170
15090
3000
4425
860
4674
782
3444
6711
9400
6225
4541
3450
6651
4150
8910
5650
3120
2670
7030
1462
4512
0
3220
10795
22050
9900
582
9600
10300
0
4920
3635
12800
3241
4944
7320
555
16500
4405
6700
884
1914
37100
1375
7770
5471
10742
7500
3957
10600
5000
2705
2156
4242
11814
5106
4538
8860
3382
11005
3985
1650
3610
3030
11764
3955
5770
3074
512
1020
3310
3062
3380
21800
7500
6693
15600
7000
3876
4950
3450
15500
1728
1260
19480
4520
9300
30750
745
274
6341
2941
18800
3519
3285
4420
10854
4332
8600
1390
4032
3720
9010
4280
0
3950
5376
8860
3480
3240
0
0
6307
6120
4013
10565
2845
5345
6040
4066
3860
900
15876
3150
460
8500
2673
0
2672
3027
6730
6619
3180
2243
3022
1799
4661
11800
5900
2698
6800
3427
2564
0
18440
2560
5000
7860
0
6920
1250
3500
8459
3907
6303
4632
9600
5061
16819
500
6545
3923
5760
4290
3619
4037
0
4014
5564
18500
2760
6700
7500
6200
19000
5094
3734
11750
4244
10650
3510
8090
3574
665
6980
14651
2436
6760
2671
3906
12600
7200
4600
2575
7016
600
2612
10938
1064
2300
3500
3680
3317
12050
10534
9978
5984
900
6447
5200
7250
4740
2370
3828
805
240
4200
0
4374
773
5306
600
4920
5150
3060
3665
7520
2550
2042
6798
1018
15000
2000
0
1800
7600
3876
5564
4500
4796
6740
4550
5980
0
3207
2488
2850
1921
4699
6326
3412
8830
4070
4007
14600
6224
13521
6203
2384
4528
1000
12502
2367
0
5340
5050
0
14100
3925
7805
5653
6864
4564
4625
10596
2908
6490
3510
6025
8001
4140
3000
2940
4310
4500
8100
230
2050
6030
4189
0
5000
4324
11715
3881
6267
2412
4369
13440
2570
4332
9000
1853
3186
5400
720
970
1900
2784
19424
8390
6070
6330
5660
1913
0
5326
11959
1878
6900
4072
11696
5100
4500
2925
11706
3360
3140
6570
21100
1800
2320
9640
4660
4590
3701
18790
5500
8900
8848
0
3967
300
2499
1672
4940
8178
3080
27000
40000
1960
3371
6919
7900
1063
26800
13774
12100
8775
2149
4893
510
6290
4152
720
2070
5278
4323
8310
8157
4500
3588
6281
22558
1148
50000
8230
3843
17500
700
1650
4445
9850
