1.801710
1.791759
2.745988
1.880991
2.808197
2.144761
3.404525
2.516890
2.88759
3.108614
1.774952
2.657458
1.925707
2.824944
2.314514
2.501436
1.994700
1.994700
2.1471
2.929592
2.240710
3.570096
1.845300
3.017004
2.601949
2.992728
2.547881
2.101692
2.93226
1.728109
2.004179
2.916689
2.215937
2.251292
2.136531
1.934416
2.95491
2.785011
2.962692
2.179287
2.064328
2.995232
2.257588
2.456164
1.876407
2.190536
3.287655
3.277145
2.874129
2.687167
2.467252
3.140265
2.327278
1.834180
3.148453
2.240710
3.214064
2.569554
2.453588
2.288486
2.769459
2.712706
2.354228
2.017566
2.837323
2.874129
3.058707
1.796747
2.038620
2.987196
1.972691
2.472328
1.919859
1.885553
1.824549
3.037833
3.118834
3.361417
2.461297
2.788093
2.318458
3.058707
1.757858
2.402430
2.219203
2.043814
2.200552
2.599722
2.236445
2.970927
2.675527
3.217675
1.986504
3.001714
2.439735
2.728506
2.983153
2.364620
2.53449
2.134166
2.676215
2.976040
2.591516
2.193886
2.796061
3.135929
2.404239
3.163786
3.279783
2.636912
1.845300
2.977059
3.225255
2.442347
2.208274
2.846071
2.141242
3.165475
2.454447
2.307573
2.417698
3.00072
2.182675
2.373975
2.977568
2.964757
2.317474
2.219203
2.480731
2.013569
3.081451
3.110399
3.066657
2.465554
3.282789
1.96851
2.632608
1.818077
2.958030
2.423917
2.197225
2.884242
2.141242
3.059646
2.894806
2.056685
2.610805
2.380472
2.857045
2.182675
2.199444
3.229222
1.944481
1.791759
2.257588
2.708717
1.880991
1.940179
2.953347
2.193886
2.179287
2.558776
1.865629
2.152924
2.349469
2.171337
1.972691
2.307573
2.870169
2.281361
2.257588
2.141242
2.254445
2.291524
1.911023
2.989714
1.976855
1.808289
2.088153
2.892592
1.780024
1.801710
3.206398
2.746630
2.886475
2.898119
2.862772
2.634045
2.498152
2.706716
2.132982
2.847232
2.293544
2.529721
2.404239
3.135929
3.102342
1.860975
1.954445
3.165475
2.894806
2.156403
