0.7659578
-0.7113709
-1.378809
0.5937692
-1.378809
0.2984234
0.8388598
1.360897
0.5937692
-0.2064738
1.122551
2.077460
1.410022
0.03861684
0.8727456
-0.3690143
-0.5202615
0.3678485
-0.2064738
0.03861684
-1.378809
1.073972
0.5937692
1.456042
-0.5785656
-0.1370486
-0.1370486
1.650574
0.03861684
-1.378809
0.4895328
-0.2064738
-0.8739115
-0.3690143
-1.378809
0.2216774
-0.5785656
-1.378809
-0.2064738
-0.7113709
0.2216774
0.3678485
2.149758
-0.8739115
-0.3690143
1.540183
-1.378809
-0.8739115
1.857274
-0.2064738
0.5937692
-1.378809
1.360897
0.4895328
-0.5785656
0.5937692
-1.378809
0.03861684
-0.2064738
0.2216774
-1.378809
0.965861
0.5937692
0.3339627
0.1358828
-1.378809
-1.378809
0.5937692
-1.378809
1.726181
1.360897
2.149758
-0.2064738
0.3678485
1.857274
-0.7113709
0.4895328
0.4895328
0.3678485
-1.378809
1.073972
0.2216774
-1.378809
0.03861684
0.5937692
-1.378809
1.231472
-1.378809
0.03861684
1.360897
0.03861684
-0.3690143
0.6407799
0.2216774
-1.378809
0.3678485
0.2984234
-0.2064738
1.360897
-1.378809
0.4312287
0.0641778
0.1358828
1.231472
0.6407799
-0.8739115
0.1800425
-1.378809
-0.1370486
0.6849396
0.965861
-0.3690143
1.857274
-1.378809
0.03861684
-1.378809
0.8727456
0.2216774
-1.378809
0.2984234
-1.378809
-0.0439332
-0.3690143
0.5937692
0.3339627
-1.378809
-0.8739115
-0.3690143
1.566201
-0.07366845
-0.2064738
1.456042
0.8141655
0.3678485
0.3678485
-0.5785656
2.149758
-1.378809
1.360897
-1.378809
-1.378809
-1.378809
0.03861684
-0.3690143
-0.8739115
1.231472
-1.378809
1.073972
0.8727456
1.360897
0.4895328
-0.7113709
1.726181
0.4895328
0.3678485
2.096218
0.5937692
-1.378809
0.5061513
0.1800425
-1.378809
-0.8739115
0.2984234
0.03861684
0.965861
1.073972
0.5937692
-0.2064738
-0.5785656
1.073972
-0.5785656
0.2216774
0.5690749
-0.2832197
1.566201
-0.3690143
-1.378809
1.073972
1.251429
-1.378809
1.122551
-0.5785656
-0.8739115
-0.5785656
0.4002277
0.2984234
0.0641778
-1.378809
0.03861684
0.4002277
2.038428
0.03861684
1.073972
0.5937692
0.03861684
0.03861684
-0.2064738
1.540183
1.857274
0.03861684
1.597468
-1.378809
0.2216774
0.3511026
0.4895328
1.073972
-1.378809
0.2799815
-1.378809
1.650574
-0.2064738
1.231472
0.965861
-0.5785656
-0.7113709
-1.378809
-1.378809
0.7659578
1.456042
0.5937692
-1.378809
-0.2064738
1.615604
0.03861684
-0.5785656
1.831101
-0.1370486
1.726181
-1.378809
1.073972
1.335033
1.231472
0.5937692
-1.378809
1.251429
0.1800425
0.2216774
0.2984234
1.470758
-1.378809
1.073972
-0.2064738
-0.1370486
-0.5785656
-0.8739115
-1.378809
1.073972
-1.378809
0.8727456
-1.378809
-1.378809
0.2984234
-1.378809
-1.378809
0.965861
1.360897
-1.378809
1.251429
0.7465323
-1.378809
-0.5785656
0.965861
-0.07366845
0.5690749
-0.5785656
-0.3690143
-1.378809
1.008305
-0.5785656
-0.5785656
-1.378809
1.470758
0.4895328
-0.2064738
0.6407799
-1.378809
0.6849396
0.965861
-0.3690143
-0.5785656
-1.378809
-1.378809
0.5937692
0.1358828
0.5061513
1.073972
0.6763193
-0.8739115
-1.378809
-0.5785656
-1.378809
-1.378809
-1.378809
0.2216774
0.2216774
-1.378809
-1.378809
0.5937692
-1.378809
-1.378809
0.2984234
-0.8739115
-0.5785656
1.470758
0.03861684
-1.378809
0.5937692
0.8727456
-0.8739115
1.299055
1.029969
1.231472
-0.1370486
0.6849396
0.5937692
-1.378809
0.2216774
-0.8739115
-0.5785656
2.149758
-0.7113709
1.566201
0.965861
-0.5785656
-0.3690143
0.4895328
0.965861
-0.2064738
-0.8739115
0.8388598
0.5937692
0.5937692
-1.378809
0.03861684
0.1358828
-0.07366845
1.073972
-1.378809
-1.378809
0.03861684
1.360897
0.965861
-0.2064738
0.2216774
1.231472
-1.378809
-0.4662803
0.1358828
0.03861684
1.073972
0.8727456
0.6407799
-0.3690143
1.360897
-1.378809
0.5937692
-1.378809
0.3678485
0.03861684
0.6407799
-0.8739115
1.048411
-0.2064738
1.470758
2.357874
-1.378809
-1.378809
-0.8739115
-0.5785656
-1.378809
0.4895328
0.1358828
-0.5785656
0.1800425
-0.3690143
0.3678485
-0.2064738
-1.378809
-0.8739115
-0.3690143
0.2216774
-0.5785656
0.03861684
-1.378809
0.8388598
0.8388598
0.4895328
-0.8739115
-1.378809
-0.3690143
1.122551
0.5690749
-1.378809
0.1800425
0.7659578
-1.378809
-0.2064738
1.073972
-1.378809
-1.378809
1.122551
-0.8739115
-1.378809
0.9207902
0.4002277
-0.2064738
0.03861684
0.03861684
1.360897
-0.3690143
0.4895328
0.2216774
-0.5785656
-1.378809
-0.2064738
-0.8739115
-1.378809
0.4895328
-1.378809
0.2984234
-1.378809
0.8727456
0.6763193
1.857274
-1.378809
-0.2064738
1.360897
-0.07366845
0.03861684
1.410022
0.3678485
-0.5785656
0.1800425
-0.5785656
0.3511026
0.6849396
-0.07366845
0.5937692
1.650574
1.566201
1.267011
1.857274
1.231472
-0.2832197
1.650574
1.650574
0.03861684
0.965861
1.650574
1.857274
0.03861684
-0.2832197
1.470758
1.073972
0.2984234
1.650574
1.129566
0.3678485
0.543514
0.4895328
-0.3690143
-1.378809
1.122551
0.2984234
-1.378809
-0.7113709
1.122551
-1.378809
0.7959997
-0.8739115
-1.378809
-0.4662803
-0.5785656
1.048411
-1.378809
1.456042
0.5937692
-0.2064738
-0.8739115
2.149758
-1.378809
-1.378809
-0.2064738
0.5937692
-1.378809
0.1800425
0.3678485
-1.378809
0.8388598
-1.378809
-1.378809
1.231472
0.5937692
-0.5785656
2.149758
0.2216774
0.5937692
0.0641778
-1.378809
-0.2064738
-0.2064738
-1.378809
-0.07366845
0.5937692
0.6849396
0.2216774
-1.378809
-1.378809
0.8491921
0.8388598
-1.378809
-0.5785656
-0.0439332
-1.378809
0.03861684
0.1358828
0.3678485
1.073972
0.5937692
-1.378809
1.048411
0.4895328
-1.378809
-0.8739115
1.073972
0.8388598
-1.378809
-1.378809
1.073972
-0.2064738
0.03861684
0.4895328
-0.8739115
-0.5785656
0.4002277
0.2984234
-0.8739115
-1.378809
-0.7113709
0.4895328
0.8388598
-0.8739115
1.360897
-0.8739115
-0.8739115
0.6849396
-1.378809
-0.8739115
0.03861684
0.5937692
-1.378809
0.99443
-0.3690143
0.8388598
-1.378809
-0.1370486
-0.2064738
1.073972
0.03861684
-0.3690143
-1.378809
1.086424
-1.378809
0.03861684
-1.378809
-0.3690143
0.3678485
-0.2064738
2.149758
-1.378809
-0.5785656
1.456042
-1.378809
-1.378809
0.5937692
-1.378809
0.5937692
-0.3690143
0.03861684
-1.378809
0.3678485
1.566201
-0.2064738
0.7659578
0.5937692
-1.378809
-0.1370486
-0.8739115
1.726181
0.5937692
-1.378809
0.3511026
0.5937692
1.073972
1.048411
-1.378809
-1.378809
-0.5785656
0.8388598
-0.8739115
-0.8739115
-1.378809
-0.3690143
-1.378809
-1.378809
-0.1370486
1.231472
0.4895328
-0.2064738
1.122551
0.965861
-0.3690143
-0.2064738
0.5937692
-0.5785656
0.7659578
0.8727456
0.6407799
-0.5785656
1.726181
1.073972
-0.8739115
-0.3690143
-0.5785656
-1.378809
0.5937692
0.4895328
0.1800425
-1.378809
-1.378809
-1.378809
0.1358828
-0.8739115
0.3678485
0.1358828
-1.378809
1.122551
-0.5785656
-0.8739115
-1.378809
0.2216774
-0.8739115
-1.378809
0.8727456
-1.378809
0.4895328
-1.378809
0.8727456
0.99443
0.4895328
0.2216774
-1.378809
-1.378809
-1.378809
-0.5785656
0.4895328
-0.2438364
1.073972
0.5937692
1.073972
1.231472
0.4895328
-1.378809
1.048411
-0.5785656
1.470758
-0.8739115
0.4895328
0.5937692
1.360897
-0.5785656
0.7659578
-0.8739115
1.360897
1.360897
1.769012
0.8388598
-0.3690143
1.566201
0.4895328
0.99443
1.360897
-0.5785656
-0.8739115
1.231472
0.2984234
-0.2064738
1.073972
-0.5785656
1.470758
1.156970
-1.378809
-0.8739115
0.2984234
-1.378809
0.2984234
-1.378809
1.073972
-0.8739115
-0.8739115
1.326204
0.1358828
1.086424
-1.378809
1.360897
0.7659578
-0.1370486
-1.378809
-0.5202615
-0.0439332
0.2216774
-1.378809
-1.378809
1.360897
0.5690749
1.360897
-1.378809
-1.378809
0.6407799
0.4895328
-0.3690143
0.03861684
0.03861684
-0.1370486
0.965861
-0.5785656
-1.378809
0.9207902
-0.3690143
-0.5785656
-0.2438364
-0.4662803
-1.378809
-0.4662803
-0.2064738
-1.378809
-1.378809
-0.5785656
0.7659578
-0.8739115
0.2216774
1.251429
0.2984234
-1.378809
-0.8739115
0.4895328
-1.378809
-1.378809
-1.378809
-0.3690143
-0.07366845
1.231472
-1.378809
0.7659578
1.073972
-0.2064738
0.7659578
-1.378809
0.2216774
0.2216774
0.2216774
-1.378809
1.048411
1.073972
-1.378809
-0.5785656
-1.378809
-0.3690143
1.857274
0.5937692
0.03861684
1.231472
-0.07366845
0.2216774
0.3678485
-0.5785656
1.073972
-1.378809
-0.8739115
-0.3690143
0.3678485
-1.378809
-0.2064738
1.231472
1.073972
-1.378809
-0.8739115
-1.378809
-0.8739115
-1.378809
-1.378809
-0.8739115
0.2984234
0.7659578
0.2984234
1.360897
1.168091
-0.8739115
-0.01536434
0.6976819
-1.378809
0.7465323
-1.378809
1.470758
0.2216774
1.360897
-1.378809
-0.2064738
0.4895328
-0.5785656
-0.8739115
-1.378809
1.189837
0.2984234
0.8388598
-0.3690143
-1.378809
1.540183
1.086424
1.231472
1.566201
0.8388598
-0.8739115
0.5061513
-0.07366845
-1.378809
-0.5785656
0.03861684
1.308218
-1.378809
0.965861
-0.7113709
0.4895328
0.4895328
0.8388598
0.7659578
1.231472
1.566201
0.1358828
1.061304
1.566201
-0.8739115
-0.2064738
-0.3690143
-1.378809
-0.07366845
-0.5785656
1.650574
-0.5785656
-0.5785656
0.7659578
-0.8739115
-0.3690143
-1.378809
-0.2064738
-0.2064738
-0.5785656
0.03861684
1.410022
0.03861684
0.03861684
-1.378809
-1.378809
0.8727456
0.6763193
1.726181
-0.2064738
-0.3690143
-0.2064738
1.470758
0.7465323
0.7659578
0.1358828
1.122551
0.7659578
-1.378809
0.1358828
-0.8739115
-0.2064738
0.8388598
0.5690749
-1.378809
1.251429
-0.2064738
-1.378809
-1.378809
-0.5785656
-0.3690143
0.5937692
0.6407799
-0.2064738
-1.378809
1.650574
0.5690749
0.8727456
-0.5785656
1.122551
-0.8739115
0.1358828
0.7659578
0.2216774
-0.8739115
0.7465323
-0.5785656
1.794673
0.8388598
0.1358828
-0.8739115
-1.378809
-1.378809
0.03861684
-1.378809
0.3678485
1.048411
-0.3690143
-1.378809
0.03861684
-0.3690143
1.540183
0.03861684
-0.3690143
-1.378809
-1.378809
-1.378809
-1.378809
1.073972
-1.378809
1.251429
-0.8739115
-0.07366845
0.03861684
-0.5785656
0.03861684
-0.07366845
0.6407799
0.8727456
1.326204
0.7659578
-0.8739115
0.8141655
-1.378809
-0.2064738
0.5937692
0.4895328
0.2984234
-0.07366845
0.8727456
-1.378809
0.4312287
-1.378809
0.5937692
-1.378809
0.8727456
-0.3690143
0.4895328
1.566201
-0.8739115
-1.378809
-0.8739115
1.168091
0.5937692
0.3678485
0.6407799
-1.378809
0.2984234
0.5937692
-1.378809
0.965861
-0.3690143
0.5937692
0.965861
-1.378809
-0.8739115
-1.378809
0.2984234
0.2216774
-1.378809
-1.378809
2.149758
0.5937692
1.073972
-1.378809
-1.378809
0.2216774
-0.3690143
1.650574
-1.378809
0.03861684
-1.378809
-0.5785656
0.5690749
-1.378809
0.8388598
1.857274
-1.378809
-1.378809
0.5170233
0.1358828
-1.378809
1.251429
0.5170233
0.4312287
-1.378809
-1.378809
0.6407799
0.8388598
-0.8739115
-0.2832197
0.5937692
0.6407799
-1.378809
-1.378809
-0.3690143
0.4492151
0.2984234
-1.378809
-0.4662803
0.4895328
-1.378809
1.048411
0.965861
-1.378809
-0.07366845
0.8491921
0.6849396
0.3678485
0.8388598
0.99443
1.231472
-1.378809
-0.8739115
0.2984234
-0.8739115
0.1358828
1.326204
0.03861684
-0.5785656
-1.378809
0.1358828
-1.378809
0.9207902
-0.3690143
0.03861684
-0.2064738
0.8388598
-0.3690143
-1.378809
0.5937692
1.073972
0.5937692
-1.378809
1.360897
0.4895328
-1.378809
-1.378809
0.8727456
0.5937692
1.073972
-1.378809
2.357874
-0.8739115
1.456042
1.540183
0.3678485
1.540183
-0.5202615
0.3678485
-0.8739115
-1.378809
0.03861684
-1.378809
-1.378809
0.8727456
1.326204
-0.2064738
-0.2832197
0.4895328
0.2984234
-0.2832197
-0.1370486
-1.378809
1.857274
0.4895328
-1.378809
-0.8739115
-0.8739115
1.857274
0.4895328
-1.378809
0.4492151
0.8727456
-0.07366845
-0.3690143
-0.2438364
-1.378809
0.5937692
-0.2064738
1.073972
-1.378809
-1.378809
2.149758
1.857274
-1.378809
-1.378809
1.061304
0.03861684
-0.3690143
-0.2064738
-1.378809
0.2216774
-0.5202615
0.0641778
1.410022
-0.3690143
-0.2064738
-1.378809
1.073972
-0.8739115
0.7659578
0.5937692
1.746416
-1.378809
-1.378809
0.6407799
-1.378809
1.746416
-0.8739115
1.073972
-1.378809
0.5937692
-1.378809
1.470758
1.360897
-1.378809
-0.2064738
0.8388598
1.794673
-1.378809
1.470758
0.2984234
-0.2064738
0.4895328
-0.3690143
0.4895328
-0.8739115
-0.8739115
0.5690749
1.470758
-1.378809
0.2216774
0.2216774
-1.378809
0.4895328
-0.5785656
0.2216774
1.073972
-0.1370486
0.5937692
-0.3690143
-0.7113709
-0.07366845
0.5937692
0.7659578
-0.8739115
1.073972
0.6849396
0.03861684
-0.5785656
0.4895328
0.5937692
-1.378809
1.566201
1.073972
-0.8739115
0.3678485
-0.8739115
-1.378809
0.2216774
1.857274
-0.8739115
0.03861684
1.470758
-0.2064738
-1.378809
-0.5785656
-1.378809
0.5937692
-1.378809
-0.1370486
-0.8739115
-0.3690143
-0.2064738
-0.8739115
0.965861
0.2216774
0.3678485
1.726181
-1.378809
-1.378809
1.122551
1.251429
-1.378809
-0.2064738
-1.378809
-1.378809
1.326204
1.073972
0.03861684
0.965861
-0.3690143
1.831101
1.445561
1.470758
-0.8739115
-0.4662803
-1.378809
0.4895328
0.2216774
-0.8739115
0.03861684
0.8727456
-0.2064738
-0.3690143
1.073972
-0.8739115
-0.3690143
-0.4662803
-0.8739115
2.246307
-0.2064738
1.073972
-1.378809
-1.378809
0.03861684
1.360897
0.8727456
-0.8739115
-1.378809
-1.378809
-0.2064738
-0.5785656
-0.0439332
1.470758
0.5937692
0.8388598
0.03861684
-0.8739115
-1.378809
0.965861
-0.8739115
0.5690749
-0.2064738
0.9051248
0.6407799
1.073972
-1.378809
-1.378809
0.2216774
1.326204
1.048411
1.231472
-0.2832197
1.857274
-1.378809
0.965861
-0.8739115
-0.2064738
0.6849396
-1.378809
1.566201
0.6849396
1.073972
-1.378809
-1.378809
0.2216774
1.122551
0.3678485
-1.378809
-0.2064738
-1.378809
0.3678485
-0.5785656
0.2216774
2.357874
0.6849396
-0.7113709
0.543514
1.615604
-1.378809
-0.8739115
0.4895328
0.6976819
0.965861
-0.2064738
-1.378809
0.5937692
1.073972
0.8388598
0.7465323
-0.5785656
1.073972
0.4895328
0.03861684
1.073972
-0.5785656
-0.8739115
-1.378809
0.0641778
1.231472
1.857274
1.073972
1.073972
-1.378809
1.650574
1.073972
0.1358828
1.061304
-0.2064738
0.0641778
1.803952
0.8388598
1.073972
-1.378809
1.326204
1.566201
0.2216774
1.048411
-0.2832197
-0.3690143
0.7465323
0.0641778
1.326204
-1.378809
2.331543
-1.378809
0.4312287
0.03861684
-0.8739115
-0.8739115
0.03861684
0.5937692
0.9207902
0.2984234
-0.8739115
2.038428
-1.378809
0.8727456
-0.3690143
1.746416
-1.378809
-1.378809
-0.8739115
0.8727456
-0.8739115
1.741410
0.2216774
-0.07366845
-1.378809
0.2984234
-1.378809
1.073972
-0.2064738
1.456042
1.566201
-1.378809
0.03861684
1.540183
-0.8739115
-0.2064738
-0.5785656
-0.3690143
-1.378809
1.470758
0.4002277
1.251429
0.7659578
1.073972
1.566201
-0.5785656
0.1358828
0.3678485
0.1358828
-1.378809
1.048411
2.357874
1.857274
-1.378809
-1.378809
-1.378809
0.965861
-1.378809
-0.5785656
-1.378809
-1.378809
-0.5785656
-1.378809
-1.378809
1.857274
-1.378809
1.360897
1.857274
-0.2064738
0.988805
-1.378809
-0.8739115
1.122551
-0.1370486
0.8727456
0.4002277
0.5937692
-1.378809
-0.2064738
0.5937692
-1.378809
-1.378809
0.3678485
-1.378809
0.2216774
-1.378809
-0.5202615
-0.5785656
0.2216774
-1.378809
1.073972
0.2984234
0.3678485
1.410022
1.650574
-0.8739115
-1.378809
0.5937692
-1.378809
-1.378809
-0.5785656
-1.378809
0.5690749
-0.8739115
-0.07366845
-1.378809
-1.378809
-1.378809
0.7659578
-1.378809
-0.2064738
-0.3690143
0.2216774
0.965861
-1.378809
-0.5202615
-0.5785656
1.122551
-1.378809
-1.378809
1.553308
-0.07366845
0.4895328
0.6849396
1.231472
-1.378809
0.5937692
-1.378809
-0.5785656
-0.07366845
1.231472
1.499327
1.870017
0.03861684
0.8388598
-0.8739115
-0.8739115
0.2984234
-0.2064738
0.3678485
-0.5785656
-0.3690143
0.2216774
-0.8739115
-1.378809
-0.07366845
-1.378809
1.857274
0.03861684
1.073972
-1.378809
1.326204
0.5937692
0.5937692
0.4895328
-0.8739115
0.7060545
0.99443
-0.5785656
-1.378809
0.4895328
1.566201
-0.8739115
1.048411
0.4895328
0.3678485
1.122551
-1.378809
1.857274
0.7465323
2.149758
-0.3690143
-0.5785656
-1.378809
-0.5785656
0.5170233
0.5937692
0.7659578
0.7659578
0.2216774
0.03861684
1.231472
-1.378809
-0.2064738
0.6407799
-1.378809
-1.378809
1.360897
-1.378809
0.6407799
-1.378809
-0.5785656
0.5937692
-1.378809
0.1800425
-0.2064738
-1.378809
1.048411
0.03861684
1.794673
-0.2064738
0.1358828
0.8727456
-1.378809
-0.5785656
-0.3690143
0.7659578
-1.378809
1.456042
0.03861684
0.965861
1.231472
1.520042
-1.378809
-0.2064738
0.6407799
2.149758
-0.8739115
0.8388598
-1.378809
-1.378809
0.2799815
1.410022
1.326204
1.326204
0.03861684
-0.2064738
1.231472
-0.07366845
1.073972
-1.378809
0.5937692
0.03861684
-0.07366845
-0.8739115
-1.378809
-0.8739115
0.8033205
-1.378809
0.2216774
-0.8739115
-0.5785656
-0.2064738
0.7386147
0.1358828
2.149758
-0.3690143
0.6849396
0.5937692
1.168091
1.073972
1.251429
0.2216774
-1.378809
-0.5785656
-1.378809
-1.378809
-0.5785656
-1.378809
0.5690749
-0.5785656
-1.378809
-0.07366845
-1.378809
-1.378809
-1.378809
-1.378809
-0.3690143
1.221284
-1.378809
-0.8739115
-0.8739115
-0.5785656
0.5937692
1.168091
-0.07366845
0.3678485
0.5937692
-1.378809
1.794673
0.4895328
0.5937692
1.360897
-0.8739115
-0.5785656
-0.5785656
0.965861
-1.378809
-0.8739115
1.456042
0.4895328
1.485183
1.566201
-1.378809
-0.8739115
0.2216774
-0.3690143
1.470758
-1.378809
-0.8739115
0.2984234
1.410022
2.038428
0.8388598
1.326204
-0.5785656
-1.378809
-1.378809
-0.0439332
0.2216774
1.073972
1.073972
-1.378809
0.8033205
1.189837
0.9207902
1.857274
-0.8739115
-0.8739115
0.2216774
-1.378809
0.6849396
0.99443
-0.2064738
1.360897
-1.378809
1.857274
-1.378809
1.206777
-0.8739115
0.5937692
-1.378809
0.5937692
1.206777
-0.5785656
-1.378809
-1.378809
-0.5785656
-1.378809
0.2799815
1.650574
0.1358828
0.03861684
0.5937692
0.5937692
-0.3690143
-1.378809
-1.378809
-1.378809
-1.378809
0.3678485
-0.5202615
0.8388598
-1.378809
0.4002277
1.360897
-0.8739115
1.117836
0.5170233
-0.8739115
-0.3690143
-1.378809
-0.5785656
0.6407799
-0.3690143
-1.378809
-1.378809
-0.8739115
0.4895328
-1.378809
0.03861684
1.360897
1.470758
0.3678485
0.4895328
-0.8739115
0.4492151
1.122551
0.7659578
-1.378809
2.149758
-0.5785656
-1.378809
-0.8739115
1.360897
2.149758
0.08887212
-0.8739115
-1.378809
-0.2832197
-0.2832197
-0.07366845
-0.5202615
0.7659578
-0.3690143
1.360897
-0.07366845
-0.7113709
-1.378809
-1.378809
-0.7113709
0.965861
1.769012
-0.5785656
0.1800425
-1.378809
-1.378809
-1.378809
-0.8739115
0.2216774
-0.2064738
-0.4662803
0.03861684
-0.5785656
1.456042
-0.5202615
-1.378809
1.615604
0.3678485
1.857274
-1.378809
0.2216774
-1.378809
-0.8739115
-1.378809
1.726181
1.857274
-0.2064738
-1.378809
0.4895328
-1.378809
-1.378809
1.513202
-1.378809
-0.2064738
-1.378809
-0.2064738
-0.2064738
0.5937692
0.2216774
-1.378809
0.6407799
-0.07366845
0.2984234
-1.378809
0.2216774
1.615604
0.03861684
-1.378809
0.3678485
0.8727456
-0.3690143
-0.8739115
0.1358828
-0.8739115
0.7659578
-1.378809
0.03861684
-1.378809
-1.378809
-1.378809
-0.5785656
-0.8739115
-0.3690143
0.5690749
1.746416
1.456042
-1.378809
0.03861684
0.2216774
-0.5202615
-0.4662803
-0.7113709
0.6849396
0.2216774
0.7659578
2.357874
0.965861
-1.378809
0.2799815
-0.8739115
0.8388598
-0.2064738
-1.378809
-1.378809
-0.8739115
-0.3690143
0.5937692
0.6407799
1.746416
1.510448
-1.378809
-0.5785656
-0.8739115
0.8388598
0.8213069
0.6407799
0.3678485
-1.378809
-0.2064738
0.4895328
-0.8739115
-0.5785656
0.4895328
0.03861684
0.7659578
-1.378809
0.3678485
1.615604
-0.8739115
0.3678485
0.99443
-0.8739115
0.3678485
-0.2064738
-1.378809
-1.378809
-1.378809
-0.2064738
-1.378809
0.4895328
-1.378809
-0.2064738
-0.8739115
0.5937692
0.6976819
0.3678485
0.4895328
0.6849396
0.7659578
-0.3690143
-0.3690143
-0.7113709
0.03861684
1.231472
-0.5785656
-0.8739115
-1.378809
0.4895328
0.5937692
-0.7113709
0.2216774
-1.378809
-1.378809
1.048411
0.03861684
-0.5785656
-1.378809
-0.3690143
0.03861684
-0.3690143
-0.1370486
-1.378809
-0.5785656
-0.3690143
0.6849396
1.360897
0.8388598
-0.5785656
0.6407799
0.2216774
-0.8739115
0.965861
0.4312287
-0.8739115
0.5937692
0.5937692
0.1358828
-0.5785656
-1.378809
-0.2064738
-1.378809
-0.2064738
0.7465323
-1.378809
-1.378809
0.99443
-1.378809
-1.378809
-0.5785656
1.456042
0.2984234
0.8727456
1.566201
-0.5785656
-0.3690143
-0.07366845
-1.378809
-0.2064738
-0.4662803
0.5937692
-1.378809
-1.378809
0.3678485
1.073972
1.953468
-0.3690143
-0.5785656
0.965861
-1.378809
-0.3690143
1.073972
0.03861684
0.5937692
0.3511026
-0.2064738
-0.3690143
-0.5785656
0.8388598
-1.378809
-1.378809
0.9207902
0.2216774
0.03861684
1.445561
-1.378809
-1.378809
0.8727456
1.566201
-1.378809
1.231472
0.5937692
-0.8739115
0.5690749
-0.0439332
0.03861684
0.4895328
0.5937692
0.03861684
0.8727456
0.543514
-1.378809
0.03861684
0.7659578
-1.378809
-1.378809
-0.2438364
-0.2064738
0.8388598
1.326204
1.650574
-0.5785656
0.4895328
0.03861684
-1.378809
-0.3690143
1.073972
-0.3690143
0.4895328
0.6849396
0.0641778
-1.378809
-0.2064738
-1.378809
0.5937692
0.6849396
-0.5785656
-1.378809
0.4312287
0.1358828
0.7060545
-0.2064738
-1.378809
-1.378809
2.038428
1.073972
-1.378809
1.122551
0.5937692
0.5937692
0.6849396
1.410022
1.650574
0.1800425
0.03861684
-1.378809
0.5937692
-1.378809
-1.378809
-0.4662803
0.03861684
-0.8739115
0.4895328
-1.378809
1.360897
-0.3690143
-0.5785656
0.3678485
0.2984234
2.149758
-0.2832197
2.149758
-0.8739115
0.03861684
1.410022
-0.3690143
1.470758
0.965861
0.6407799
1.513202
2.149758
-1.378809
-0.3690143
0.1358828
1.326204
-0.8739115
0.2984234
1.073972
0.1800425
0.2216774
-1.378809
0.1358828
0.8388598
1.156970
-1.378809
0.4002277
1.566201
-1.378809
-0.1370486
-1.378809
-0.3690143
1.048411
-1.378809
-0.8739115
0.3678485
0.5690749
0.6407799
0.3678485
-0.5785656
1.857274
0.1358828
-0.01536434
1.410022
-0.07366845
-1.378809
0.2216774
-0.5785656
-1.378809
0.965861
0.8388598
-0.5785656
-0.3690143
-0.5785656
-0.5785656
0.2984234
-0.5785656
2.149758
-1.378809
0.4895328
-1.378809
0.3678485
1.073972
0.2984234
1.857274
0.4492151
-0.5785656
0.03861684
-1.378809
-0.01536434
0.7060545
-1.378809
0.6407799
-0.5785656
0.03861684
-0.8739115
-0.5785656
-0.5785656
-0.2064738
-1.378809
-0.5785656
-0.07366845
0.1358828
0.5937692
-1.378809
-0.2064738
-1.378809
-0.2064738
0.03861684
1.857274
-0.8739115
1.231472
0.965861
-1.378809
-0.1370486
0.9051248
-1.378809
1.021920
-0.5785656
-0.8739115
0.4002277
-0.2064738
-0.8739115
-0.5785656
0.8727456
0.3678485
0.03861684
0.6407799
-0.3690143
1.179045
-1.378809
0.8727456
1.360897
1.073972
0.3678485
-0.8739115
-0.8739115
-1.378809
1.726181
-0.3690143
1.073972
-1.378809
-0.5785656
1.746416
1.360897
-1.378809
-0.2064738
-1.378809
0.7959997
1.308218
0.4895328
-1.378809
-0.5785656
1.615604
0.8727456
-1.378809
1.073972
0.3678485
1.360897
-0.07366845
-0.8739115
-0.5785656
1.326204
-0.8739115
-0.5785656
0.03861684
0.8033205
1.726181
0.2984234
-1.378809
-1.378809
1.360897
0.7659578
-0.5785656
-0.5785656
-0.5785656
-1.378809
-0.5785656
-1.378809
-1.378809
-1.378809
1.650574
-1.378809
0.2216774
1.231472
-0.2064738
-0.5785656
-1.378809
1.726181
0.5937692
1.857274
0.8727456
0.6407799
0.2216774
1.267011
0.5061513
0.8213069
0.0641778
0.8388598
2.149758
-0.5785656
-0.7113709
0.6407799
-0.5785656
-1.378809
1.360897
0.5937692
-1.378809
0.4895328
0.2216774
1.360897
-0.5785656
-0.2064738
-1.378809
-1.378809
0.8388598
1.478006
1.073972
-0.4662803
0.8727456
1.769012
0.03861684
-0.5785656
0.2416352
1.470758
1.251429
0.2610607
-0.5785656
-0.8739115
-0.2064738
-0.07366845
0.1358828
-1.378809
0.2216774
-0.5785656
-0.2064738
-1.378809
-1.378809
1.794673
1.231472
-0.3690143
1.410022
-1.378809
2.357874
-1.378809
-1.378809
-0.8739115
1.566201
1.566201
1.073972
1.073972
1.857274
0.03861684
-0.1370486
-0.8739115
0.5937692
1.615604
-1.378809
-0.5785656
-0.5785656
0.3678485
-1.378809
-1.378809
0.4895328
0.6407799
-1.378809
0.5937692
0.965861
-0.2064738
0.6407799
0.7265746
0.8727456
0.2984234
0.5937692
0.6849396
0.1358828
-1.378809
0.4895328
0.2216774
0.4895328
-1.378809
1.117836
-1.378809
-1.378809
-0.07366845
-0.2064738
0.03861684
0.2216774
0.8727456
0.5937692
0.3678485
-0.8739115
-1.378809
-0.3690143
-1.378809
0.2216774
0.4895328
-0.5785656
-1.378809
0.8727456
-0.5785656
0.8033205
1.485183
-1.378809
-0.2064738
-1.378809
0.4895328
1.470758
-1.378809
0.4895328
-1.378809
0.8727456
-0.8739115
-0.8739115
0.03861684
0.5170233
1.360897
1.251429
0.1127566
0.03861684
-1.378809
0.03861684
0.5937692
-1.378809
2.149758
-0.8739115
-0.5785656
0.3678485
-1.378809
1.280377
1.073972
1.456042
-0.2064738
-0.3690143
-0.2064738
0.5937692
0.7659578
-0.5785656
-0.5785656
-0.07366845
0.2984234
0.2216774
0.8727456
1.073972
0.2984234
1.326204
1.360897
-0.8739115
-1.378809
0.0641778
1.566201
-1.378809
0.6763193
-1.378809
1.073972
0.2216774
-1.378809
1.073972
-1.378809
0.1358828
0.4492151
-0.7113709
-0.5785656
-0.5785656
-0.3690143
-1.378809
-0.2064738
-0.8739115
-1.378809
0.4002277
1.073972
1.540183
-1.378809
0.03861684
0.4895328
1.122551
0.03861684
0.03861684
1.122551
-0.8739115
0.1800425
0.5937692
-0.8739115
0.5937692
-0.7113709
0.8727456
-0.8739115
-0.8739115
-0.2064738
1.073972
-0.2064738
-0.8739115
0.3678485
-0.2064738
-0.07366845
2.357874
0.5937692
0.4002277
-0.5785656
0.6849396
1.540183
-0.3690143
-0.8739115
1.073972
0.965861
-1.378809
-0.1370486
0.03861684
-1.378809
-0.5785656
-1.378809
0.2216774
1.326204
-1.378809
0.2216774
1.231472
0.5839917
1.251429
1.073972
1.360897
-0.2832197
-1.378809
1.615604
-1.378809
1.048411
0.2216774
0.4895328
0.7659578
-0.5785656
-1.378809
-1.378809
0.4002277
2.149758
-0.8739115
1.073972
0.6407799
-0.2064738
-0.8739115
-0.3690143
0.5937692
-1.378809
0.6407799
1.360897
-1.378809
-1.378809
-1.378809
-0.3690143
-0.2064738
1.470758
-0.3690143
0.03861684
0.2216774
-1.378809
-1.378809
0.5690749
1.566201
0.5937692
-1.378809
-1.378809
1.360897
