11.64946
9.615939
0
8.028129
11.22264
0
11.29031
10.16373
9.496196
11.04628
10.91845
11.19188
11.02997
8.952347
11.55087
9.919016
12.26942
7.003974
13.00003
11.92332
11.20599
0
11.07239
10.27488
10.97830
11.64650
8.57206
10.37863
11.30793
7.189922
7.283448
10.35593
0
10.88132
11.94338
12.33242
12.03502
10.49944
9.871274
12.76457
10.60460
7.713338
11.82147
9.290537
13.26877
9.197052
9.218904
0
8.675222
11.79784
12.24924
11.13689
12.37087
12.78068
11.66704
11.42011
12.77203
10.05221
8.471987
9.614672
12.08443
9.855137
6.659294
10.44944
12.11528
8.806124
13.66320
8.903543
9.084097
0
8.071219
7.585281
0
6.774224
10.08577
10.76365
11.72096
12.67947
12.89229
12.12334
9.628656
7.577634
11.56434
0
0
0
14.24066
8.573952
0
10.31407
10.35593
14.23270
10.54102
0
11.81431
9.435163
0
12.34594
10.73664
13.02206
10.92587
7.941296
10.34294
11.16320
9.729908
14.57344
13.55936
9.178024
12.8298
11.84101
6.908755
10.65427
11.77126
12.97241
0
0
8.961623
0
13.71615
11.80015
7.558517
11.08477
6.398595
8.531688
9.094817
10.40726
0
11.88415
0
9.77355
7.478735
0
13.5473
11.37839
10.97365
12.27613
10.20611
8.417594
8.777555
10.14321
0
0
13.34629
8.942853
7.89618
10.88161
5.717028
10.13974
14.13468
11.10057
0
7.76684
10.82114
0
8.916238
12.50696
12.36455
9.811756
7.73587
7.509883
6.901737
9.48509
12.17807
10.50348
10.35593
9.728062
13.26967
9.239996
13.04725
11.423
6.803505
10.55953
13.33221
6.077642
13.10745
11.99953
6.810142
11.463
11.5812
11.16361
9.379914
14.28397
10.35593
11.86200
14.22506
11.03395
10.35593
8.868413
12.22605
9.86058
0
10.12811
0
10.45377
0
12.03398
12.19191
14.46354
8.59434
9.39914
9.181323
11.30313
13.91794
12.68907
10.27746
7.497207
10.38486
14.05270
12.91098
11.59342
14.77602
14.24045
7.098376
16.01024
11.09101
12.36875
10.60316
8.39299
11.26069
10.14089
9.338294
9.002085
0
13.10099
8.46337
12.50634
11.87699
12.71659
10.62636
10.86048
11.03512
8.9422
12.06259
9.83226
0
12.68204
13.32718
0
0
8.794976
11.36394
11.52329
9.345308
10.66165
0
0
10.39904
10.80934
11.70517
10.95457
9.773664
12.5158
9.318746
7.937732
0
11.10814
10.65420
11.52642
0
0
11.40507
13.80235
9.774233
0
10.93619
0
8.537192
8.452121
12.51511
9.185433
9.519662
12.58961
10.54949
9.598049
11.23980
9.03563
12.37958
9.468697
0
0
10.86571
10.99600
11.89836
14.626
10.72351
0
10.32016
10.91736
13.63654
11.03965
10.59783
0
8.863474
9.482503
8.12947
9.832421
11.50721
8.578476
11.76407
10.47554
9.672879
8.670772
10.5389
8.411166
9.502711
9.372714
0
7.924072
9.662307
12.66704
10.35593
7.578657
9.86931
12.04783
9.401456
12.89790
9.36246
0
11.70743
11.51156
9.167537
11.86458
8.852379
10.81900
8.114025
15.15490
11.86923
9.267949
10.72518
7.938446
11.09154
7.36328
0
0
11.52112
9.157783
0
0
0
10.60309
10.85792
9.736429
11.64338
10.44197
11.60251
0
8.788898
8.703009
8.555067
11.26387
14.58966
11.9855
10.60334
11.93783
10.80004
0
13.04278
9.222467
9.70802
11.80821
13.34126
12.25403
11.99108
9.475163
10.73603
10.35593
12.56705
10.61695
9.823145
11.08079
7.252054
9.988885
10.35593
10.73099
7.520776
11.15702
14.15329
9.243388
0
11.30286
9.26587
0
15.63579
9.256556
0
16.11310
12.05288
0
7.9179
10.35593
11.01955
0
0
11.80785
0
11.34232
0
0
0
9.081142
6.971669
10.60020
9.175438
11.40937
0
11.82253
9.043577
10.20688
9.601639
11.13104
11.97055
9.621986
12.79448
13.08519
0
9.440658
0
10.67445
8.412499
11.33275
8.463581
0
12.16334
8.497195
7.453562
13.09002
8.2247
13.98892
8.238537
0
0
10.84117
10.83269
13.59493
9.101975
0
11.39077
10.45473
11.99474
11.95475
14.56091
0
0
10.24881
15.69597
13.91352
12.27379
9.053336
9.34014
7.4793
9.567245
11.99711
10.7684
8.41671
11.64330
11.37138
0
7.41998
16.10643
9.167433
8.265393
8.928243
14.96320
0
16.55894
12.7169
0
7.19143
0
8.345693
12.80501
0
9.407058
11.07099
8.57697
0
12.17387
0
8.64629
8.735847
0
10.74350
8.930494
0
11.04390
11.93690
9.87483
8.169336
10.72766
0
0
8.594895
8.734721
7.315884
12.51333
9.105757
13.30392
7.496097
10.25524
0
11.17567
11.23555
12.27235
8.63888
9.367771
10.88515
8.941022
11.39596
0
13.30043
11.67644
10.08693
11.82778
12.21306
12.84141
14.20291
7.320527
0
10.42783
10.37845
13.05727
11.28434
11.69002
10.43194
7.601402
12.2882
0
9.667069
0
12.77646
0
10.39922
12.60949
7.838738
12.44396
8.517393
0
0
8.232174
6.426488
9.270965
11.79001
0
10.85806
8.50593
10.35593
10.60497
9.142704
11.81253
12.01951
11.88504
10.02725
9.285633
9.552866
13.24730
10.72545
5.003946
12.02348
7.833996
0
0
11.19222
10.04724
7.99497
10.37446
13.53599
13.38951
8.641002
11.95572
13.01892
6.822197
10.03434
6.393591
11.49416
8.734238
6.552508
12.76838
10.35593
10.73474
0
8.183397
10.0734
0
11.83315
11.82248
13.86306
11.07257
11.66172
14.32971
10.87324
0
10.74361
12.03452
7.04316
0
6.929517
7.291656
9.145162
0
8.630343
9.180912
8.517393
12.87675
0
10.85834
7.853993
10.21508
9.918622
11.86736
10.69639
0
12.38901
6.685861
0
9.725019
8.427706
9.94956
10.56000
9.541944
14.42568
10.72977
0
6.937314
11.94984
0
11.43575
13.12911
10.65980
5.736572
0
9.394577
12.34249
10.51886
13.84646
7.946618
10.46059
14.98601
11.52033
8.232972
8.349011
9.817058
8.38936
9.386392
8.777247
0
12.02225
12.37012
13.95356
10.41364
9.0524
9.498672
0
11.61604
14.46136
7.901377
11.83377
12.99156
9.986357
0
0
10.54510
11.04380
10.27932
5.968708
6.979145
10.48049
9.91818
8.716536
9.263312
10.91930
10.35593
11.62851
11.16239
13.57433
12.72926
12.03945
8.722743
8.659213
11.94361
12.71348
8.520189
7.03966
12.59369
11.59173
13.13418
11.72771
7.593878
0
12.01347
0
10.23405
8.982687
0
0
0
10.64533
11.61302
0
9.018695
9.803778
10.61239
10.35593
0
10.98858
9.612734
10.77038
0
8.529517
11.06130
9.55641
13.26854
0
11.83475
11.96954
0
0
9.027379
0
7.759614
10.43147
0
8.987322
11.07468
12.01107
10.16566
11.84306
12.87154
0
0
9.810385
9.387398
9.849243
10.85337
11.07113
10.43732
10.75699
8.190077
8.896451
0
10.35593
11.67336
11.23027
8.605387
10.79483
11.48217
0
0
11.86250
8.784928
0
9.351058
11.58705
10.71141
12.44217
7.693482
8.35632
13.21284
0
11.98080
0
12.10263
8.008366
9.208338
11.02692
6.908755
11.81514
0
10.35847
9.062884
11.13479
0
10.76834
9.691717
10.46809
12.25318
0
11.49498
9.06774
0
8.912204
9.729313
6.440947
9.843047
9.430279
11.02829
10.87712
8.493925
0
9.698061
12.54711
10.21837
7.696213
8.693664
13.10896
0
11.40881
8.216088
0
10.50155
11.46418
9.904087
9.578588
0
0
10.64318
11.75564
7.313887
10.95614
10.05273
7.977282
10.57278
12.25190
14.14672
11.35002
0
0
12.87756
0
7.668094
12.29050
11.92466
10.59618
14.994
10.13888
10.48846
0
0
11.36681
9.714745
14.73588
12.01951
11.08681
11.11883
11.23023
12.99811
10.84332
10.25738
8.528529
0
0
10.35593
9.73985
0
10.92491
14.09791
7.913155
0
11.03148
12.26196
11.34153
11.44777
8.385717
15.28045
10.88279
7.957177
12.79050
11.12087
0
12.47557
10.95789
10.89796
0
11.91638
10.50446
14.87104
14.50466
0
10.45866
8.949235
12.9541
0
9.247925
11.04906
10.56641
13.79863
9.55867
10.41331
13.23440
14.30497
9.62245
12.04267
11.75834
10.05835
10.61204
9.376617
0
10.37171
7.469654
14.81195
10.35593
13.50336
10.70936
0
11.47085
10.60346
8.186186
0
9.534306
8.597482
0
7.225481
12.23958
12.69448
0
7.749753
11.09886
10.56272
10.91698
8.02519
10.50023
9.105868
9.075894
10.65846
9.41646
12.67546
11.95152
8.957124
6.874198
6.398595
8.995289
9.016513
6.920672
12.40684
0
8.578853
10.65408
14.05147
12.31671
11.48899
11.72892
0
12.53599
11.23367
0
12.81649
0
0
10.35593
8.325064
9.577757
10.51551
10.9939
13.10522
0
10.75916
12.85092
12.54967
9.946643
12.45019
0
0
10.19504
10.06671
11.83269
11.51856
9.821952
12.81983
11.54635
11.19882
0
12.18162
10.12911
8.490644
14.78412
11.55208
6.90073
14.59154
11.21429
0
0
9.831132
0
7.656337
10.8817
13.34379
7.754053
11.28640
8.243283
0
10.63472
13.59779
0
7.960324
9.983223
10.76863
14.33564
9.013839
0
0
0
11.99199
13.55163
13.2123
0
8.295549
12.57340
9.034915
8.592672
14.85716
8.834191
9.629445
0
11.46078
0
14.47688
0
11.83033
11.57749
0
7.984803
11.44071
10.54566
12.16516
10.15735
7.746733
16.16862
10.96403
12.45220
11.20417
9.020994
8.931155
13.42527
9.456966
8.7167
0
9.318746
10.46943
10.73182
10.63248
0
7.902118
8.172729
0
7.429521
9.431803
9.336092
10.80298
12.19807
11.70127
10.15257
11.43831
11.25976
9.381432
10.06292
11.78317
6.403574
10.48635
13.87950
12.44375
15.45914
11.46644
9.46537
14.35065
8.598404
11.77905
11.16071
8.374015
14.16147
13.81653
7.170888
11.08883
7.09091
9.262933
14.93092
7.78364
11.38812
14.17814
9.047704
11.87387
12.85205
6.672033
7.444833
11.81309
8.508556
0
9.456732
9.213535
0
9.334856
11.37162
13.31194
11.61256
12.61878
12.74971
0
6.920672
10.35593
10.62692
9.132811
11.63950
11.15442
7.591357
13.91979
10.90344
8.446127
0
10.82018
0
11.70362
8.46316
12.21807
0
0
11.71711
0
0
10.66013
7.273786
12.70244
0
9.718603
11.28337
12.33782
12.18398
11.44077
10.99154
10.69827
9.561279
10.06442
0
11.43991
10.35593
0
12.63706
10.40114
8.88364
11.14224
11.14269
10.65563
10.43817
11.06628
0
9.468928
10.86529
9.414831
9.800568
12.25946
14.52284
7.696667
6.861711
12.91765
10.48251
7.526179
7.898782
0
12.76226
9.883336
0
10.23710
9.121728
8.588397
10.38455
11.28414
0
10.80149
12.67434
10.65872
10.39194
11.14588
0
0
14.47814
0
11.37873
0
10.03693
11.90175
9.603935
12.61324
0
8.268219
9.236008
8.767485
10.35593
7.852828
14.75589
13.72386
15.73331
15.72994
13.01060
10.67299
12.64429
0
12.70574
0
7.538495
0
9.142918
8.784928
10.01064
12.98465
0
8.752107
8.88641
10.39394
9.127176
10.81440
8.6512
12.59848
11.84364
0
0
11.58036
12.87008
0
7.862497
11.56709
12.44308
0
8.286773
13.92545
10.46182
8.308692
8.755107
10.15572
0
13.17011
13.23107
9.379239
11.02515
10.62944
10.1625
12.78728
0
12.21261
0
11.72886
8.478452
16.14915
10.70181
11.84275
9.936729
10.35593
11.33258
12.61365
9.175335
9.854245
8.136518
10.57047
9.060796
13.46200
10.78924
6.804615
11.19702
11.17678
11.98400
8.656607
13.44624
9.730383
10.61472
10.95763
0
0
10.65655
0
0
11.11024
10.96242
11.33939
11.10164
10.16543
11.21132
9.953563
12.60213
12.20269
12.36209
13.97616
8.215006
14.04790
10.88014
9.306378
12.85546
9.57845
0
9.401374
0
0
7.927685
7.892452
0
0
9.694617
10.74171
8.094989
8.006701
0
11.00082
0
12.13833
0
8.40894
10.59513
11.91867
10.80361
11.431
13.89850
9.512665
7.192934
12.59938
0
7.582229
11.41676
12.29414
13.79680
11.36086
9.448333
0
14.88004
12.64329
11.16514
8.971448
13.90058
11.68236
10.49599
6.81783
0
0
8.962648
9.5165
10.12367
11.97024
8.803875
11.86823
9.490922
8.9384
10.67884
11.2484
7.878913
11.66201
9.456966
13.99796
6.84588
0
11.49038
10.80084
15.95562
9.040264
10.77042
8.511175
8.063063
8.67795
8.628913
9.83011
0
11.60779
10.02109
12.70399
0
13.88352
8.429891
11.63508
9.248503
11.25918
12.18792
13.81004
8.755895
10.78145
15.56735
12.22888
13.55631
0
9.008469
12.44948
7.853993
12.49129
10.68458
12.48610
9.52486
9.982992
7.695758
0
11.10276
0
0
10.74121
0
8.267962
8.462103
0
8.745125
11.86543
0
12.40722
0
9.745254
7.316548
6.629363
10.52710
0
10.35593
9.13863
0
9.06462
8.443116
13.37561
9.609452
0
9.288412
11.10502
12.80688
0
11.86366
12.65843
10.36536
11.24942
0
11.70287
9.197458
9.089415
9.476314
7.218177
14.64679
11.69743
0
14.80878
12.43398
10.47483
11.48405
12.42993
10.84702
10.45835
11.69218
12.41155
7.690286
14.74254
12.43675
10.62731
8.95144
6.063785
8.616858
0
7.893945
8.995537
0
7.736307
8.272826
15.79558
10.92150
13.16985
12.26201
12.91938
10.59691
11.40223
0
6.322565
10.77099
11.60629
8.762177
0
9.562686
11.66331
14.38613
11.33088
13.56109
12.18648
11.21183
8.986447
13.17755
8.696677
11.25
11.42449
15.39407
10.51067
10.82026
8.344505
0
8.48405
10.84220
11.56657
10.56266
8.821732
11.38131
0
11.24240
10.38665
10.67339
0
8.855093
12.94147
10.76325
11.09773
0
9.60353
8.192017
13.37158
10.37845
10.01606
0
10.55626
10.73957
12.18227
10.38208
9.611864
9.98539
11.33128
0
10.21855
10.01766
9.261033
7.987524
11.91860
11.44739
0
12.62605
9.508146
15.85651
0
11.02422
8.238801
10.18241
8.106213
14.52185
12.04267
8.713746
0
9.58004
7.874739
8.780634
9.79835
14.74795
0
13.21391
8.167352
11.45525
12.39349
7.118826
12.87777
0
0
0
9.226312
14.71453
12.22762
12.01916
12.03696
0
10.66951
8.483636
13.25616
10.35593
0
14.52783
10.11423
0
7.463363
0
10.5727
0
10.53593
11.49173
11.71629
0
7.280008
10.63955
11.31263
8.803424
7.32185
11.07614
0
0
0
7.733684
12.43006
7.382124
11.52882
8.28223
11.21208
0
13.08795
10.59180
8.043342
13.13478
0
10.43312
10.67722
10.39161
9.590214
10.43904
9.624104
13.67155
0
10.35593
10.9768
9.906234
9.35522
9.671934
8.208492
8.686767
7.37086
8.830982
9.526391
10.52535
13.29656
9.57401
10.01203
13.18457
13.44474
14.73410
8.374246
13.37623
0
14.88653
11.82318
9.799681
8.14642
10.86017
0
0
10.92965
10.46010
0
11.19632
7.848153
10.14573
11.54630
7.048386
0
15.06900
9.072801
8.798455
8.00169
11.26778
0
11.38208
10.31669
0
9.195125
8.191186
8.214736
10.92601
15.70335
10.72762
9.690975
11.63469
13.98444
9.221874
10.63501
9.016149
10.22716
11.70609
14.92384
15.02560
9.46141
11.69450
10.96677
16.396
0
0
10.13935
8.109526
0
13.86502
10.69238
0
15.26615
8.38389
11.29147
10.96647
0
10.61381
11.30015
11.80974
12.98412
8.834483
8.123558
10.66644
10.76958
9.442166
14.98113
9.799681
10.50490
7.282074
12.40038
12.36622
13.09109
0
13.82874
10.90953
11.64076
0
0
10.71564
10.99057
11.99317
11.17937
12.73171
10.96992
8.021256
11.95447
11.53347
11.22245
0
0
11.98049
8.313852
8.658172
0
11.03423
12.26605
8.752581
9.371353
10.35593
8.918249
12.13976
13.15622
10.21559
9.26842
8.354674
9.771327
0
10.46253
11.29868
9.653037
9.008469
11.09494
0
13.06060
0
8.84029
13.85913
15.46056
12.90790
8.166784
0
12.58241
10.35593
11.55129
11.39309
11.58772
11.23780
11.84912
13.00442
0
11.10623
0
11.57323
0
9.946164
10.81928
9.939723
7.915348
0
11.30449
12.33975
9.98142
7.116394
8.64365
0
0
8.885994
12.62437
10.9598
9.17212
12.46014
13.31315
10.92141
16.71940
10.37202
0
11.30679
9.91329
13.78507
11.40367
12.48818
8.151622
9.693013
9.387398
10.79573
9.871997
12.35674
10.45233
8.833754
0
8.748781
11.28447
6.902743
9.861571
0
10.60795
0
0
0
9.410502
10.57984
9.299267
0
9.47478
0
11.16189
9.859692
11.75806
14.52367
0
0
9.397567
8.828787
11.88536
11.37357
11.80380
6.575076
9.803667
0
13.89176
8.180881
15.86522
0
8.557951
9.85671
11.14549
14.50061
9.019059
11.39827
10.79327
13.48712
10.36177
11.11515
14.05195
9.509926
9.58514
8.394573
12.95324
12.90892
0
0
13.12813
13.94286
15.29435
8.404248
9.16178
9.918573
13.09205
0
11.11473
11.11328
0
14.52649
11.17022
12.83420
7.325808
0
10.47979
0
0
0
14.08160
12.84814
8.479076
10.54708
9.267571
11.50549
15.7375
12.31414
9.688994
9.197255
0
11.47027
13.38056
0
8.452548
0
10.49150
9.819345
13.98785
11.21391
12.04342
11.25788
0
7.630461
11.68395
11.63053
14.06551
13.79610
12.98612
13.50586
0
0
7.632401
9.966275
11.99735
8.920122
10.29191
10.35593
10.51691
10.41460
12.96418
9.029777
0
11.80845
7.4725
10.46564
13.65304
0
0
15.44905
9.996203
10.35593
8.064322
9.972734
12.34983
0
9.655923
12.14177
8.48797
10.75535
11.57924
13.37081
14.56785
10.79372
12.24805
13.32786
13.27558
11.07926
8.483843
0
11.31313
0
7.26333
11.27880
10.92024
11.76719
11.70763
8.900276
9.597777
0
9.516869
12.13709
7.999007
8.845057
9.825634
10.54684
7.181592
7.349231
13.50188
11.70123
0
0
10.49211
11.83814
0
11.28817
13.49428
8.492286
10.01704
11.13084
0
0
8.489822
9.79696
0
0
9.870913
7.558517
8.006701
10.77252
4.290459
12.03680
12.01365
6.678342
11.54440
5.993961
6.863803
0
8.334472
11.29376
7.822445
0
11.44364
10.19608
11.07172
13.13348
9.939434
10.94977
0
10.37845
8.816557
10.57786
8.607765
9.060563
10.88236
8.481151
7.035269
10.72799
10.03030
10.44535
10.35838
14.43390
12.68814
12.78899
12.04892
8.738415
8.861775
8.79103
8.308938
8.613412
0
10.43576
0
10.08138
12.57689
9.602045
8.05166
10.68590
8.888067
10.59132
12.37252
10.32437
11.45666
0
9.308827
11.07496
12.50227
14.95703
10.49695
13.17059
14.25444
13.49703
8.943898
10.67628
0
12.48718
0
10.81667
10.15242
8.021256
10.51266
13.90820
9.651623
9.613403
12.9943
0
8.710949
0
0
11.04572
8.68474
11.18555
11.02102
11.27889
0
13.16231
10.81952
10.71368
10.58656
8.150756
7.732369
0
10.04707
9.094593
11.41229
8.95519
13.34952
10.31818
6.871091
0
12.73726
10.93541
12.58970
8.502891
0
11.10647
0
9.493035
9.34749
0
11.54760
11.89174
14.16834
0
12.73035
13.45570
10.84726
10.40859
0
8.414717
11.63495
14.70645
12.7438
13.45286
0
10.57116
11.72102
8.909776
0
0
11.14481
10.43714
7.590347
10.32584
11.12477
8.559678
10.64942
12.84929
8.409162
7.497762
0
0
11.86669
12.36260
0
13.03153
7.914252
11.60989
0
10.61039
10.64373
10.36142
11.62981
0
9.92896
9.67508
11.58774
0
12.15233
11.31179
13.01659
11.78436
10.42727
10.84101
7.328437
12.89447
11.41101
11.00372
14.74070
9.661097
10.83780
0
0
12.16495
8.691146
12.88027
11.52379
9.654
9.445254
12.22292
12.42738
12.37060
9.015784
0
0
0
9.266815
11.67885
9.159994
9.749753
11.29652
11.63978
7.689371
11.13711
8.268988
0
0
0
0
13.31160
10.69653
0
11.37545
10.40958
9.440738
11.17710
11.61349
14.56085
9.91749
0
9.445333
9.975715
11.61783
0
0
9.413608
7.138073
9.324472
0
10.94623
10.93252
14.71827
8.988945
7.192934
0
8.26565
9.631022
0
