0.6417061
0.1846313
-1.976739
-0.1722601
0.5457689
-1.976739
0.5609783
0.307759
0.1577167
0.5061276
0.4773954
0.5388549
0.5024635
0.03547591
0.6195442
0.2527539
0.7810528
-0.402459
0.9452712
0.70326
0.542027
-1.976739
0.5119966
0.3327409
0.4908492
0.6410404
-0.05000093
0.356062
0.5649392
-0.3606635
-0.3396417
0.3509592
-1.976739
0.4690516
0.7077684
0.7952134
0.728368
0.3832144
0.2420229
0.892348
0.4068529
-0.2430156
0.6803673
0.1114908
1.005676
0.09047836
0.09538983
-1.976739
-0.02681325
0.6750566
0.7765168
0.5264955
0.8038572
0.8959679
0.6456575
0.5901537
0.8940255
0.2826916
-0.0724944
0.1843464
0.7394731
0.2383958
-0.4799326
0.3719768
0.7464079
0.002609632
1.094332
0.02450645
0.06508932
-1.976739
-0.1625749
-0.2717989
-1.976739
-0.4540999
0.2902345
0.4426024
0.657775
0.8732208
0.921055
0.7482183
0.1874897
-0.2735177
0.6225728
-1.976739
-1.976739
-1.976739
1.224128
-0.04957579
-1.976739
0.3415506
0.3509592
1.222338
0.3925606
-1.976739
0.6787584
0.1439983
-1.976739
0.7982533
0.4365299
0.9502235
0.4790632
-0.1917776
0.348038
0.532408
0.210248
1.298928
1.070994
0.08620129
0.9070096
0.6847602
-0.4238614
0.4180158
0.6690816
0.939064
-1.976739
-1.976739
0.03756087
-1.976739
1.106235
0.6755767
-0.2778147
0.5147798
-0.5385298
-0.05907543
0.067499
0.3624958
-1.976739
0.6944564
-1.976739
0.2200574
-0.2957472
-1.976739
1.068282
0.5807762
0.4898032
0.7825614
0.3172833
-0.08472025
-0.003811817
0.3031465
-1.976739
-1.976739
1.023101
0.03334205
-0.2019181
0.469115
-0.6917254
0.3023669
1.200308
0.5183316
-1.976739
-0.2309898
0.4555233
-1.976739
0.02735974
0.8344454
0.8024354
0.228645
-0.2379510
-0.2887460
-0.4254387
0.1552203
0.7605214
0.3841229
0.3509592
0.2098332
1.00588
0.1001308
0.9558856
0.5908039
-0.4475183
0.3967218
1.019936
-0.6106702
0.9694166
0.720391
-0.4460264
0.5997944
0.6263624
0.5325005
0.1315802
1.233862
0.3509592
0.6894768
1.220622
0.5033579
0.3509592
0.01661026
0.7713053
0.2396192
-1.976739
0.2997518
-1.976739
0.3729512
-1.976739
0.7281344
0.763632
1.274225
-0.04499322
0.1359017
0.08694295
0.5638605
1.151591
0.8753783
0.3333216
-0.2915952
0.3574622
1.18188
0.9252565
0.6291083
1.344462
1.224080
-0.3812404
1.621875
0.5161826
0.8033801
0.4065293
-0.09025053
0.5543208
0.3026241
0.1222251
0.0466557
-1.976739
0.967964
-0.07443107
0.8343048
0.6928457
0.8815643
0.411744
0.464366
0.503619
0.03319515
0.7345639
0.2332537
-1.976739
0.8737982
1.018807
-1.976739
-1.976739
0.0001038889
0.5775284
0.6133462
0.1238017
0.4196753
-1.976739
-1.976739
0.3606480
0.4528725
0.6542275
0.4855152
0.220083
0.8364322
0.1178314
-0.1925786
-1.976739
0.5200328
0.4179999
0.6140503
-1.976739
-1.976739
0.5867742
1.125610
0.2202109
-1.976739
0.4813839
-1.976739
-0.05783824
-0.07695955
0.8362771
0.0878666
0.1629911
0.8530227
0.3944654
0.1806101
0.5496267
0.05419545
0.8058148
0.1515357
-1.976739
-1.976739
0.4655412
0.4948266
0.6976512
1.310741
0.4335795
-1.976739
0.3429180
0.4771509
1.088340
0.5046388
0.4053315
-1.976739
0.01550013
0.1546389
-0.1494818
0.2332899
0.6097314
-0.04855873
0.6674666
0.3778435
0.1974296
-0.02781343
0.3920848
-0.08616508
0.1591812
0.1299618
-1.976739
-0.1956489
0.1950535
0.870425
0.3509592
-0.2732878
0.2415814
0.7312458
0.1364222
0.9223156
0.1276570
-1.976739
0.6547351
0.6107103
0.08384423
0.6900579
0.01300622
0.4550424
-0.1529532
1.429622
0.6911023
0.1064137
0.4339554
-0.1924182
0.5163025
-0.3216980
-1.976739
-1.976739
0.6128585
0.0816518
-1.976739
-1.976739
-1.976739
0.4065126
0.4637912
0.2117138
0.6403392
0.3702974
0.6311521
-1.976739
-0.001262288
-0.02056768
-0.05382049
0.555037
1.302572
0.7172368
0.4065684
0.7065226
0.4507823
-1.976739
0.9548803
0.09619067
0.2053283
0.6773874
1.021970
0.7775938
0.7184915
0.1529892
0.4363931
0.3509592
0.847952
0.4096286
0.2312049
0.5138848
-0.3466982
0.2684583
0.3509592
0.4352611
-0.2862975
0.5310198
1.204490
0.1008932
-1.976739
0.5637995
0.1059464
-1.976739
1.537711
0.1038529
-1.976739
1.644995
0.7323817
-1.976739
-0.1970361
0.3509592
0.5001197
-1.976739
-1.976739
0.6773054
-1.976739
0.5726682
-1.976739
-1.976739
-1.976739
0.06442531
-0.4097203
0.405864
0.08562016
0.5877411
-1.976739
0.6806065
0.05598177
0.3174576
0.1814171
0.5251789
0.7138755
0.1859906
0.899071
0.9644128
-1.976739
0.1452335
-1.976739
0.4225528
-0.08586538
0.5705173
-0.07438363
-1.976739
0.7572102
-0.06682843
-0.3014053
0.9654986
-0.1280770
1.167545
-0.1249668
-1.976739
-1.976739
0.4600255
0.458121
1.078989
0.06910791
-1.976739
0.5835592
0.373165
0.7193135
0.7103245
1.296110
-1.976739
-1.976739
0.3268822
1.551238
1.150596
0.7820348
0.05817518
0.1226400
-0.2956203
0.1736865
0.719846
0.4436697
-0.08491898
0.6403214
0.5792022
-1.976739
-0.3089535
1.643496
0.08382077
-0.1189304
0.03005809
1.386534
-1.976739
1.745207
0.8816331
-1.976739
-0.3603248
-1.976739
-0.1008814
0.9014383
-1.976739
0.1376812
0.5116822
-0.04889724
-1.976739
0.7595764
-1.976739
-0.03331635
-0.01318668
-1.976739
0.4380732
0.03056416
-1.976739
0.5055929
0.7063124
0.2428223
-0.1405210
0.4345131
-1.976739
-1.976739
-0.0448684
-0.0134397
-0.3323512
0.8358766
0.06995799
1.013576
-0.2918446
0.3283257
-1.976739
0.5352125
0.5486707
0.7817122
-0.03498191
0.1288508
0.4699123
0.03293049
0.584727
-1.976739
1.012792
0.6477688
0.2904966
0.6817859
0.7683848
0.909618
1.215644
-0.3313075
-1.976739
0.3671200
0.3560201
0.9581374
0.5596376
0.6508209
0.3680429
-0.2681753
0.7852745
-1.976739
0.1961237
-1.976739
0.8950194
-1.976739
0.3606890
0.8574903
-0.2148295
0.8202833
-0.06228839
-1.976739
-1.976739
-0.1263969
-0.5322602
0.1070916
0.6732967
-1.976739
0.4638215
-0.06486496
0.3509592
0.4069365
0.07826241
0.6783573
0.7248806
0.6946564
0.2770821
0.1103886
0.1704544
1.00085
0.4340147
-0.8520044
0.725774
-0.2158952
-1.976739
-1.976739
0.5389323
0.281575
-0.1797133
0.3551237
1.065739
1.032816
-0.03450478
0.7105426
0.9495187
-0.4433169
0.2786752
-0.5396546
0.6067984
-0.01354822
-0.5039349
0.8932053
0.3509592
0.4361045
-1.976739
-0.1373605
0.2874544
-1.976739
0.6829934
0.680595
1.139255
0.5120385
0.6444618
1.244143
0.4672351
-1.976739
0.4380974
0.7282559
-0.3936512
-1.976739
-0.4191947
-0.3377968
0.07881488
-1.976739
-0.03690064
0.08685037
-0.06228839
0.9175629
-1.976739
0.4638864
-0.2114006
0.3193003
0.2526654
0.6906816
0.4274838
-1.976739
0.8079345
-0.4739612
-1.976739
0.2091491
-0.08244733
0.2596191
0.3968268
0.1679994
1.265715
0.4349858
-1.976739
-0.4174421
0.7092208
-1.976739
0.5936701
0.9742855
0.4192589
-0.6873324
-1.976739
0.1348758
0.797477
0.3875810
1.135523
-0.1905814
0.3744823
1.391661
0.6126801
-0.1262177
-0.1001355
0.2298367
-0.0910664
0.1330362
-0.003881127
-1.976739
0.7254973
0.8036865
1.159597
0.3639309
0.0579647
0.1582733
-1.976739
0.6341935
1.273735
-0.20075
0.6831321
0.9433687
0.2678900
-1.976739
-1.976739
0.3934795
0.5055714
0.3337387
-0.6351554
-0.4080398
0.378957
0.2525657
-0.01752720
0.1053715
0.4775867
0.3509592
0.6369962
0.5322262
1.074357
0.8844122
0.7293632
-0.01613202
-0.0304115
0.707821
0.8808638
-0.06166004
-0.3944378
0.8539398
0.6287285
0.9754239
0.6592924
-0.2698666
-1.976739
0.7235235
-1.976739
0.3235638
0.04229544
-1.976739
-1.976739
-1.976739
0.416007
0.6335153
-1.976739
0.05038913
0.2268517
0.4086021
0.3509592
-1.976739
0.4931583
0.1839110
0.4441141
-1.976739
-0.05956333
0.5095036
0.1712508
1.005624
-1.976739
0.6833521
0.7136492
-1.976739
-1.976739
0.05234083
-1.976739
-0.2326141
0.3679368
-1.976739
0.04333728
0.5125129
0.7229833
0.3081918
0.6852212
0.916392
-1.976739
-1.976739
0.2283369
0.1332623
0.2370709
0.4627677
0.5117136
0.369252
0.4411043
-0.1358591
0.02291233
-1.976739
0.3509592
0.6470768
0.547484
-0.04251001
0.4496101
0.6041027
-1.976739
-1.976739
0.6895909
-0.002154777
-1.976739
0.1250942
0.627677
0.4308606
0.8198817
-0.2474787
-0.09849275
0.9931062
-1.976739
0.7161792
-1.976739
0.7435644
-0.1767023
0.09301509
0.5017775
-0.4238614
0.6789446
-1.976739
0.3515303
0.06032134
0.5260236
-1.976739
0.4436555
0.2016638
0.3761692
0.777403
-1.976739
0.6069816
0.06141271
-1.976739
0.02645305
0.2101143
-0.5290105
0.2356784
0.1429005
0.5020843
0.468107
-0.06756342
-1.976739
0.2030899
0.8434701
0.3200398
-0.2468648
-0.02266799
0.9697553
-1.976739
0.5876139
-0.1300126
-1.976739
0.3836908
0.6000589
0.2493983
0.1762360
-1.976739
-1.976739
0.4155248
0.6655702
-0.3328
0.4858685
0.2828078
-0.1836890
0.3996995
0.7771155
1.203013
0.5743996
-1.976739
-1.976739
0.9177456
-1.976739
-0.2531851
0.7857905
0.703561
0.4049607
1.393456
0.3021716
0.3807486
-1.976739
-1.976739
0.5781744
0.20684
1.335438
0.7248806
0.5152381
0.5224356
0.5474751
0.944841
0.460509
0.3288074
-0.05978546
-1.976739
-1.976739
0.3509592
0.2124828
-1.976739
0.4788488
1.192042
-0.1981027
-1.976739
0.502802
0.7793756
0.5724922
0.5963708
-0.09188523
1.457842
0.4693811
-0.1882079
0.898175
0.5228952
-1.976739
0.8273884
0.4862604
0.4727908
-1.976739
0.701701
0.3843449
1.365818
1.283468
-1.976739
0.3740505
0.03477660
0.9349486
-1.976739
0.1019130
0.506754
0.3982677
1.124774
0.1717591
0.3638567
0.9979522
1.238582
0.1860948
0.7300869
0.6661777
0.2840724
0.4085246
0.1308391
-1.976739
0.3545053
-0.2977883
1.352537
0.3509592
1.058405
0.4303992
-1.976739
0.6015595
0.4065963
-0.1367337
-1.976739
0.1662827
-0.04428685
-1.976739
-0.3526709
0.774345
0.8765946
-1.976739
-0.2348305
0.5179477
0.397438
0.4770652
-0.1729209
0.3833939
0.06998294
0.06324568
0.418958
0.1397945
0.8723194
0.709598
0.03654976
-0.4316286
-0.5385298
0.04512806
0.04989855
-0.4211829
0.81194
-1.976739
-0.04847418
0.4179734
1.181604
0.7916826
0.6056365
0.6595642
-1.976739
0.8409711
0.5482491
-1.976739
0.9040173
-1.976739
-1.976739
0.3509592
-0.1055182
0.1760493
0.3868266
0.494355
0.9689164
-1.976739
0.4415921
0.9117566
0.844044
0.2589635
0.821685
-1.976739
-1.976739
0.314795
0.2859512
0.6828906
0.6122826
0.2309368
0.9047687
0.6185292
0.5404142
-1.976739
0.7613187
0.2999761
-0.06830082
1.346281
0.6198167
-0.425665
1.302996
0.5438921
-1.976739
-1.976739
0.2330001
-1.976739
-0.2558276
0.4691361
1.022539
-0.2338641
0.5601004
-0.1239001
-1.976739
0.4136234
1.079631
-1.976739
-0.1875007
0.2671855
0.4437217
1.245476
0.04929748
-1.976739
-1.976739
-1.976739
0.7186949
1.069254
0.9929837
-1.976739
-0.1121523
0.8493778
0.05403478
-0.04536808
1.362698
0.008918203
0.1876671
-1.976739
0.5992953
-1.976739
1.277223
-1.976739
0.6823594
0.6255274
-1.976739
-0.1819984
0.5947843
0.3936037
0.7576192
0.306325
-0.2355094
1.657474
0.4876422
0.8221361
0.5416173
0.05090581
0.03071279
1.040853
0.1488990
-0.01749037
-1.976739
0.1178314
0.3764693
0.4354477
0.4131198
-1.976739
-0.2005836
-0.1397584
-1.976739
-0.306809
0.1432430
0.1217301
0.4514416
0.7650149
0.6533504
0.3052500
0.5942448
0.5541125
0.1319214
0.2851
0.6717581
-0.5374106
0.3802722
1.142951
0.8202382
1.498006
0.600568
0.150788
1.248850
-0.04407952
0.6708333
0.5318493
-0.09451535
1.206328
1.128796
-0.3649417
0.515692
-0.3829185
0.1052863
1.379278
-0.2272137
0.5829641
1.210075
0.05690932
0.692145
0.9120112
-0.4770693
-0.3033672
0.6784839
-0.06427472
-1.976739
0.1488463
0.09418319
-1.976739
0.1214525
0.579254
1.015380
0.6334116
0.8595798
0.8890071
-1.976739
-0.4211829
0.3509592
0.4118694
0.07603887
0.6394655
0.5304351
-0.2704332
1.152006
0.4740222
-0.07830692
-1.976739
0.4553077
-1.976739
0.6538786
-0.07447851
0.7695113
-1.976739
-1.976739
0.6569099
-1.976739
-1.976739
0.4193328
-0.3418134
0.8783832
-1.976739
0.207707
0.55942
0.7964274
0.761849
0.5947988
0.4938256
0.4279055
0.1723454
0.2854351
-1.976739
0.5946054
0.3509592
-1.976739
0.8636866
0.3611199
0.02003282
0.527697
0.527798
0.4183233
0.3694430
0.5106236
-1.976739
0.1515878
0.4654467
0.1394284
0.2261304
0.7788138
1.287554
-0.2467627
-0.4344353
0.9267564
0.379411
-0.2850832
-0.2013333
-1.976739
0.8918292
0.244734
-1.976739
0.3242491
0.07354764
-0.0463289
0.3573928
0.5595924
-1.976739
0.4511076
0.8720663
0.4190161
0.3590538
0.5285161
-1.976739
-1.976739
1.277507
-1.976739
0.5808534
-1.976739
0.2792562
0.6984128
0.1819333
0.8583334
-1.976739
-0.1182952
0.0992344
-0.006075377
0.3509592
-0.2116625
1.339935
1.107967
1.559631
1.558873
0.9476485
0.4222251
0.865313
-1.976739
0.8791236
-1.976739
-0.2823149
-1.976739
0.0783105
-0.002154777
0.2733473
0.9418155
-1.976739
-0.009531811
0.02065519
0.3595016
0.07477228
0.4540098
-0.0322128
0.8550165
0.6853504
-1.976739
-1.976739
0.6261734
0.9160631
-1.976739
-0.2094891
0.6231911
0.8200875
-1.976739
-0.1141247
1.153278
0.3747589
-0.1091981
-0.00885752
0.3059585
-1.976739
0.9835016
0.997203
0.1314283
0.5013788
0.4124357
0.3074816
0.8974535
-1.976739
0.7682832
-1.976739
0.6595515
-0.0710411
1.653099
0.428701
0.6851517
0.2567351
0.3509592
0.5704796
0.8584246
0.08559688
0.2381952
-0.1478975
0.3991810
0.05985199
1.049108
0.4483529
-0.447269
0.5400108
0.5354612
0.7168988
-0.0309973
1.045565
0.2103549
0.409127
0.4862016
-1.976739
-1.976739
0.4185298
-1.976739
-1.976739
0.520504
0.48728
0.5720114
0.5185725
0.3081399
0.5432245
0.2605188
0.8558356
0.7660547
0.8018833
1.164676
-0.1302557
1.180801
0.4687851
0.1150513
0.9127768
0.1762049
-1.976739
0.1364036
-1.976739
-1.976739
-0.1948368
-0.2027562
-1.976739
-1.976739
0.2023157
0.4376701
-0.1572321
-0.1770765
-1.976739
0.4959095
-1.976739
0.7515879
-1.976739
-0.08666545
0.4047245
0.7022154
0.4515833
0.5926017
1.147222
0.1614184
-0.3599865
0.8552191
-1.976739
-0.2724848
0.5894002
0.7866091
1.124362
0.576836
0.1469586
-1.976739
1.367841
0.8650889
0.5328445
0.03976944
1.147689
0.649099
0.382439
-0.4442984
-1.976739
-1.976739
0.03779135
0.1622806
0.2987531
0.7138058
0.002103963
0.690877
0.1565314
0.03234124
0.4235384
0.5515589
-0.2057993
0.6445257
0.1488990
1.169577
-0.4379938
-1.976739
0.6059494
0.4509611
1.609600
0.05523697
0.4441235
-0.06368602
-0.1644080
-0.02619997
-0.03722202
0.2327705
-1.976739
0.6323389
0.2756976
0.8787318
-1.976739
1.143853
-0.08195625
0.6384731
0.1020428
0.5539821
0.7627342
1.127337
-0.00868041
0.4466035
1.522327
0.77194
1.070306
-1.976739
0.04809052
0.8215246
-0.2114006
0.8309226
0.4248286
0.829757
0.1641593
0.2671336
-0.246967
-1.976739
0.5188233
-1.976739
-1.976739
0.4375583
-1.976739
-0.1183529
-0.07471589
-1.976739
-0.01110114
0.6902491
-1.976739
0.8120274
-1.976739
0.2136973
-0.3322018
-0.4866601
0.3894320
-1.976739
0.3509592
0.07734666
-1.976739
0.06071173
-0.07898364
1.029691
0.1831732
-1.976739
0.1110132
0.5193309
0.9018584
-1.976739
0.6898506
0.868491
0.3530794
0.5517872
-1.976739
0.6537095
0.09056945
0.0662847
0.1532477
-0.3543127
1.315414
0.6524868
-1.976739
1.351824
0.8180414
0.3776849
0.6045265
0.8171305
0.4613417
0.3739795
0.6513081
0.8129995
-0.2481969
1.336935
0.8186643
0.4119566
0.03527217
-0.6137849
-0.03993183
-1.976739
-0.2024206
0.04518380
-1.976739
-0.2378528
-0.1172597
1.573627
0.4780827
0.9834429
0.7793873
0.9271434
0.4051237
0.5861349
-1.976739
-0.555619
0.444251
0.6320013
-0.007268536
-1.976739
0.1726617
0.6448179
1.256826
0.570097
1.071381
0.7624112
0.54334
0.04314055
0.9851728
-0.02199075
0.5519188
0.5911381
1.483381
0.3857393
0.4553257
-0.1011484
-1.976739
-0.06978293
0.4602586
0.623074
0.3974264
0.006117813
0.5814336
-1.976739
0.5502108
0.3578647
0.4223136
-1.976739
0.01361626
0.9321095
0.442512
0.5176925
-1.976739
0.1818423
-0.1354231
1.028785
0.3560201
0.2745657
-1.976739
0.3959858
0.4371884
0.7614649
0.3568363
0.1837155
0.2676727
0.5701887
-1.976739
0.3200808
0.2749269
0.1048593
-0.1813868
0.7022004
0.5962868
-1.976739
0.8612125
0.1604027
1.587323
-1.976739
0.5011701
-0.1249074
0.3119560
-0.1547092
1.287330
0.7300869
-0.01815417
-1.976739
0.1765623
-0.2067375
-0.003119899
0.2256316
1.338151
-1.976739
0.9933454
-0.140967
0.5980534
0.8089393
-0.3766437
0.9177927
-1.976739
-1.976739
-1.976739
0.09705504
1.33064
0.7716575
0.724802
0.7288036
-1.976739
0.4214428
-0.06987588
1.002842
0.3509592
-1.976739
1.288674
0.296633
-1.976739
-0.2992023
-1.976739
0.3996822
-1.976739
0.3914171
0.6062527
0.6567265
-1.976739
-0.3404149
0.4147081
0.5659962
0.002002693
-0.3310102
0.5128401
-1.976739
-1.976739
-1.976739
-0.2384425
0.817161
-0.3174623
0.6145885
-0.1151459
0.5433946
-1.976739
0.9650334
0.4039748
-0.1688406
0.9755598
-1.976739
0.3683077
0.4231758
0.358978
0.1788491
0.3696405
0.1864666
1.096210
-1.976739
0.3509592
0.4905113
0.2498808
0.1260295
0.1972172
-0.1317200
-0.02421826
-0.3199942
0.008196736
0.1645037
0.3890401
1.011924
0.1752071
0.2736601
0.9867519
1.045229
1.335039
-0.09446348
1.029829
-1.976739
1.369300
0.6807516
0.225931
-0.1456720
0.4642969
-1.976739
-1.976739
0.4799146
0.3743728
-1.976739
0.5398535
-0.2127132
0.3037117
0.6185183
-0.3924765
-1.976739
1.410313
0.0625504
0.000885697
-0.1782028
0.5559148
-1.976739
0.5816053
0.3421387
-1.976739
0.09004517
-0.1356098
-0.1303166
0.4790955
1.552896
0.4345032
0.2014971
0.6383855
1.166537
0.0960574
0.4136883
0.04981668
0.3220161
0.6544333
1.377687
1.400558
0.1498980
0.6518279
0.4882562
1.708583
-1.976739
-1.976739
0.3022782
-0.1539646
-1.976739
1.139695
0.4265818
-1.976739
1.454626
-0.09229577
0.5612393
0.4881902
-1.976739
0.4089227
0.5631914
0.6777318
0.9416969
0.008983676
-0.1508106
0.4207521
0.4439345
0.1455725
1.390564
0.225931
0.3844434
-0.3399507
0.81049
0.8028111
0.9657395
-1.976739
1.131542
0.4753907
0.6397485
-1.976739
-1.976739
0.4318105
0.4936059
0.7189606
0.5360424
0.884961
0.4889653
-0.1738049
0.7102624
0.6156346
0.5457268
-1.976739
-1.976739
0.7161102
-0.1080382
-0.03064564
-1.976739
0.5034196
0.7802962
-0.00942521
0.1296559
0.3509592
0.02781172
0.75191
0.9803792
0.3194155
0.1065197
-0.09886265
0.2195577
-1.976739
0.3749196
0.5628603
0.1929698
0.04809052
0.5170652
-1.976739
0.958886
-1.976739
0.01028915
1.138372
1.498325
0.924565
-0.1410946
-1.976739
0.8514033
0.3509592
0.6196394
0.5840818
0.6278272
0.5491773
0.6865823
0.9462582
-1.976739
0.5196045
-1.976739
0.6245708
-1.976739
0.2588558
0.4551054
0.2574081
-0.1976098
-1.976739
0.5641653
0.7968614
0.2667804
-0.3771904
-0.03390978
-1.976739
-1.976739
0.02056194
0.860834
0.4866907
0.08487411
0.8239215
1.015651
0.4780624
1.781274
0.3545756
-1.976739
0.5646824
0.2514666
1.121725
0.5864586
0.8302244
-0.1445027
0.2019553
0.1332623
0.4498128
0.2421853
0.8006801
0.3726269
0.008819958
-1.976739
-0.01027944
0.5596659
-0.4252127
0.2398420
-1.976739
0.4076042
-1.976739
-1.976739
-1.976739
0.1384553
0.401288
0.1134530
-1.976739
0.1529029
-1.976739
0.5321145
0.2394197
0.6661144
1.287740
-1.976739
-1.976739
0.1355478
0.007703496
0.6947292
0.5796937
0.6763965
-0.4988623
0.2268269
-1.976739
1.145706
-0.1379261
1.589279
-1.976739
-0.05317218
0.2387494
0.5284285
1.282556
0.05047079
0.5852443
0.4492595
1.054756
0.3522707
0.5216074
1.181711
0.1608029
0.1777087
-0.08989452
0.934755
0.924794
-1.976739
-1.976739
0.9740643
1.157191
1.460965
-0.08771989
0.08255022
0.2526543
0.965956
-1.976739
0.5215137
0.5211888
-1.976739
1.288374
0.5339873
0.9079982
-0.3301206
-1.976739
0.3787992
-1.976739
-1.976739
-1.976739
1.188375
0.9111324
-0.07090095
0.3939228
0.1063288
0.6093445
1.560572
0.7911043
0.2010519
0.09052391
-1.976739
0.6014282
1.030803
-1.976739
-0.07686361
-1.976739
0.38143
0.2303508
1.167303
0.5438072
0.7302562
0.5536894
-1.976739
-0.2616437
0.6494573
0.6374503
1.184760
1.124205
0.942145
1.058968
-1.976739
-1.976739
-0.2612077
0.2633761
0.7199
0.02823275
0.3365686
0.3509592
0.3871433
0.3641467
0.9372138
0.05287998
-1.976739
0.677441
-0.2971484
0.3756189
1.09205
-1.976739
-1.976739
1.495736
0.2701032
0.3509592
-0.1641250
0.2648279
0.7991271
-1.976739
0.1936186
0.7523623
-0.06890175
0.4407355
0.6259211
1.028613
1.297671
0.4493611
0.7762497
1.018957
1.007207
0.5135417
-0.0698294
-1.976739
0.5661087
-1.976739
-0.3441638
0.5583912
0.4777983
0.6681666
0.6547795
0.02377211
0.1805491
-1.976739
0.1623633
0.75131
-0.1788058
0.01136049
0.2317644
0.3938696
-0.3625359
-0.3248558
1.058072
0.6533411
-1.976739
-1.976739
0.3815673
0.684115
-1.976739
0.5604976
1.056365
-0.06793182
0.2747865
0.5251361
-1.976739
-1.976739
-0.06848555
0.2253193
-1.976739
-1.976739
0.2419417
-0.2778147
-0.1770765
0.4445953
-1.012375
0.7287663
0.723563
-0.4756512
0.6180896
-0.6294791
-0.4339651
-1.976739
-0.1034036
0.5617548
-0.2184917
-1.976739
0.5954429
0.3150299
0.5118464
0.9752683
0.2573431
0.4844362
-1.976739
0.3560201
0.004954493
0.4008418
-0.04197557
0.05979978
0.4692840
-0.07043443
-0.3954249
0.434587
0.2777663
0.3710569
0.3515089
1.267563
0.8751682
0.8978359
0.7314905
-0.01260942
0.01511825
-0.0007831811
-0.1091427
-0.04070626
-1.976739
0.3689025
-1.976739
0.2892489
0.8501626
0.1815083
-0.1669711
0.4251269
0.02102779
0.4038675
0.8042276
0.3438643
0.5983699
-1.976739
0.1156019
0.5125756
0.8333899
1.385147
0.3826564
0.9836096
1.227225
1.056982
0.03357689
0.4229631
-1.976739
0.829998
-1.976739
0.4545199
0.305215
-0.1738049
0.3861858
1.149402
0.192652
0.1840612
0.9439843
-1.976739
-0.01878289
-1.976739
-1.976739
0.5060022
-0.02467403
0.5374312
0.5004507
0.5584111
-1.976739
0.9817479
0.4551593
0.4313711
0.4027972
-0.1446972
-0.2387379
-1.976739
0.2815361
0.06744853
0.5883958
0.03611503
1.023827
0.342473
-0.432327
-1.976739
0.8862093
0.4812078
0.8530419
-0.06554795
-1.976739
0.5196585
-1.976739
0.1570062
0.1242922
-1.976739
0.6188094
0.6961619
1.207874
-1.976739
0.8846559
1.047692
0.4613942
0.3627944
-1.976739
-0.08536678
0.6384432
1.328825
0.8876792
1.047054
-1.976739
0.3993366
0.6577896
0.02590727
-1.976739
-1.976739
0.5282759
0.3692125
-0.2706602
0.3441961
0.5237717
-0.05278409
0.4169257
0.9113912
-0.08661537
-0.2914705
-1.976739
-1.976739
0.6905318
0.8019976
-1.976739
0.9523529
-0.1978561
0.6328106
-1.976739
0.4081536
0.4156482
0.3521925
0.6372884
-1.976739
0.254989
0.1979245
0.6278313
-1.976739
0.7547347
0.5658066
0.9489952
0.6720273
0.3669936
0.4599903
-0.3295295
0.921545
0.5881097
0.4965612
1.336521
0.1947816
0.4592674
-1.976739
-1.976739
0.7575723
-0.02323392
0.918354
0.6134574
0.1931863
0.1462666
0.7706014
0.8165574
0.8037943
0.04973478
-1.976739
-1.976739
-1.976739
0.1061589
0.6483102
0.08214874
0.2147087
0.5623752
0.6395289
-0.2484026
0.5265446
-0.1181223
-1.976739
-1.976739
-1.976739
-1.976739
1.015303
0.4275143
-1.976739
0.580117
0.3630181
0.1452514
0.5355335
0.633619
1.296097
0.2524106
-1.976739
0.1462844
0.2654981
0.6345946
-1.976739
-1.976739
0.1391534
-0.3723176
0.1191185
-1.976739
0.4836413
0.4805581
1.331481
0.04370219
-0.3599865
-1.976739
-0.1188726
0.1880216
-1.976739
