2.047693
2.131797
2.430098
1.609438
1.266948
1.252763
1.731656
1.871802
2.197225
2.302585
1.515127
1.291984
1.769855
1.386294
1.791759
1.638997
2.189416
1.568616
1.7492
2.525729
3.218076
2.484907
1.987874
2.525729
2.523326
1.609438
1.648659
1.294727
2.374906
1.458615
1.808289
1.832581
2.233235
2.302585
2.186051
3.269189
2.302585
1.208960
2.322388
2.70805
1.791759
2.258633
1.321756
2.429218
1.223775
1.856298
3.091042
2.140066
1.098612
2.362739
2.367436
2.442347
2.034706
2.525729
1.321756
1.832581
2.169054
1.871802
2.621039
2.781301
1.704748
2.525729
2.564949
2.847812
1.791759
1.423108
1.752672
2.169054
2.221375
1.470176
1.609438
1.504077
2.014903
1.94591
1.832581
2.169054
1.252763
2.140066
2.564949
2.484907
1.871802
2.584752
1.321756
2.572612
3.258097
2.769459
2.917771
2.484907
2.302585
2.70805
2.639057
2.994732
1.884035
1.89762
2.407846
1.558145
2.637628
1.568616
2.237513
1.252763
2.358965
1.345472
1.94591
1.609438
2.302585
1.791759
2.471484
1.427916
1.255616
1.832581
1.909543
1.816452
1.252763
0
2.570320
2.525729
1.504077
2.484907
2.484907
1.321756
1.94591
2.890372
2.639057
2.197225
1.609438
2.242835
2.995732
2.733068
2.155245
2.264883
2.598979
3.100092
1.856298
1.757858
3.795489
1.928619
2.380472
2.014903
1.386294
2.079442
1.504077
2.618125
1.704748
2.037317
1.871802
1.94591
2.676215
1.757858
1.93586
2.079442
1.280934
2.014903
2.484907
1.658228
1.321756
1.658228
2.525729
2.420368
1.704748
1.381282
2.354228
1.208960
1.446919
2.598979
1.909543
2.598979
2.014903
1.269761
1.223775
3.020425
1.578979
1.965713
1.386294
1.578979
1.871802
2.590017
1.928619
1.321756
2.251292
2.899221
2.213754
1.294727
2.361797
3.113515
1.609438
1.410987
2.208274
2.014903
1.704748
2.574138
1.504077
2.968875
2.051556
1.558145
2.377693
2.197225
1.756132
3.128075
2.104134
1.832581
2.277267
3.022861
3.218076
2.079442
1.470176
2.525729
2.334084
2.041220
2.302585
1.280934
1.098612
1.832581
2.197225
1.208960
1.832581
1.7492
2.330200
1.208960
2.358965
2.140066
2.70805
2.224624
2.302585
1.791759
2.302585
2.169054
1.208960
2.420368
2.014903
1.386294
1.832581
2.079442
2.079442
1.530395
2.882564
2.302585
2.420368
2.014903
2.302585
1.252763
1.791759
1.704748
3.113515
2.501436
2.029463
2.237513
1.686399
2.169054
2.014903
2.484907
2.407846
1.94591
2.81241
1.047319
1.7492
1.629241
2.537657
1.453953
1.321756
2.362739
1.576915
1.7492
2.215937
1.547563
1.742219
2.302585
1.609438
2.467252
3.218076
1.704748
2.257588
1.609438
2.079442
2.128232
2.847812
2.039921
2.989714
1.373716
2.362739
2.223542
1.439835
3.218876
2.639057
2.484907
2.436241
2.498152
2.079442
1.208960
1.704748
2.014903
2.086914
2.460443
0.5596158
2.685805
1.386294
2.70805
2.008214
2.014903
1.52388
3.113515
2.631169
1.252763
2.302585
1.446919
1.609438
2.397895
1.850028
2.964242
1.726332
3.218076
2.251292
2.420368
1.321756
2.539237
2.397895
2.580217
2.417698
2.140066
2.862201
2.277267
2.577182
2.018895
2.054124
1.660131
1.704748
2.288486
2.759377
2.014903
1.232560
2.710048
1.791759
2.351375
1.418277
2.302585
2.525729
1.635106
1.599388
2.344686
2.995732
1.609438
2.246015
1.208960
1.667707
2.186051
1.504077
2.302585
2.302585
1.208960
2.426571
2.197225
2.266958
2.140066
2.420368
2.180417
1.446919
2.174752
1.83737
2.079442
0.6981347
1.504077
1.504077
2.1471
1.832581
1.742219
1.648659
2.014903
2.074429
2.251292
1.504077
2.285439
2.531313
1.252763
2.564949
1.713798
1.609438
2.351375
1.94591
2.772589
1.998774
2.70805
2.327278
1.94591
2.251292
2.65956
1.94591
1.686399
1.937302
1.470176
1.386294
1.609438
2.079442
1.252763
2.420368
2.420368
1.909543
2.586259
1.916923
1.609438
1.742219
1.658228
1.783391
2.744704
1.335001
2.169054
1.609438
1.871802
2.70805
2.653946
2.613740
2.399712
1.386294
1.704748
2.064328
2.772589
1.515127
2.442347
1.504077
2.755570
2.484907
1.704748
2.7985
1.208960
2.420368
1.252763
3.100092
1.94591
1.94591
1.558145
1.492904
2.994732
1.704748
2.564949
3.218076
1.386294
1.832581
2.196113
2.70805
1.515127
3.056357
2.140066
1.766442
2.351375
1.791759
2.484907
2.639057
1.386294
2.302585
1.715598
2.184927
2.197225
2.189416
1.609438
1.658228
2.890372
2.184927
2.489065
1.731656
1.609438
1.335001
1.704748
3.015535
2.503074
1.791759
2.251292
2.079442
1.871802
1.763017
3.146305
2.197225
1.928619
2.236445
1.94591
2.457021
1.609438
1.924249
1.65058
2.302585
2.302585
1.791759
1.609438
1.909543
1.832581
2.014903
2.60343
1.726332
2.155245
1.7492
1.791759
2.397895
1.89762
2.051556
1.906575
1.386294
2.138889
1.504077
1.208960
1.208960
2.525729
1.504077
2.140066
2.994732
1.427916
2.635480
1.658228
2.899221
1.94591
2.261763
2.70805
2.184927
3.100092
2.772589
3.218076
2.70805
2.70805
1.808289
1.832581
1.208960
3.113515
2.944439
2.079442
1.677097
1.252763
1.504077
2.788708
1.871802
2.014903
1.924249
2.197225
1.578979
1.446919
2.197225
2.055405
1.238374
2.261763
