12 0 1 24 0 42 3 3 1 1
12 1 0 12 0 30 3 3 1 1
18 0 0 5 0 29 3 5 1 0
12 0 0 4 0 22 2 5 1 0
13 1 1 1 0 20 3 3 1 0
11 1 1 17 0 34 3 4 1 1
16 0 1 6 0 28 3 2 1 1
12 1 0 5 0 23 3 6 2 0
12 0 0 10 0 28 3 4 1 1
16 0 0 7 1 29 2 1 1 1
8 1 1 45 0 59 3 4 1 0
12 0 1 42 0 60 3 1 1 1
17 1 1 6 0 29 1 3 1 0
12 0 1 15 0 33 3 2 1 0
12 1 0 1 1 19 2 6 1 0
13 1 0 1 1 20 3 4 1 0
12 0 1 18 0 36 3 6 1 1
12 0 1 16 0 34 3 6 2 1
12 0 0 3 0 21 3 5 1 1
15 0 0 10 0 31 3 5 1 0
17 0 0 31 0 54 3 5 2 1
12 0 0 14 0 32 3 6 2 1
12 0 0 37 0 55 3 6 3 1
14 0 1 19 0 39 3 4 1 1
13 0 0 10 1 29 3 6 1 1
17 1 1 1 0 24 3 6 1 0
18 1 1 13 0 37 2 3 1 1
11 0 0 16 0 33 3 6 1 0
12 0 0 24 1 42 3 6 3 1
13 1 0 8 0 27 3 6 3 0
10 0 1 44 1 60 3 6 2 0
14 0 1 12 0 32 3 5 1 1
12 0 1 15 0 33 3 3 1 0
14 0 0 22 0 42 3 5 1 1
14 0 0 13 0 33 3 6 1 0
17 1 0 32 0 55 3 1 1 1
16 0 1 0 0 18 3 5 1 0
16 0 0 9 0 31 3 1 1 0
17 0 1 26 1 49 3 5 1 1
16 0 0 12 0 34 3 6 2 1
7 1 1 15 0 28 3 6 2 1
12 0 1 5 1 23 3 4 1 1
12 1 1 6 0 24 1 6 2 1
12 0 0 17 1 35 3 6 1 1
8 0 1 29 0 43 1 4 1 1
12 0 1 6 0 24 3 3 1 0
14 1 0 15 0 35 3 5 1 1
12 1 0 2 0 20 1 3 1 0
12 1 1 28 0 46 3 3 1 1
12 1 0 34 0 52 3 1 1 1
12 0 0 36 0 54 1 6 1 0
12 0 0 19 1 37 3 6 2 0
12 0 0 20 0 38 3 4 1 0
12 1 0 9 0 27 3 6 1 1
12 0 1 41 0 59 3 4 1 0
18 1 0 14 0 38 3 5 1 1
12 0 0 9 0 27 3 6 1 0
10 0 0 30 0 46 3 6 1 1
14 0 0 21 0 41 3 2 1 1
14 0 0 16 0 36 3 1 1 0
16 1 0 29 0 51 3 5 1 1
12 0 1 14 1 32 3 3 1 1
12 0 0 25 1 43 1 4 1 1
18 0 0 5 0 29 3 5 2 1
12 0 1 19 0 37 3 3 1 1
11 0 0 4 0 21 3 4 1 1
16 0 0 3 0 25 3 4 2 0
10 1 0 19 0 35 3 4 1 0
14 0 1 13 0 33 3 1 1 1
11 0 1 20 0 37 3 4 1 1
13 1 1 6 0 25 3 3 1 1
12 0 1 7 0 25 3 6 2 1
12 1 1 16 0 34 3 3 1 1
12 0 0 7 1 25 3 6 1 1
9 1 0 30 1 45 3 6 1 0
13 0 0 18 0 37 3 6 1 1
8 1 0 8 0 22 2 6 2 1
17 1 0 3 0 26 3 3 1 0
11 1 0 18 1 35 3 4 1 1
12 1 0 20 1 38 3 6 2 1
11 1 0 39 0 56 3 4 1 1
12 0 0 16 1 34 3 6 1 1
15 1 0 4 0 25 3 2 1 0
10 1 1 38 0 54 1 4 1 1
14 0 0 21 1 41 3 6 1 1
17 0 1 13 1 36 3 5 1 0
14 0 1 13 0 33 3 6 2 0
14 0 1 10 0 30 3 5 1 1
10 0 1 25 1 41 3 4 1 1
16 1 0 10 0 32 3 1 1 1
11 0 0 13 1 30 3 6 1 1
14 1 0 44 0 64 3 2 1 1
12 0 1 24 0 42 3 1 1 1
12 0 0 1 0 19 3 6 2 0
12 1 0 28 0 46 3 2 1 1
12 1 1 2 0 20 3 3 1 1
14 0 0 14 0 34 3 6 1 0
9 0 0 16 0 31 1 6 2 0
17 0 0 7 1 30 3 5 1 1
9 0 0 47 1 62 3 4 1 1
16 0 0 9 0 31 3 5 2 0
11 1 1 25 0 42 1 2 1 1
12 0 1 10 1 28 3 3 1 1
12 1 0 4 0 22 3 3 1 0
18 1 1 13 0 37 3 1 1 0
16 1 0 8 0 30 3 1 1 0
12 0 0 26 0 44 3 1 1 1
14 0 1 24 0 44 3 4 1 0
10 1 1 37 0 53 1 4 1 1
13 0 1 4 0 23 3 2 2 1
10 1 0 41 1 57 1 6 2 1
16 0 1 16 0 38 3 5 1 0
9 0 0 48 0 63 3 4 1 0
12 0 0 24 0 42 3 1 1 1
13 0 0 9 1 28 3 6 1 0
13 0 1 16 0 35 3 3 1 1
12 0 1 15 0 33 3 6 2 0
16 0 1 14 0 36 3 5 1 1
17 0 0 13 0 36 3 2 2 1
16 1 1 13 0 35 3 6 1 0
12 0 1 32 0 50 3 1 1 1
18 0 0 15 0 39 3 5 1 1
16 0 1 16 0 38 3 5 1 1
8 0 0 33 1 47 3 6 1 1
14 0 0 0 0 20 3 5 3 1
12 1 0 32 0 50 3 2 1 1
16 1 1 28 1 50 3 5 1 1
16 0 0 33 0 55 3 5 2 1
14 0 1 4 0 24 3 5 1 0
14 0 0 22 1 42 3 4 1 1
16 1 0 16 0 38 1 5 1 0
18 0 0 8 0 32 3 5 1 1
12 0 1 45 0 63 3 2 1 1
16 0 0 14 0 36 3 1 1 1
14 0 1 1 0 21 3 1 1 0
8 0 1 22 0 36 2 6 1 1
12 0 1 40 0 58 3 3 1 1
12 0 0 3 0 21 3 6 1 0
12 0 0 12 0 30 3 4 1 0
7 1 0 44 0 57 3 6 1 1
16 0 0 21 0 43 3 4 1 1
12 0 0 43 1 61 3 2 1 1
12 0 1 21 0 39 1 3 1 0
15 0 1 11 0 32 3 5 1 1
8 1 0 27 0 41 3 6 1 1
12 0 0 5 0 23 3 2 1 1
16 0 0 18 0 40 3 1 1 1
13 0 0 5 0 24 3 2 1 0
12 0 0 26 1 44 3 4 1 1
12 1 1 14 0 32 3 3 1 1
12 1 1 43 0 61 2 4 1 1
12 1 1 23 0 41 1 3 1 1
18 0 1 18 1 42 3 5 1 1
12 0 1 45 0 63 3 3 1 1
12 0 0 9 0 27 3 6 1 0
10 0 0 15 0 31 3 6 1 1
12 0 0 43 0 61 3 2 2 1
12 0 1 28 0 46 3 5 1 1
12 0 0 20 0 38 3 2 1 1
14 0 1 6 0 26 3 4 1 0
14 0 1 12 0 32 3 3 2 1
16 1 1 14 0 36 1 2 1 1
13 1 1 0 0 19 3 3 1 0
16 0 0 8 0 30 1 1 1 0
10 0 0 13 0 29 3 6 2 1
12 1 0 16 1 34 3 6 1 1
12 1 1 20 0 38 3 3 1 0
12 1 1 12 0 30 2 3 1 0
8 0 1 49 0 63 3 4 1 0
16 1 0 14 1 36 3 5 1 1
9 0 1 16 0 31 3 6 2 1
14 0 0 17 0 37 3 4 1 1
16 0 1 20 0 42 3 4 1 0
10 1 0 13 0 29 3 6 1 0
11 0 0 17 0 34 3 6 1 0
18 0 0 10 0 34 3 2 1 1
14 1 1 10 0 30 3 4 1 0
12 1 1 17 0 35 3 4 1 1
9 0 1 46 1 61 3 4 1 1
17 1 0 14 0 37 3 1 1 0
12 0 0 7 0 25 3 6 1 1
11 1 1 8 0 25 3 4 1 1
15 0 1 33 0 54 3 5 1 0
15 0 0 12 0 33 3 1 1 1
14 0 1 17 0 37 2 3 1 1
12 0 1 15 0 33 3 3 1 1
13 0 0 16 0 35 2 3 1 0
12 0 1 9 1 27 3 4 2 1
16 0 1 2 0 24 3 3 1 0
12 0 1 33 0 51 1 4 1 1
14 0 0 14 0 34 3 2 1 1
12 0 0 9 0 27 3 6 1 0
16 0 1 6 0 28 3 5 1 1
12 0 0 8 0 26 3 6 1 1
11 1 0 28 1 45 1 6 3 1
16 0 0 7 0 29 1 1 1 1
12 0 1 42 0 60 3 5 1 1
18 0 1 37 0 61 3 5 2 0
14 1 0 17 0 37 1 6 1 0
18 0 0 27 0 51 1 5 1 1
11 1 0 37 1 54 3 6 2 1
12 0 0 33 0 51 3 6 1 1
17 0 0 18 0 41 2 5 1 1
18 0 0 33 1 57 3 5 1 0
8 1 1 37 0 51 1 4 1 1
17 0 1 13 1 36 3 5 1 1
13 1 1 28 0 47 3 3 1 0
13 0 1 8 1 27 3 3 1 0
10 0 0 20 0 36 3 1 1 1
12 0 1 6 0 24 3 4 1 0
6 0 1 43 1 55 2 6 2 1
16 0 0 4 0 26 1 3 1 0
16 0 1 27 0 49 3 3 2 1
7 1 0 43 0 56 3 6 2 1
12 1 0 1 0 19 3 6 1 0
12 0 1 15 0 33 3 3 1 1
15 1 1 10 0 31 3 5 1 1
11 1 0 3 0 20 1 6 2 0
14 0 0 25 0 45 3 6 2 1
12 0 0 13 0 31 3 6 2 1
12 0 0 40 1 58 3 6 3 1
12 0 0 19 0 37 3 6 2 0
16 0 1 7 0 29 3 3 1 1
13 1 0 7 0 26 3 6 2 1
14 0 0 22 0 42 1 1 1 0
12 0 0 30 0 48 3 5 1 1
12 0 1 8 0 26 3 6 2 1
12 1 1 30 0 48 2 1 1 1
12 0 1 10 0 28 3 4 1 0
12 1 1 46 0 64 3 6 1 0
13 0 1 30 0 49 3 3 1 1
13 0 1 15 0 34 3 4 1 1
12 0 1 43 1 61 1 4 1 1
6 1 1 33 0 45 1 6 2 0
13 0 0 36 0 55 3 1 1 0
10 0 0 12 0 28 3 6 3 1
17 0 1 10 0 33 3 5 1 0
14 0 0 2 0 22 3 2 1 0
14 0 1 24 0 44 3 3 1 0
12 0 0 34 0 52 3 2 1 1
12 0 0 9 0 27 3 6 1 1
12 0 1 33 0 51 3 3 1 1
16 0 0 22 0 44 3 1 1 1
14 1 0 10 0 30 3 6 2 1
12 1 0 20 0 38 1 6 3 1
16 0 1 26 0 48 3 1 1 1
12 0 1 18 0 36 3 3 2 1
13 1 1 10 0 29 3 3 1 1
16 0 0 10 1 32 3 5 1 1
17 0 1 24 0 47 3 5 1 1
13 0 0 13 0 32 3 3 1 1
12 1 1 26 0 44 3 4 1 1
14 1 0 21 0 41 3 1 1 1
12 0 0 1 0 19 3 6 1 0
6 1 0 45 0 57 3 6 2 1
8 0 1 21 0 35 2 6 2 1
17 0 1 13 0 36 3 1 1 1
12 0 1 38 0 56 3 4 1 1
2 0 0 16 0 24 2 4 1 0
16 0 1 6 0 28 3 1 2 1
15 0 0 1 1 22 3 1 1 1
9 1 1 34 1 49 1 5 1 1
12 0 1 44 0 62 3 3 2 1
8 0 0 19 0 33 3 6 1 1
12 0 1 16 1 34 3 6 2 1
12 1 0 20 0 38 3 2 2 1
12 0 0 12 0 30 1 6 1 1
16 0 1 6 1 28 3 5 1 0
17 0 1 5 0 28 3 5 1 0
12 0 1 11 0 29 3 6 2 0
12 0 0 23 0 41 3 6 1 1
12 1 1 26 0 44 3 3 1 0
12 0 1 9 0 27 3 3 1 0
13 0 0 17 0 36 3 6 2 0
15 0 0 31 0 52 3 1 1 1
12 0 0 19 0 37 3 3 1 1
12 1 0 13 1 31 3 5 1 1
12 1 1 9 0 27 3 4 1 1
12 0 1 45 0 63 3 3 2 0
16 0 0 5 1 27 1 5 2 1
8 1 1 39 0 53 3 6 2 1
14 0 0 4 1 24 2 4 1 0
5 1 0 44 0 55 3 6 3 1
12 0 1 11 0 29 3 5 1 1
12 1 0 3 0 21 3 6 3 0
12 1 1 32 0 50 1 3 1 1
16 0 1 17 0 39 2 5 1 1
12 0 1 0 0 18 3 4 1 0
12 0 0 12 0 30 3 6 1 1
12 0 0 17 0 35 3 6 1 1
13 1 0 17 0 36 3 5 1 1
16 0 1 42 0 64 3 3 2 0
12 1 1 5 0 23 3 4 1 1
14 0 0 16 0 36 1 4 1 1
12 1 0 8 0 26 1 3 1 1
12 0 0 42 0 60 3 1 2 1
12 1 1 25 0 43 3 5 1 0
16 0 1 22 0 44 3 5 1 1
12 1 1 36 0 54 3 3 3 1
16 0 0 17 0 39 3 5 2 1
16 0 1 17 0 39 3 5 2 0
12 0 1 25 0 43 1 3 1 0
16 1 1 4 0 26 3 5 1 1
12 0 1 20 0 38 3 3 1 1
12 0 1 28 0 46 3 6 2 1
16 0 0 13 1 35 3 6 2 1
12 0 0 9 0 27 3 6 2 1
16 0 1 11 0 33 3 5 1 1
14 0 1 32 0 52 3 3 1 1
16 0 0 18 0 40 3 1 1 1
12 0 1 25 0 43 3 3 1 0
17 0 1 32 0 55 1 3 1 1
11 0 0 11 0 28 3 6 3 0
16 0 0 15 0 37 3 5 1 1
8 0 0 42 0 56 3 6 2 1
16 0 0 10 0 32 3 1 1 0
18 0 0 19 0 43 3 5 1 1
12 0 0 8 1 26 1 6 1 1
16 1 0 13 0 35 1 5 1 1
15 0 1 9 0 30 3 6 2 1
12 0 1 38 0 56 3 1 1 1
14 1 0 1 0 21 3 3 1 0
17 0 0 7 0 30 3 5 1 1
8 0 1 38 0 52 3 4 1 1
12 0 0 3 0 21 3 6 2 0
15 0 0 13 0 34 3 5 1 1
18 0 0 7 0 31 3 5 1 1
12 1 0 38 0 56 3 6 1 1
12 1 0 2 0 20 1 4 1 0
12 0 1 24 0 42 3 3 1 1
15 1 1 26 0 47 3 4 1 0
12 0 0 4 1 22 3 6 1 1
12 0 1 4 0 22 3 3 1 1
12 0 0 35 1 53 1 6 3 1
15 0 1 6 0 27 3 3 1 1
12 0 1 5 0 23 3 2 1 1
9 0 1 42 0 57 3 6 2 1
14 1 1 15 0 35 3 3 1 1
18 0 1 19 0 43 3 1 1 1
12 0 1 14 0 32 3 2 1 1
12 0 0 13 0 31 3 6 2 0
16 0 0 3 0 25 1 3 1 0
12 1 0 14 0 32 1 1 1 1
10 1 0 27 1 43 3 6 3 1
12 0 1 3 0 21 3 1 1 1
13 0 0 34 1 53 3 5 3 1
12 0 0 22 1 40 1 6 2 0
12 0 1 7 0 25 3 3 1 1
12 0 1 13 0 31 3 3 2 1
10 0 0 27 0 43 3 6 3 1
12 0 1 38 0 56 3 3 1 1
12 0 1 25 0 43 3 3 1 0
12 0 0 41 1 59 3 6 1 1
14 0 1 19 1 39 1 3 1 1
12 1 1 29 0 47 3 2 1 1
14 1 0 41 0 61 3 1 1 1
12 0 1 38 0 56 3 6 2 1
12 0 1 19 0 37 3 6 2 1
13 1 0 0 0 19 3 4 1 0
12 1 0 16 0 34 2 6 1 0
11 1 0 14 0 31 1 6 1 1
14 0 1 14 0 34 3 5 1 1
14 0 0 2 0 22 3 1 1 0
18 0 0 3 0 27 3 5 1 1
12 0 1 24 0 42 3 3 1 1
12 0 0 17 0 35 3 1 1 0
14 0 1 12 0 32 3 4 1 1
11 1 0 29 0 46 3 6 3 1
13 1 1 0 0 19 3 3 1 0
12 0 0 23 0 41 3 6 2 1
12 0 0 12 1 30 3 6 1 1
12 0 0 35 0 53 3 3 1 1
12 0 0 8 0 26 3 6 1 1
11 0 1 45 1 62 3 4 1 0
12 0 1 14 0 32 3 4 1 1
13 0 1 14 0 33 3 1 2 1
11 0 1 12 0 29 3 3 1 0
12 1 0 12 0 30 3 5 1 1
14 0 1 15 0 35 2 5 1 0
12 0 0 39 1 57 3 5 1 1
14 0 1 26 0 46 3 1 1 1
11 0 1 16 0 33 1 3 1 1
12 1 1 39 0 57 3 3 1 1
14 0 1 32 0 52 3 2 1 1
7 0 0 42 1 55 1 6 2 1
16 0 1 10 0 32 3 5 1 1
12 0 1 7 0 25 3 4 1 0
12 0 1 3 0 21 3 5 1 1
12 0 0 6 1 24 1 6 2 0
16 0 0 3 1 25 3 6 1 0
12 0 1 15 0 33 3 4 1 1
10 1 1 33 0 49 3 4 1 0
13 0 0 14 0 33 3 6 1 1
15 0 0 5 0 26 3 5 1 0
12 0 0 22 0 40 3 3 1 0
16 0 0 11 0 33 3 6 2 1
9 1 1 30 0 45 3 6 2 1
12 1 0 6 0 24 3 6 3 0
18 1 0 7 0 31 3 5 1 0
12 0 1 8 0 26 3 3 1 0
13 1 0 9 0 28 3 4 1 1
16 0 0 10 0 32 3 5 1 0
12 0 1 16 0 34 3 4 1 0
11 0 1 36 0 53 3 4 1 0
14 0 0 0 0 20 2 2 1 0
12 0 0 28 0 46 3 6 1 1
16 0 0 26 1 48 1 1 2 1
11 0 0 15 1 32 3 6 2 0
16 0 0 11 0 33 3 5 1 1
14 1 0 12 1 32 3 3 1 1
13 0 0 0 0 19 3 6 1 0
12 0 0 10 0 28 3 4 1 1
16 0 0 17 0 39 1 3 1 1
14 0 0 20 1 40 3 6 1 1
12 1 1 4 0 22 2 1 1 0
16 0 0 16 0 38 3 2 1 1
11 0 0 2 0 19 3 4 1 0
16 0 0 4 0 26 3 5 2 1
18 0 0 23 1 47 3 5 1 1
12 1 0 20 0 38 3 4 1 1
14 0 0 19 0 39 3 5 2 0
13 1 1 2 0 21 3 2 1 1
16 0 1 3 0 25 1 1 2 0
14 1 1 6 0 26 3 2 1 1
12 0 0 26 1 44 3 6 2 1
3 1 0 55 0 64 2 6 2 1
17 1 0 2 0 25 3 5 1 1
12 1 1 10 0 28 3 2 1 0
10 1 0 27 0 43 3 6 1 0
12 0 0 23 0 41 3 6 2 1
11 0 0 18 1 35 3 6 1 1
12 1 0 19 1 37 1 6 2 1
16 1 1 5 0 27 3 5 1 0
11 1 1 25 1 42 3 6 2 1
12 1 1 6 0 24 3 6 1 0
12 0 1 15 1 33 3 4 1 0
18 0 1 11 0 35 3 5 1 1
13 0 1 33 0 52 3 2 1 1
13 0 0 32 0 51 3 1 1 0
12 0 1 16 0 34 3 5 1 0
18 1 0 12 0 36 3 5 1 1
12 0 1 29 0 47 3 3 1 1
13 0 0 31 0 50 3 3 1 0
12 1 0 5 0 23 3 3 1 0
18 0 1 31 1 55 3 5 1 0
12 0 0 4 0 22 3 6 1 0
12 0 0 11 1 29 3 6 1 1
14 1 0 5 0 25 3 2 1 0
12 0 0 18 0 36 3 6 2 1
12 0 0 16 0 34 3 2 1 1
8 0 0 47 1 61 2 4 1 1
12 0 1 0 0 18 3 3 1 0
16 1 1 2 0 24 3 3 1 0
16 1 0 38 0 60 3 5 1 1
8 0 1 29 0 43 1 4 1 0
16 0 1 6 0 28 3 5 2 0
14 0 0 2 0 22 3 6 2 0
12 1 0 5 0 23 3 6 1 1
12 0 1 4 0 22 3 2 1 0
11 0 1 24 0 41 3 3 1 1
17 0 0 3 0 26 3 5 2 0
12 0 0 19 1 37 3 6 3 1
4 0 0 54 0 64 3 4 1 1
17 0 1 14 0 37 3 5 1 1
12 0 1 8 0 26 3 3 1 0
12 0 1 11 0 29 3 5 1 0
13 0 0 3 0 22 1 4 1 0
17 0 1 25 1 48 1 5 1 1
12 0 0 20 1 38 3 3 1 1
17 0 1 15 0 38 3 1 1 1
12 0 0 8 0 26 3 6 2 1
10 1 0 9 0 25 3 6 3 1
12 0 1 43 0 61 3 3 3 1
16 1 1 4 0 26 3 3 1 1
12 0 0 8 0 26 1 3 1 0
18 1 0 10 0 34 3 3 1 1
16 1 0 14 1 36 3 5 1 1
16 0 1 10 0 32 3 5 1 1
12 0 0 8 0 26 3 6 3 0
12 0 1 39 0 57 3 3 1 1
12 1 0 12 0 30 3 6 1 1
16 1 1 7 0 29 2 5 1 1
12 1 1 27 0 45 1 2 1 1
18 0 0 14 1 38 3 5 1 1
13 0 1 2 0 21 2 3 1 1
12 0 1 18 0 36 1 3 1 1
12 1 1 21 0 39 3 5 1 1
17 0 1 3 1 26 3 5 1 0
14 1 0 14 1 34 3 6 2 1
16 0 1 10 1 32 3 5 1 0
12 0 0 23 0 41 3 6 2 1
12 1 0 2 0 20 3 6 2 1
12 1 0 7 0 25 2 4 1 0
12 0 1 24 0 42 3 4 1 1
12 0 1 7 0 25 3 1 1 1
14 0 0 0 0 20 1 4 1 0
12 1 1 10 0 28 1 6 2 1
12 0 0 11 0 29 3 6 3 0
7 1 0 14 0 27 2 4 1 1
9 0 0 38 0 53 3 6 2 1
9 1 0 29 0 44 3 6 1 1
12 0 1 27 0 45 3 4 1 1
18 0 1 14 0 38 3 1 1 1
12 0 0 2 0 20 3 6 1 0
18 0 0 7 0 31 3 5 1 1
18 0 0 33 0 57 3 5 1 1
9 0 0 33 1 48 3 3 1 0
14 0 0 22 0 42 3 2 1 0
16 0 1 22 1 44 3 5 1 1
18 0 1 40 0 64 3 5 1 0
12 1 0 35 1 53 3 6 2 1
18 0 0 29 0 53 3 1 1 1
12 0 0 33 1 51 3 6 3 1
18 0 0 12 0 36 3 5 1 1
12 0 1 33 0 51 1 5 1 1
16 0 1 7 0 29 3 5 1 1
12 0 0 0 0 18 3 6 1 0
18 0 0 14 0 38 3 1 1 1
18 0 0 13 0 37 3 1 2 0
14 0 1 15 1 35 3 3 1 0
12 0 1 13 0 31 3 4 1 1
11 0 1 33 0 50 3 2 1 1
12 0 1 3 0 21 3 6 2 0
12 0 0 14 1 32 1 4 1 0
12 0 0 8 0 26 3 6 1 0
11 0 0 3 0 20 1 4 1 0
14 0 0 34 1 54 1 4 1 1
13 0 0 8 1 27 1 6 2 0
12 1 1 14 0 32 3 3 1 1
12 0 1 2 0 20 3 4 1 1
16 0 1 6 0 28 1 4 1 1
12 1 1 1 0 19 3 1 1 0
13 1 1 1 0 20 1 4 1 0
12 1 1 14 0 32 3 3 1 1
