0.9174927
-0.9138783
0.158239
1.198499
0.8025623
0.4365416
0.9188674
-1.127116
1.111315
-0.8277601
1.203062
0.2329216
0.6197
0.8913362
-0.8195817
0.6753253
-0.2532467
0.6796231
-0.9505316
-0.2530079
-0.3840649
-1.343211
0.1170912
-0.1063489
0.3560024
0.9196237
-0.1090725
0.02649311
0.363101
0.6788842
0.1314654
0.2750275
-0.938877
-1.794444
1.988413
0.3350124
1.024414
1.985800
-1.471163
1.113759
1.280134
-2.337339
0.526042
-1.463787
0.9204288
-0.2502707
1.023708
-0.4607627
0.5245631
0.5238105
1.021875
1.200733
0.6076225
-2.597772
0.3625594
1.913413
1.888960
0.02414545
-0.4568714
-0.7062507
-0.4242275
0.2175737
-1.130775
0.2940826
0.3293516
0.3563326
-1.781239
-1.799462
-1.219636
0.3606396
-0.6837963
-0.4547799
-1.466423
0.02475227
-0.07799972
-0.4302624
0.6711886
-0.54136
1.111786
0.3685931
-0.1176637
0.8043316
-1.470154
-0.0798661
-1.376684
-0.06724781
-0.6901403
-0.6836164
0.6762015
0.5413697
0.6761479
-0.3859408
-0.6910483
-1.622657
-2.566035
1.206646
0.6829492
-0.6512776
-0.5425875
-0.8251486
1.974102
-1.122742
0.6723495
1.941360
-0.9509477
0.3010210
-0.09353374
1.016807
0.4483168
0.6780652
-1.783354
0.9211965
0.9170852
1.201284
-0.9441188
-0.4469891
0.4392857
0.3323803
-0.09071336
0.5344102
0.1556866
0.4465631
0.4547536
-0.6740128
-1.999435
0.9176065
-1.624408
-0.05555482
0.6776729
1.118720
-1.028791
-0.1158538
-0.6887863
0.6702672
0.6751627
1.124429
-1.795183
0.6785891
0.3537065
1.118694
-0.6935177
-2.436607
1.022367
0.2810104
-0.5430381
0.6772627
1.356289
-0.951897
0.1533893
1.158797
-0.1062622
-0.9433188
-1.030440
0.2752183
-0.9432626
0.1465519
0.1038003
1.018971
-0.5495003
-3.097921
-0.2762304
0.5333788
-0.6911311
-0.4508372
0.5330271
1.348470
-0.6910302
-0.4104802
0.4460903
1.822597
0.5255429
-0.385754
-0.9511375
-0.2718573
1.282017
0.02657188
-1.467548
0.1458274
-1.992133
0.2320649
0.3436646
-0.1164809
0.6750401
-0.1064796
0.5164638
-0.5394812
0.3275012
0.4430253
-0.3831792
1.021754
0.8040727
-0.2491434
-0.2482634
0.3561065
0.641822
1.201513
0.1707175
0.5280423
-1.006387
-0.3838516
0.1607999
0.9191404
0.8595596
0.6762201
-1.031300
-1.785826
0.5298144
-0.3829507
0.1455939
-0.9814055
-1.029528
-0.9219326
1.278656
-1.122203
0.9265241
-1.776071
-0.6949819
-1.118688
-0.6905464
0.6740939
1.117653
0.1529336
-0.1043842
0.02851975
-1.471422
1.355388
1.023092
1.137414
-2.566322
-0.2664936
0.5239293
0.1157550
-2.006188
1.035401
-0.2523158
0.1578309
0.3607788
0.3273333
0.3539557
-1.338504
0.1596417
-1.97823
0.2346603
1.927733
-0.2787302
0.1480956
1.283286
-1.776531
0.372407
-0.4608642
-0.2694996
0.3123843
1.356228
-2.343904
1.022883
1.354592
1.216762
1.355275
1.350768
-0.9547567
1.117683
0.9149675
-0.4281238
1.280970
-0.4629867
1.117326
0.6037141
0.2910352
1.938126
0.9156306
-0.544317
1.108674
-0.2436815
1.164689
1.894110
0.4444173
0.5270705
-1.789428
-0.2553995
-1.029043
0.2297653
-0.3806989
0.8017645
0.2321919
-0.694704
-0.7008203
0.2318829
-0.07954693
1.023550
-0.3877467
-2.24422
-0.05018594
-1.336833
0.1518603
0.2300462
0.6783543
0.107941
-0.6750596
0.0457566
-0.6872715
0.3632398
1.281686
1.279343
1.115429
1.119724
-0.1005317
0.02739921
0.1677511
-0.2484606
-1.968940
1.279031
1.349154
-0.5443574
0.8038946
0.8041566
-1.026887
0.3279246
-0.8296913
0.5300951
0.4441158
0.1626326
1.282661
0.919465
-1.79211
1.114504
-1.337278
-0.388702
-0.2638282
0.1444024
1.290579
0.3288864
0.2283242
1.021481
0.3576235
1.899170
-1.223721
-0.4560652
0.5300404
0.5247886
1.200230
-0.9449592
-0.4565311
1.113116
1.204305
0.1543378
0.8047387
-2.221395
-2.291626
-1.228633
1.357231
-0.9405367
-1.474541
0.5297708
0.2542136
-0.459056
0.174403
-0.4484571
-1.030361
1.206120
-1.345995
-0.2695856
-0.9982932
0.923179
-0.9434543
-0.6984481
-1.342028
-1.789383
-0.9077524
-1.323106
1.129426
-0.7589607
0.2313018
0.1440395
1.118067
0.1039979
-0.1109886
-1.621063
-0.9610243
0.1678896
-1.478474
1.117763
-1.223812
1.282666
-0.1111346
-0.9688467
-0.6942885
-0.0989498
0.8018095
1.360822
1.354606
0.8081611
1.920936
1.922496
-1.462765
0.2204968
0.8072888
-0.4639229
1.114322
-0.9399206
-0.2523817
0.800974
0.2808924
0.3718185
-1.798758
-0.1184361
0.2278239
0.6739712
0.02161340
-0.6908879
1.135200
0.8164704
-1.640672
-1.468894
0.918374
0.2324563
1.205031
1.360497
0.3134751
-0.3861391
1.206290
0.0297086
-1.996699
-0.458434
0.3556655
0.4446842
0.1491602
-0.3949342
-1.493920
-1.965010
0.02868728
-0.2540395
-0.6849328
0.4456938
0.5320718
-0.4202502
0.1591558
-0.8236701
-0.8266261
1.808144
-0.2612055
-0.2517559
1.018085
1.201149
-0.4480091
1.918562
0.9171686
0.6756544
-2.574268
0.5268964
1.910121
1.876309
1.206148
-0.4548664
-0.8284517
-1.768803
-1.027342
0.4208869
0.4427820
0.5318914
1.29365
0.02573872
1.842472
-0.6875758
1.265193
1.116623
1.357773
-0.08129284
-0.9749042
-0.4430048
0.4453634
0.4420735
-0.5496086
0.3553388
1.353725
0.8075015
-1.984754
0.5058476
-1.607219
-0.1199455
0.02506783
-0.6725475
-1.225235
1.355042
0.3598219
-0.8330239
-0.2705736
-1.334286
-0.9607184
0.1528365
-0.4550928
-1.123233
1.957864
0.1080305
1.351815
-1.226135
0.3248682
0.6023374
-0.6821169
1.023812
1.286773
1.114630
-1.613444
-0.9857832
0.8073391
0.5947544
1.126673
1.209396
1.283248
1.284318
-0.4123889
-2.535323
-0.4439271
-0.1138961
0.6050456
0.8056083
-1.125801
1.884391
-2.991919
-1.119844
-0.6867817
-0.8775392
-0.443587
0.1737561
-0.9949664
0.1521988
0.1669851
-1.617202
0.3324312
0.6783385
1.116601
-0.6906524
1.282366
0.6707543
0.1146921
1.200521
1.178529
0.5240067
-0.3855384
0.5359429
-1.029405
0.8056362
1.024361
-1.472127
0.1445406
0.2311673
-0.1020224
1.921893
-0.1106124
-0.6889722
0.7918799
-0.3772102
-0.1055238
0.6742842
-0.8261216
0.8153268
0.5241885
0.9211699
-0.1093965
-2.244675
0.4445378
-1.219031
-1.347954
-2.24408
-2.240590
-1.996368
1.201903
0.5235832
-1.788618
0.6059011
0.2334522
-2.605319
1.141338
0.02933651
-1.622332
-1.617278
0.528995
-2.355135
-1.031253
0.1977707
-0.467768
-1.129361
1.359573
1.200686
0.6764822
1.053432
1.920077
-0.4489441
0.1959610
-0.3808963
-0.9468178
-0.1064047
0.5221271
-0.6911337
0.9255005
0.7778847
0.2719283
-0.4555727
1.030760
0.3540958
1.147774
-1.120212
0.9208458
0.3576142
0.4461333
-0.1140840
-1.222759
0.5242738
0.02094241
-1.387447
-0.1096130
-1.786020
-1.231429
-1.992936
0.6037045
1.023191
-0.9396077
0.9177372
0.9193835
0.913828
-0.2507284
-1.992516
0.3697595
1.021257
-0.9414467
0.03256499
-1.793600
-0.5337299
-0.9462111
1.354799
1.281165
1.201503
1.202551
1.352940
0.2288879
0.1464542
1.202277
-0.672728
0.1483871
1.114475
0.5783388
0.6755036
-0.8274676
0.1599844
0.1521805
0.8036885
-0.9449592
0.5253215
-1.121280
1.030270
0.1389882
-3.121349
0.918764
0.4447126
-0.8651156
-1.224159
-0.9726646
1.355148
0.7237501
-0.9415853
-0.1215421
1.285329
-1.230377
-1.362048
-0.1176192
1.024515
-1.122832
-0.6932946
-1.595962
-0.07547653
-0.4468564
-0.05010388
0.3595423
-1.792336
-0.1255323
0.6735808
1.021739
1.030812
1.133419
0.917784
0.5242419
0.1536645
1.359549
0.329909
-2.002612
0.5360729
-0.9374039
0.1434217
0.9215372
-0.826452
-0.2523716
0.1501515
-0.1068278
-2.002566
-1.028662
0.326454
-0.9618146
1.276629
1.280593
0.1439070
-2.252741
-0.08643309
1.354938
-1.127159
-0.8246535
-3.092922
-0.3841668
0.6836401
0.5284632
-1.123123
1.118847
1.204341
-1.031153
1.889820
-0.2591325
-0.872442
0.2763552
0.5454818
-1.224181
-1.220357
-0.5399126
-0.09936985
1.350697
1.212575
0.6027009
0.0316647
0.5365748
-1.031329
0.6114662
-0.2515513
-1.971335
1.014964
0.8004184
1.350606
1.025467
0.5262012
0.798671
0.01335611
0.6785067
-0.4574512
-1.028396
0.1266005
-1.421544
0.8048663
-0.09854742
0.537733
0.7694066
-0.941295
0.3295673
-0.2654633
0.7846611
1.117589
-0.6831232
0.3496339
-0.6626405
0.6874891
0.2143829
0.5475182
1.111073
0.151444
1.019211
-0.3866477
1.213423
-0.4552761
-1.471978
-0.4545699
-0.6964456
0.4421944
-0.3870101
-1.025988
-1.223530
0.6766617
1.199113
0.6756984
1.116295
-0.4259936
-0.1156240
0.8055324
-1.336199
0.3583175
1.188575
1.358669
1.148278
-1.122903
0.3653249
-1.022692
0.6052719
-0.1140174
-2.243230
-0.09871798
1.837908
0.6700367
1.281733
-1.226865
-0.9464266
-0.6921825
-0.9495304
1.346052
-0.941803
0.3558457
-1.440731
-0.08637834
-1.336906
-0.2727836
-0.8237349
1.130532
0.3354078
0.4270465
0.529164
1.019965
-0.9533509
0.3314169
-1.029668
0.02221133
-0.2672555
0.6049416
-0.3937829
-2.002206
-0.9395682
0.9240052
-1.122419
0.5917928
-0.4703875
1.117926
-0.2635545
0.5312732
1.020648
-0.6856998
0.8019813
-0.382824
-0.9937026
0.5000067
-0.415531
1.281855
1.357571
1.119019
1.289354
0.525609
-0.4556119
-0.2735466
0.9228865
0.3316206
-0.824851
-0.6938732
0.2321898
1.103335
0.598406
1.118236
-0.4557025
0.02379206
-0.08768718
0.3347825
-0.09038215
0.6726146
0.9216945
0.331952
0.5298033
0.5265154
1.021482
-1.178729
-0.252578
-1.028662
-1.340056
0.02638722
1.201767
-2.582081
-1.307210
0.1638451
1.113305
-1.490253
-0.8329793
0.6019707
0.1483080
-1.495639
0.6795463
0.6004857
0.4330144
0.5288649
1.205062
0.443453
-0.5435517
0.9169495
-1.472552
-0.2713023
-1.124020
-1.225965
0.2646094
0.5998495
-2.267537
1.949955
-0.267343
-0.9403686
0.4929605
0.3601547
-2.258551
0.2313388
0.6739608
0.008878828
1.848737
0.1065893
0.2263588
-0.6893752
1.205861
0.4452851
-1.474066
-1.228572
0.67805
-0.4699236
-0.5401652
1.182167
0.6459871
-0.8272432
0.5370702
0.1595611
-0.694304
0.5282933
1.019773
-1.497735
0.6050825
-2.063671
-0.3858522
-0.8317981
0.915671
0.6730896
-0.6857976
-0.2565115
1.106078
0.1457653
1.355383
0.8058547
0.6752082
0.2299752
-0.6891685
1.091716
-0.433877
-1.615483
1.203337
1.352756
-1.336959
1.199738
1.284376
0.1513319
0.9198514
-0.9451314
-1.330033
0.6786996
-0.4548458
-0.6263963
-0.1080039
-1.456742
-0.4038362
1.185297
-0.0964084
-0.5440656
0.1613507
-1.252812
0.1839199
1.140562
-1.471510
-0.09767176
-1.45827
-0.2528353
1.282381
-1.376689
0.5275243
-0.944324
0.3332728
1.116843
-0.07136249
-0.8274706
0.6756613
-0.6947299
1.118155
0.8025276
0.3362279
0.5251511
0.5268502
0.5266061
-0.6967708
0.4529229
-1.615514
-0.1037540
0.5993226
-0.6858877
0.673996
1.279193
-0.1112984
-1.237494
0.6537316
-0.4295289
-1.475741
-1.220867
-2.269674
-2.580950
0.01814737
0.5302275
0.680421
-1.404887
-0.3848668
-0.1038683
1.908724
0.6736546
-1.225852
0.1515778
-1.469411
0.1456215
0.3283593
-0.9575908
0.4459235
-1.808677
1.203084
1.288964
-1.225505
-0.07955981
0.1559201
0.5343116
0.5299817
-1.619726
0.6739326
0.5024799
0.3215788
-0.9348867
-1.589261
-0.9428133
1.116054
0.348763
-1.345004
0.01683564
0.2316480
-1.993540
0.02898103
0.233188
0.5987924
-1.030901
-0.1173623
0.9169403
0.4438848
0.801553
0.3483055
1.357715
-0.2639890
-0.9411367
-1.473425
-1.122309
-0.4134503
-0.4375002
-0.2662535
-1.230456
-0.2503011
-2.320561
1.211107
-1.966791
0.1468553
-0.1134316
-1.334518
-1.228262
-1.784004
-2.250311
1.024165
0.2768254
0.674451
-0.0966979
0.1408716
1.345032
0.2799382
1.278482
0.2309449
-0.08230535
1.201706
1.114709
1.282306
-1.994326
-0.1023486
-0.08649215
0.6708656
-0.8774151
-2.585499
-0.6811808
1.191709
1.200600
-0.6768883
0.6773493
1.204110
1.202465
-0.8309708
-0.6870111
-1.124509
0.5301316
1.867148
-1.335697
-0.6811962
1.352256
-0.5430269
0.919167
0.65145
-0.9624642
0.2211707
-0.3901802
0.7701776
-1.225844
0.3518569
-1.224307
-0.3903871
1.355732
0.1554439
-0.4564899
0.3267089
0.5280948
0.01896716
1.022479
0.5244874
1.015387
0.8020422
-0.1143429
-0.4633665
-1.472613
-0.6734783
0.4431986
-0.08229531
-2.247887
-2.541912
-0.6901481
-0.4540700
0.1638971
-1.027292
-1.452960
-0.3852381
0.02062948
0.9186493
-1.336441
0.7840365
0.1820291
-0.1035534
-0.8280467
-1.614482
-1.473436
0.6204236
0.8081466
0.6129231
1.021472
-0.1035563
1.282904
-0.2437687
0.1517231
1.353096
-0.841283
0.6738167
-0.2587273
0.9234888
1.357243
-0.08087435
0.4419518
1.356133
-2.396822
1.283197
-1.340833
-0.2656158
0.532226
-0.4538643
-0.4436563
-0.2600083
-1.033346
0.1461138
0.6030038
-2.247699
1.114366
-1.342155
0.03588577
-0.939588
0.8076742
1.930059
-1.007522
0.1471058
1.022651
1.875497
-0.1032487
0.8043493
-1.781782
1.352767
0.607768
-0.3909191
-0.2662330
0.1702470
1.212109
1.118381
-0.2690318
1.077947
-0.05284597
0.8251494
0.7150652
0.917108
1.116623
-1.027066
0.7718566
0.8152095
0.6791196
1.119577
1.113745
1.916749
-1.775094
-0.2688118
-1.342889
-0.672423
0.9320806
-0.0955142
0.8025963
-1.041659
1.116268
0.6019884
1.023746
-0.08329445
-0.9420737
-0.2627834
-1.218768
0.3327911
0.1515195
-0.4374678
0.1792509
-0.2421709
-1.470892
0.4232713
1.174301
-0.999001
0.03033146
1.878785
0.1485042
-0.4436705
-0.958781
-0.1093876
0.1103653
-0.3878702
-0.1153484
-0.2606954
1.280599
1.861039
-0.6853574
0.8081157
-0.5405656
1.014626
0.3504417
0.5972479
-1.034328
-0.9957102
1.285842
1.204693
1.355305
1.116587
0.6855858
1.897336
1.281711
0.02756305
-1.344409
-0.9245059
-1.339566
1.281664
-0.2768210
0.528695
1.136267
1.204242
1.282157
-0.952407
0.9137132
0.3341425
1.203026
-2.296544
-0.9433816
1.112492
0.02745339
-1.028285
-1.583819
-0.827376
0.3151293
-0.8273524
-0.5523111
1.107916
-0.3884028
-1.46879
1.355918
-1.62709
1.280748
1.019493
-1.982934
0.6764093
-1.614418
-0.5345902
1.355586
1.362470
0.6733994
-1.348634
1.202517
0.02672294
0.5305413
-0.9797096
1.808058
0.6039046
1.281446
1.118244
0.2638648
0.9187064
-0.4719937
-0.4139172
-1.124985
0.1369238
0.02912272
1.281307
0.5199272
0.6752371
0.6837234
0.1146802
-1.779707
-0.1031228
0.915617
0.9184235
0.6008055
0.2314659
-0.3874516
0.121616
0.5317608
1.205963
0.3614847
1.019227
0.4486694
0.9201431
-0.6760488
-1.32734
0.8056314
-0.5313239
-0.1152892
0.808158
-1.777939
0.5259608
0.6728618
-1.957973
0.1905073
0.1698346
0.919552
1.352067
-1.618574
0.5100243
0.6875823
0.8042137
0.5291704
-0.544207
0.6786687
-1.613773
0.3864352
2.058043
0.6712404
-0.4654755
-1.340935
-1.972902
-0.1093007
-1.993174
0.5660562
1.022462
0.5260993
1.203499
-1.438726
0.1476238
-0.2515615
-0.9399568
1.244869
-0.2705443
0.4452877
-0.829937
0.4540712
0.5263643
0.1545876
1.959737
-1.337758
-0.5495613
-0.8267088
0.5229456
-0.2532484
0.8480022
-1.468488
-0.2788239
1.357863
0.08253554
-0.9434246
1.279398
-0.3744529
1.355146
0.5430494
-0.692211
-0.1147649
-0.688146
-1.472232
-0.4629141
-0.4389081
0.1422219
0.1472425
-1.120923
0.1482701
0.6045132
0.5234611
-0.2701742
0.1131296
-0.8201593
1.022488
-0.09024911
0.6749871
1.201761
-1.617024
0.8075046
-0.6847527
0.1096043
-0.8989747
-0.823732
0.1801036
-1.224853
-1.61998
-0.9462078
0.1487382
0.5334673
-0.1003565
-0.8244768
0.6768859
1.827061
0.3567875
-1.335474
1.142002
-1.226022
0.4815918
-0.5424015
1.223535
-0.539555
1.106837
0.2314542
1.352833
0.1425635
-0.6809143
0.2307341
-0.880318
0.1474309
0.3559883
0.2303452
0.677914
1.353792
0.82559
-0.4534325
0.5226287
1.212695
-1.120660
-0.2509750
-0.3795099
-0.08571735
-0.4167564
-1.989652
0.1606581
1.022207
-1.338106
-2.562523
-0.1185610
-0.8960127
-1.122761
0.4194373
1.883928
0.6025147
0.2321104
-0.2674546
0.1132340
1.056932
0.6717954
1.202311
0.4027498
0.3316485
-1.790381
0.1440072
-0.4447117
-2.005494
-3.067091
-0.8240705
1.113774
0.2746285
0.2221594
0.6729778
-1.123229
1.281706
-0.9465492
0.146376
0.919672
0.2339096
-1.230010
0.9178248
1.023019
-1.619866
0.5280161
-1.991375
-0.1115995
0.3620548
-1.611523
0.6720635
0.4438857
-0.5380231
-0.5428767
-0.4627461
-0.2558339
0.807945
0.5263173
0.1447306
0.2276496
-0.94114
-0.3999464
1.118778
-0.2467159
-1.028063
-0.08464108
0.2310169
1.934562
1.200480
1.281211
0.6724655
0.3573687
-1.623947
0.8420764
1.117316
0.1240167
-1.611106
-0.6854063
-2.219516
-0.1183113
-0.9890805
0.7020489
0.5805364
0.02713727
-1.343386
-0.9887765
0.1459459
-0.3842322
-0.5455345
-0.5513658
0.920463
-0.1075892
0.02534451
-1.791298
-0.6874004
-0.2489410
0.8060476
0.1498273
-0.6730662
-1.122262
0.9184507
0.1813980
1.196226
0.9383788
-2.247933
0.806998
-0.2473757
-1.118347
0.2499682
1.203587
-1.007104
0.3533030
0.803169
0.6733966
-1.030257
-1.390434
0.143794
0.1464185
1.280875
-0.5378959
1.929455
-1.467526
0.6851385
0.8071749
1.025894
0.6052254
0.3339153
-1.029955
-0.3856789
-0.9426647
1.115980
1.934908
-0.8777562
0.6773472
-1.983205
0.3520566
1.019011
0.3308315
0.02421145
1.024903
0.3516637
0.5289855
0.3300909
-0.2637957
0.1400714
-0.675906
0.5287244
0.1845704
-1.610904
0.4824439
-0.1109443
-1.319802
-0.08308765
0.1506371
0.3266037
-0.1064634
-0.2616902
0.02386326
-0.4604667
0.6816907
-1.028145
0.9774047
0.3081695
1.023826
0.3590906
0.2319337
-0.941704
0.8020112
-1.342568
1.111713
-1.340391
-0.1111332
0.2960645
1.887000
-0.5429618
0.3683669
1.206771
-0.2730373
-0.9685791
-0.1163326
1.970763
0.1536725
0.6717623
-0.08133441
0.4460955
0.5250595
-0.2482499
-0.4459926
0.6786289
1.355962
0.600228
-1.991110
-0.2499702
-0.4317631
-0.9648437
-1.470066
-1.340221
-1.466417
-0.1127634
0.5299001
-1.781395
1.241303
1.795292
-0.257754
0.5377747
-1.998847
0.6085383
1.287
0.9184279
-1.352464
-0.5403822
0.6822039
-0.1109325
0.6776935
-1.594725
1.360871
0.6719716
-3.033418
-1.617589
0.1436499
0.3081076
-1.131734
-0.08762804
-1.224267
0.2752731
-0.3870293
0.801929
-2.472955
0.5330729
0.6736381
-0.8175289
1.353534
-0.8237496
0.1569710
-0.461297
-0.700251
-0.9790354
-1.229273
-0.3853305
0.3076317
-0.889383
0.3295345
1.281169
0.8014025
-1.621139
1.865631
1.03353
0.9169528
-1.788536
0.6774798
-0.427442
1.022522
-1.445117
0.3258735
-1.124985
-1.017129
0.603757
1.202300
0.8057546
-2.360613
1.113810
0.3467871
-1.784257
0.2845643
-0.1174618
1.282305
0.1476904
0.5358948
0.4509965
-1.615692
-0.9362807
-0.6660628
0.6046401
0.3558109
0.5350644
0.2265716
0.5982969
-1.125928
1.284107
1.893764
0.2308919
-0.5416331
-0.6854217
1.889112
0.6750263
-0.8271132
0.3485796
-0.6911984
