17
24.3
21.5
27.3
25.3
5.6
15.9
24.9
9.4
21.2
18.3
16.6
3
32.6
22
25.4
13.8
3.9
14.1
8.8
19.2
15.1
12.1
13.9
29.4
15
25.8
14
20.5
8.8
24.8
3.7
18.1
23.1
27.3
20.4
24.4
13.8
19.5
30
30.4
9.4
34.3
7.1
8.5
13.9
20.8
27.1
14.9
16.1
21.5
21.8
9
23.6
17.5
18.2
14.6
9.6
25.8
22.2
18.1
20.9
19.7
16
7.7
10.1
26
8.6
19.2
4
12.4
31.4
20.3
7.5
40.1
9.6
22.6
22.9
22.1
31.9
33.6
16.9
5.7
28
10.4
5.2
13.5
11.5
26.8
35.2
26.6
10.8
6.3
10.6
14.9
12.3
23.6
15.6
18.5
24.7
23.6
32.8
5.3
20.4
8.3
17.3
26.1
18.3
6.3
22.4
31.6
29.3
30.2
25.8
12.4
29
29.9
34.5
26.7
10.8
22.5
7.1
22.8
11.8
29
30.7
19.2
19.6
12.5
32.9
15.2
9.4
24.5
8
27.9
17.4
47.5
21.3
17.5
24.2
8.8
22.1
21.2
10
25.3
25.2
24.4
21.4
22.3
10.9
21.3
17
22.7
20.9
25.3
27.2
11.8
32.3
32.6
6.6
29.9
10.3
16
0.7
26.1
29.6
13.6
20.8
6.6
11
13
7.9
26.7
20.5
22.9
20.4
11.7
14.9
32.3
32
20.5
28.4
13.6
28.7
26.6
28.7
27.2
17.7
29.8
18.8
14.7
23.3
16.5
11.5
16.5
31.2
20.1
27
16.9
6
21
12.9
12.4
32.9
25.2
22.5
15.4
6.1
13.1
22.2
38.1
19.5
20.4
15.2
18.4
35
11.9
24.6
16.5
3.7
12.5
34.8
26
19.1
7.8
11.4
24.9
28
17.3
14.2
25.5
27
18.7
16.7
10.2
22.1
4.1
21.8
31.5
18.6
19.3
11.3
12.2
17.8
9.9
17.7
14.8
20.1
8.5
17.4
0
18
