-0.2570033
0.6152905
0.2807121
0.9737674
0.7347828
-1.619215
-0.3884448
0.6869859
-1.165145
0.2448644
-0.1016633
-0.3048002
-1.929895
1.607077
0.3404582
0.746732
-0.6393786
-1.822352
-0.6035309
-1.23684
0.00587978
-0.4840386
-0.8425155
-0.6274294
1.224701
-0.4959879
0.794529
-0.6154802
0.1612198
-1.23684
0.6750366
-1.846251
-0.1255617
0.4718997
0.9737674
0.1492705
0.6272397
-0.6393786
0.04172747
1.296397
1.344193
-1.165145
1.810213
-1.439977
-1.272688
-0.6274294
0.1970675
0.949869
-0.5079371
-0.3645463
0.2807121
0.3165597
-1.212942
0.5316459
-0.1972571
-0.1136125
-0.5437848
-1.141246
0.794529
0.3643567
-0.1255617
0.2090167
0.06562593
-0.3764956
-1.368282
-1.0815
0.8184274
-1.260739
0.00587978
-1.810403
-0.8066678
1.463686
0.1373213
-1.39218
2.503269
-1.141246
0.4121536
0.4480013
0.3524074
1.523432
1.726569
-0.2689525
-1.607266
1.057412
-1.045652
-1.667012
-0.6752263
-0.9142109
0.9140212
1.917757
0.8901228
-0.9978555
-1.535571
-1.021754
-0.5079371
-0.818617
0.5316459
-0.4242925
-0.07776483
0.6630874
0.5316459
1.630975
-1.655063
0.1492705
-1.296586
-0.2211556
0.8303766
-0.1016633
-1.535571
0.3882551
1.487584
1.212752
1.320295
0.794529
-0.8066678
1.176904
1.284447
1.834112
0.902072
-0.9978555
0.4002044
-1.439977
0.436052
-0.8783632
1.176904
1.380041
0.00587978
0.0536767
-0.7947186
1.642924
-0.4720894
-1.165145
0.639189
-1.332434
1.045463
-0.2092064
3.387512
0.2568136
-0.1972571
0.6033413
-1.23684
0.3524074
0.2448644
-1.093449
0.7347828
0.7228336
0.6272397
0.2687628
0.3763059
-0.9859063
0.2568136
-0.2570033
0.4241028
0.2090167
0.7347828
0.9618181
-0.8783632
1.571229
1.607077
-1.499723
1.284447
-1.057602
-0.3764956
-2.204728
0.8303766
1.248600
-0.6632771
0.1970675
-1.499723
-0.973957
-0.7349725
-1.344383
0.902072
0.1612198
0.4480013
0.1492705
-0.8903124
-0.5079371
1.571229
1.535381
0.1612198
1.105209
-0.6632771
1.141057
0.8901228
1.141057
0.9618181
-0.1733587
1.272498
-0.04191714
-0.5318355
0.4957982
-0.3167494
-0.9142109
-0.3167494
1.439787
0.1134228
0.9379197
-0.2689525
-1.571419
0.2209659
-0.7469217
-0.8066678
1.642924
0.7228336
0.4002044
-0.4481909
-1.559469
-0.7230232
0.3643567
2.264284
0.04172747
0.1492705
-0.4720894
-0.08971406
1.893858
-0.866414
0.6511382
-0.3167494
-1.846251
-0.7947186
1.869960
0.8184274
-0.00606945
-1.356332
-0.9261601
0.6869859
1.057412
-0.2211556
-0.5915817
0.7586812
0.9379197
-0.05386637
-0.2928510
-1.069551
0.3524074
-1.798454
0.3165597
1.475635
-0.0658156
0.01782901
-0.9381094
-0.8305663
-0.1614094
-1.105399
-0.1733587
-0.5198863
0.1134228
-1.272688
-0.2092064
-2.288372
-0.1375110
