-1.655703
-1.683150
0.5850585
-1.440431
0.7121224
-0.7645995
1.834423
0.09819945
0.871303
1.297895
-1.729735
0.4005479
-1.321609
0.7459737
-0.3590174
0.06422544
-1.141797
-1.141797
-0.7588632
0.9542067
-0.5327401
2.119106
-1.536599
1.123935
0.2825641
1.077170
0.1658851
-0.870985
0.9594416
-1.861075
-1.117418
0.9288328
-0.5919383
-0.5075899
-0.7848168
-1.298681
1.003752
0.6650088
1.018917
-0.6803631
-0.964483
1.082007
-0.4926654
-0.03617142
-1.452715
-0.6531159
1.626957
1.608022
0.844545
0.4629588
-0.01146209
1.357098
-0.3293657
-1.566808
1.372339
-0.5327401
1.493397
0.2128676
-0.04192403
-0.4198364
0.6332445
0.5162098
-0.2671295
-1.083116
0.7709001
0.844545
1.203611
-1.669380
-1.029479
1.066474
-1.198704
-0.0001758964
-1.337045
-1.428223
-1.593068
1.163833
1.317061
1.758545
-0.02472322
0.6712874
-0.3498412
1.203611
-1.777406
-0.1570549
-0.5841071
-1.016301
-0.6289335
0.2777942
-0.5428983
1.034932
0.438566
1.500005
-1.162942
1.094514
-0.07293125
0.5489714
1.058648
-0.2432648
0.1367115
-0.7906337
0.4400109
1.044858
0.2601878
-0.6450197
0.6874979
1.349013
-0.1529558
1.400800
1.612779
0.3570877
-1.536599
1.046836
1.513858
-0.06707504
-0.6103426
0.7884692
-0.7732372
1.403929
-0.04000437
-0.3751898
-0.1225150
1.092596
-0.6721466
-0.2218456
1.047823
1.022936
-0.3521308
-0.5841071
0.01847183
-1.093343
1.246722
1.301246
1.218707
-0.01524061
1.618197
-1.209563
0.3479523
-1.610767
1.009836
-0.1084887
-0.636959
0.864656
-0.7732372
1.205395
0.88561
-0.9837498
0.3015089
-0.2070054
0.8104486
-0.6721466
-0.6316048
1.521097
-1.272265
-1.683150
-0.4926654
0.5079158
-1.440431
-1.283543
1.000701
-0.6450197
-0.6803631
0.1895394
-1.481675
-0.7445994
-0.2780844
-0.6996784
-1.198704
-0.3751898
0.8366545
-0.4365688
-0.4926654
-0.7732372
-0.5001123
-0.4127127
-1.360427
1.071345
-1.187906
-1.637609
-0.9047326
0.8812216
-1.715647
-1.655703
1.479351
0.5863798
0.8690905
0.8921695
0.8218957
0.351003
0.0569863
0.503753
-0.7935489
0.7907972
-0.4079792
0.1262942
-0.1529558
1.349013
1.286109
-1.494217
-1.246202
1.403929
0.88561
-0.7360934
