34 3 152 102 68 185 300 3 0 3 195 280 180 0 0 0
36 3 120 90 67 188 220 5 1 4 125 189 182 0 0 0
58 2 122 72 69 135 210 3 1 4 130 245 136 1 64 1
42 1 110 70 71 162 190 3 1 3 155 174 187 0 0 0
26 1 110 80 70 206 260 3 1 3 130 325 231 1 0 0
45 3 130 100 72 168 252 5 0 1 150 234 176 0 0 0
39 2 164 110 66 245 220 4 0 1 145 258 194 1 0 0
55 1 140 82 69 145 199 3 1 2 176 218 155 0 65 1
59 4 160 100 72 206 269 5 1 3 150 291 198 1 67 1
64 1 144 95 66 191 244 1 1 2 198 227 187 2 0 0
47 3 104 80 73 177 390 3 1 1 110 339 189 0 0 0
53 4 100 80 71 199 209 2 1 1 110 220 185 0 63 1
26 3 118 80 65 120 328 2 1 3 132 354 137 0 63 1
64 2 135 85 64 189 185 1 1 4 140 153 168 1 66 1
34 1 110 80 66 155 250 3 1 1 180 278 121 0 0 0
63 3 115 65 69 196 278 2 1 1 150 248 192 0 66 1
52 2 120 70 68 135 250 3 1 1 135 300 137 0 0 0
61 3 122 78 64 133 180 3 1 2 170 229 142 0 0 0
54 2 100 64 71 173 300 4 1 1 125 259 202 0 0 0
50 3 150 90 71 170 326 1 0 1 195 204 178 0 64 1
57 1 130 90 68 188 353 3 1 1 160 230 172 2 0 0
43 2 120 80 69 201 300 1 1 4 138 204 198 0 0 0
34 3 142 102 71 176 314 1 0 1 145 233 176 3 0 0
50 1 115 80 66 148 300 2 1 1 115 273 152 0 0 0
48 2 142 90 67 163 220 4 1 1 180 223 167 0 0 0
37 3 130 88 67 178 295 4 1 3 170 367 194 1 0 0
26 3 110 75 66 136 230 3 1 3 118 183 134 0 0 0
32 1 112 70 69 171 254 2 1 4 142 249 179 1 64 1
49 1 130 80 64 162 230 5 1 1 195 220 194 0 0 0
43 3 120 80 71 164 260 3 1 1 125 271 176 0 0 0
33 1 130 90 68 200 188 3 1 4 125 210 191 2 0 0
60 2 140 80 68 170 356 1 0 5 192 250 150 0 0 0
34 3 105 65 65 137 220 5 1 2 118 306 152 0 0 0
34 1 110 70 72 157 220 3 1 1 135 243 158 0 0 0
49 2 120 90 69 139 273 3 1 3 160 308 163 0 64 1
44 2 120 90 72 211 188 3 1 2 138 240 196 1 68 1
56 3 115 80 64 147 260 3 1 4 140 326 152 1 68 1
63 3 190 100 66 187 207 5 0 2 148 210 188 0 0 0
37 3 95 55 69 190 226 3 1 3 155 311 191 1 0 0
50 4 110 70 67 162 239 3 1 3 70 233 155 0 68 1
48 4 130 90 67 165 219 3 1 4 138 275 166 1 63 1
34 3 126 85 64 165 310 2 1 1 130 296 167 0 0 0
46 1 120 80 68 152 270 2 1 3 150 326 166 0 0 0
48 3 130 92 70 198 230 3 1 3 140 235 204 0 0 0
30 4 120 80 70 130 260 3 1 4 135 260 157 0 0 0
30 2 120 84 68 170 258 3 1 1 165 359 181 2 0 0
34 3 124 38 66 195 345 3 1 1 130 309 183 2 0 0
57 2 110 78 70 173 282 3 1 2 144 236 171 1 66 1
28 2 115 65 66 150 220 2 1 3 124 276 149 0 0 0
20 3 130 80 66 150 210 5 0 1 130 274 158 0 0 0
45 3 130 90 73 143 243 4 1 4 158 249 146 2 0 0
23 1 110 70 69 137 120 3 1 2 112 198 153 0 0 0
47 3 130 95 64 163 280 4 1 1 130 190 152 0 0 0
38 3 115 90 70 187 385 3 1 2 142 334 202 3 0 0
53 4 120 90 62 166 253 3 1 4 134 316 168 0 67 1
42 1 110 65 64 147 291 2 1 4 120 271 146 1 68 1
51 4 120 80 70 200 260 2 1 2 144 283 169 0 0 0
50 3 105 70 65 161 325 4 1 3 125 186 114 0 0 0
65 4 125 85 67 164 228 5 1 1 130 240 152 0 64 1
30 1 104 70 69 161 300 3 1 1 135 290 178 0 0 0
40 3 120 80 69 148 185 3 1 3 110 241 152 1 66 1
57 2 110 68 71 166 300 3 1 1 105 262 143 0 68 1
48 4 150 110 66 189 220 1 0 3 180 224 178 0 0 0
59 1 110 80 70 167 220 3 1 1 125 275 152 0 67 1
45 4 110 80 67 209 240 3 1 2 156 251 205 1 0 0
53 1 130 72 69 167 278 1 0 2 122 250 165 3 67 1
57 3 130 90 71 181 260 2 1 3 190 288 185 0 0 0
53 3 125 88 67 167 226 3 1 3 160 212 165 0 67 1
59 1 140 90 65 150 303 2 1 1 205 302 153 1 65 1
55 2 120 92 65 154 310 2 1 2 126 265 138 0 0 0
51 3 125 85 73 198 283 4 1 4 175 309 211 3 0 0
58 3 110 78 69 175 300 3 1 4 148 229 198 0 0 0
45 2 108 80 70 155 258 5 1 4 138 259 182 1 0 0
49 4 120 80 63 142 283 3 1 5 116 311 160 0 67 1
40 1 112 80 69 167 334 3 1 2 100 306 154 2 0 0
47 1 110 80 66 187 210 3 1 1 120 279 188 0 0 0
49 1 120 80 68 194 263 3 1 1 178 230 196 3 0 0
62 4 166 90 66 130 258 3 0 3 150 185 126 0 64 1
61 1 150 90 69 142 247 3 0 2 150 218 174 0 67 1
61 2 160 100 68 160 241 2 0 3 170 235 163 2 0 0
57 2 110 80 71 224 158 1 1 3 135 202 224 0 68 1
43 2 110 75 67 143 190 3 1 3 124 204 139 0 0 0
62 1 120 80 68 174 535 2 1 5 146 268 156 0 66 1
55 1 110 80 75 198 358 3 1 3 110 264 177 0 0 0
35 1 110 80 70 154 250 3 1 1 110 256 140 0 0 0
44 1 130 80 69 202 246 3 1 1 130 176 165 0 64 1
62 2 100 65 69 141 224 3 1 2 170 242 125 0 65 1
47 1 110 80 71 228 250 5 1 2 128 249 207 0 0 0
57 3 145 85 66 140 308 1 1 3 150 247 134 0 63 1
57 2 210 110 67 165 220 1 0 2 150 178 174 2 0 0
51 3 120 90 66 163 226 3 1 1 130 271 167 1 0 0
53 3 138 90 66 215 310 4 1 2 148 336 202 0 0 0
51 3 138 100 72 208 296 3 0 1 135 286 199 3 0 0
41 2 115 80 68 145 339 5 1 1 160 254 149 1 0 0
38 2 106 80 67 181 210 5 1 3 110 208 179 0 0 0
49 1 112 78 64 149 240 3 1 4 125 253 153 0 0 0
30 2 160 85 71 155 187 3 1 1 130 184 156 0 63 1
68 3 120 80 63 109 215 1 1 2 136 251 108 0 68 1
30 3 110 80 71 198 234 2 1 1 100 227 187 1 0 0
48 3 120 85 68 161 267 2 1 1 110 258 162 0 0 0
55 2 125 90 65 163 235 2 1 2 170 255 139 2 0 0
46 1 110 80 69 178 277 3 1 4 150 311 186 1 0 0
57 3 160 90 63 144 280 4 0 3 170 321 152 0 0 0
54 1 141 100 65 171 363 3 0 2 180 276 154 1 65 1
64 1 150 90 70 147 226 2 1 4 140 192 145 0 63 1
43 1 120 80 72 171 198 3 1 3 152 190 178 0 65 1
48 4 120 80 72 229 239 4 1 2 118 209 227 1 66 1
46 3 134 90 73 198 271 3 1 1 125 219 205 2 0 0
47 2 120 80 68 152 220 3 1 1 145 270 160 0 0 0
64 4 104 74 63 146 300 3 1 1 130 249 143 0 0 0
44 1 125 90 65 156 439 1 1 1 130 342 152 1 0 0
48 1 130 80 64 147 271 4 1 3 165 251 163 1 64 1
46 3 108 75 71 140 260 3 1 3 120 228 148 0 0 0
42 1 120 90 75 207 210 3 1 3 140 219 224 0 0 0
32 2 108 78 66 151 235 4 1 2 120 226 155 2 0 0
48 3 122 94 73 198 250 1 1 3 170 276 211 0 0 0
49 4 120 80 69 189 295 3 1 1 140 305 203 0 0 0
42 3 122 78 66 128 190 2 1 2 112 196 127 0 0 0
49 4 105 75 69 144 250 3 1 1 110 254 144 0 0 0
44 2 150 95 61 127 260 3 0 1 155 312 130 0 0 0
63 4 130 80 67 143 243 3 1 2 166 273 121 0 64 1
41 2 142 96 66 145 300 2 1 4 148 315 143 0 0 0
65 1 170 105 67 183 214 5 0 4 190 148 161 0 65 1
47 1 110 70 70 130 203 3 1 1 125 198 127 0 66 1
56 2 125 75 65 122 329 5 1 1 140 253 130 1 66 1
43 1 120 85 70 134 220 3 1 4 140 354 141 0 63 1
25 4 120 84 72 180 220 3 1 3 130 222 179 0 0 0
44 2 120 90 67 178 260 2 1 3 130 242 173 0 0 0
30 3 115 86 70 172 210 2 1 1 108 201 187 0 0 0
47 2 130 80 67 147 334 1 1 3 138 303 147 1 0 0
60 1 124 80 74 235 203 3 1 1 160 271 226 1 65 1
35 2 120 80 72 191 321 3 1 1 130 334 169 2 0 0
35 2 100 78 68 141 220 3 1 2 144 239 138 0 0 0
41 3 120 80 64 147 220 4 1 1 170 333 160 0 0 0
53 2 120 90 70 222 342 4 1 1 132 304 223 1 64 1
54 3 120 78 69 137 210 3 1 4 160 329 143 0 0 0
25 3 115 78 73 180 160 3 1 1 120 216 200 0 0 0
63 2 115 75 67 180 303 3 1 2 122 289 126 0 65 1
47 2 115 84 67 211 304 1 1 1 155 278 149 3 68 1
29 3 148 98 69 203 260 5 1 2 150 245 194 0 0 0
46 1 110 70 67 159 271 3 1 3 152 299 164 2 65 1
36 1 100 70 70 157 260 3 1 3 120 251 152 0 0 0
42 2 108 80 67 145 285 2 1 1 115 249 146 2 0 0
26 2 88 60 70 178 300 2 1 2 112 308 206 0 0 0
49 2 110 75 70 141 150 3 1 4 170 221 147 0 0 0
36 3 100 75 72 164 241 3 1 4 125 271 175 1 0 0
40 2 100 70 68 169 260 2 0 1 112 269 151 0 0 0
22 4 120 90 69 192 240 5 1 1 150 269 201 0 0 0
46 2 115 90 69 189 300 3 1 2 110 169 150 0 0 0
42 3 105 78 67 166 195 3 1 2 112 218 168 0 67 1
52 4 145 90 66 183 289 3 0 3 150 299 143 2 0 0
37 1 150 105 69 205 220 3 0 3 180 214 187 0 0 0
60 3 130 84 69 122 243 2 1 4 166 291 113 0 65 1
43 3 118 72 71 149 224 3 1 2 120 209 147 1 0 0
28 1 120 86 70 189 328 3 1 2 128 300 194 2 0 0
45 2 120 82 71 171 240 1 1 4 140 238 169 0 0 0
57 3 108 76 66 161 200 2 1 3 106 150 161 0 0 0
24 3 104 75 70 157 185 5 1 2 120 236 166 2 0 0
58 3 140 90 63 121 312 5 1 1 120 234 114 1 63 1
36 3 118 84 63 153 300 2 1 2 124 252 149 0 0 0
52 3 140 86 67 128 300 1 1 1 185 260 144 0 64 1
55 3 118 82 69 124 265 3 1 5 132 284 124 0 66 1
33 3 125 88 67 149 220 3 1 1 135 225 166 0 0 0
56 1 150 90 72 233 284 1 1 5 134 170 225 0 68 1
35 1 124 90 68 189 320 3 1 4 138 338 201 0 0 0
53 1 200 140 67 197 210 3 0 1 215 139 164 0 64 1
46 3 140 84 66 138 130 4 0 2 148 160 157 0 0 0
53 3 118 74 66 134 243 3 1 5 118 261 138 1 66 1
51 4 130 90 69 193 290 2 1 3 120 254 178 0 0 0
42 4 120 85 67 192 250 5 1 1 162 268 207 0 0 0
51 3 140 92 69 170 310 1 1 3 172 282 163 0 0 0
29 3 130 90 70 173 280 3 1 1 145 308 180 0 0 0
29 2 140 95 64 148 419 5 0 1 130 254 139 2 0 0
42 3 115 75 71 204 220 2 1 3 140 225 224 0 0 0
51 4 120 80 70 139 261 3 1 1 130 285 173 2 0 0
44 2 120 90 72 196 240 3 1 4 150 240 193 0 0 0
39 3 130 92 67 144 210 3 1 2 128 204 151 0 0 0
25 1 110 80 74 190 235 3 1 2 116 280 210 0 63 1
48 2 120 75 70 203 220 3 1 1 130 273 213 0 0 0
69 1 160 90 67 185 314 4 1 3 170 191 159 0 66 1
47 2 130 75 67 145 260 3 1 4 138 289 163 0 0 0
46 4 110 70 66 160 242 3 1 3 130 254 175 2 0 0
53 3 110 80 67 150 235 3 1 4 120 221 170 3 0 0
45 4 150 104 71 187 278 1 0 1 210 368 189 1 0 0
34 2 130 90 61 120 317 2 0 2 122 248 118 2 0 0
57 1 130 80 69 184 167 3 1 3 155 237 173 1 0 0
45 2 110 80 69 170 347 3 1 3 150 296 186 1 0 0
61 3 138 80 63 158 285 3 1 1 120 225 113 0 64 1
54 3 148 90 71 140 220 1 1 1 230 265 143 0 0 0
52 1 170 100 65 164 218 5 0 1 110 261 130 0 0 0
60 4 128 80 70 141 230 3 1 3 140 224 122 0 0 0
39 1 114 72 65 156 187 5 1 3 168 199 170 0 66 1
33 4 106 80 67 151 191 2 1 4 128 207 142 0 66 1
45 4 130 90 70 200 220 3 1 2 130 203 168 0 67 1
30 2 106 80 70 173 260 4 1 5 118 254 186 0 0 0
52 2 125 90 65 141 199 2 1 2 152 234 135 2 0 0
50 3 150 115 71 220 283 3 0 1 164 275 239 0 67 1
38 1 130 90 67 170 399 2 1 2 132 353 167 1 0 0
36 3 135 80 69 155 290 3 1 2 120 238 157 0 0 0
50 2 132 88 69 220 220 3 1 3 182 204 246 0 0 0
