3.137073
-0.2201729
-1.000928
0.4044311
-0.6886259
1.185186
0.7948085
1.653639
1.185186
1.965941
-1.157079
-1.547456
0.4044311
-0.5324749
1.185186
-1.547456
-0.3763239
-1.000928
-0.7667014
1.029035
-0.3763239
-0.2201729
1.185186
-1.547456
-0.3763239
0.4044311
-0.6886259
0.872884
1.575563
0.01405359
-1.157079
-0.8447768
-0.2201729
-0.3763239
1.497488
0.2482801
-0.3763239
-1.157079
1.575563
-1.157079
0.09212908
0.4044311
1.185186
1.185186
-0.3763239
1.965941
0.01405359
-0.8447768
0.09212908
0.01405359
-0.5324749
-0.6886259
-1.157079
1.80979
-0.5324749
-0.5324749
-0.3763239
-0.7667014
-1.157079
0.01405359
-1.625532
-1.937834
1.575563
-0.7667014
1.80979
-1.313230
1.497488
1.185186
0.01405359
-1.000928
0.01405359
-0.3763239
0.2482801
0.2482801
-1.157079
0.01405359
-0.6886259
-1.157079
0.4044311
1.965941
-0.3763239
0.4044311
-0.6886259
-0.3763239
-0.7667014
-1.937834
-0.5324749
0.2482801
-0.3763239
0.716733
-0.3763239
0.2482801
0.7948085
-0.3763239
-0.3763239
-1.000928
0.7948085
-0.6886259
-1.547456
-0.7667014
0.716733
0.2482801
-0.3763239
1.185186
0.01405359
0.09212908
-1.313230
-0.3763239
-0.6886259
-0.3763239
-0.3763239
0.01405359
-0.7667014
0.716733
-1.157079
2.746696
-0.7667014
-1.469381
-1.157079
0.7948085
0.4044311
0.2482801
1.185186
-0.7667014
-0.3763239
0.01405359
-0.7667014
0.872884
-0.3763239
0.01405359
0.4044311
-0.3763239
0.4044311
1.965941
0.4044311
-0.3763239
-0.3763239
-0.3763239
-0.3763239
1.965941
0.2482801
0.09212908
-1.157079
-0.6886259
1.029035
-1.000928
-1.157079
1.575563
-1.937834
-0.3763239
0.2482801
1.965941
1.341337
-1.157079
0.2482801
-0.0640219
-0.7667014
-0.3763239
-0.7667014
-0.3763239
0.7948085
0.4044311
-0.3763239
-0.8447768
0.2482801
1.185186
0.2482801
-2.250136
-0.3763239
1.029035
1.185186
0.4044311
0.01405359
-0.3763239
0.7948085
-0.0640219
0.2482801
0.4044311
-1.157079
0.01405359
-0.6886259
0.4044311
-0.6886259
1.965941
-1.313230
0.4044311
0.4044311
-1.157079
1.575563
-1.157079
-0.3763239
1.965941
-1.157079
0.4044311
-0.3763239
1.185186
2.746696
0.09212908
-0.0640219
1.185186
