0.2597 1528 0 0 0.02708 -0.0043
0.2382 441 1 0 0.02555 0.08666
0.10775 483 1 0 0.02427 -0.01387
0.20167 2285 0 1 0.02777 0.01124
0.2069 9688 0 0 0.0048 0.01443
0.24668 740 1 0 0.02833 0.00938
0.07997 680 0 0 0.03267 -0.04751
0.21417 927 0 1 0.03302 0.02497
0.18822 4690 1 0 0.01287 0.03708
0.19083 743 1 0 0.03773 0.05893
0.06369 507 1 0 0.01942 0.00193
0.22507 6915 0 1 0.00866 0.02486
0.15572 401 0 1 0.02832 -0.00837
0.24684 1429 1 0 0.00222 0.05814
0.12176 322 1 0 0.0413 0.01299
0.27874 2575 0 1 0.00817 0.04551
0.2025 356 0 0 0.02465 0.00947
0.24086 1028 0 1 0.04203 0.02639
0.22471 7401 0 1 0.00402 0.02065
0.20996 1747 1 0 0.00368 0.05737
0.18548 989 0 0 0.03137 0.03666
0.21291 3063 0 1 0.03025 0.03374
0.2399 7078 0 1 0.00612 0.03095
0.23412 1403 0 1 0.03012 0.06469
0.15705 224 0 0 0.03107 -0.0184
0.07832 244 1 0 0.02973 -0.00948
0.15563 379 0 0 0.03313 -0.01069
0.08339 433 1 0 0.02786 0.0425
0.11184 4502 0 0 0.0052 0.00121
0.21004 1702 0 1 0.02437 0.03318
0.18829 4454 0 0 0.00348 0.01648
0.15501 1012 1 0 0.02389 0.01601
0.12686 325 0 0 0.02604 -3e-05
0.08143 315 0 1 0.02019 0.04863
0.13601 459 0 1 0.02039 0.00464
0.1866 1663 1 0 0.03324 0.02257
0.16038 797 0 1 0.03141 0.01641
0.15342 534 0 0 0.03163 -0.00162
0.14863 991 1 0 0.02884 0.01205
0.19258 353 0 0 0.03518 -0.01006
0.09949 314 1 0 0.02006 0.01647
0.23728 2422 0 1 0.01535 -0.00663
0.29803 2093 0 1 0.02555 0.02208
0.17878 1344 1 0 0.03123 0.01903
0.18648 5571 1 0 0.01907 0.01733
0.24349 625 0 0 0.03291 -0.00656
0.2768 6957 0 1 0.01327 0.0318
0.16378 534 1 0 0.02533 -0.00143
0.16952 1544 0 1 0.028 0.0298
0.24406 8349 0 0 0.01445 0.01729
0.10245 2012 0 0 0.03354 -0.02566
0.28818 3126 0 1 0.00851 0.04395
0.16941 6319 0 1 0.00162 0.02174
0.1916 703 0 1 0.0287 0.03555
0.22273 1868 0 0 0.02329 0.00318
0.23458 4904 1 0 0.01258 0.02292
0.12991 512 0 0 0.0241 -0.01296
0.11493 1268 1 0 0.0285 0.02576
0.16389 317 0 1 0.02124 0.0285
0.27312 5843 0 1 0.00224 0.03779
0.42896 5817 0 0 0.01121 0.06076
0.24359 7064 0 1 0.00453 0.02051
0.21585 2607 0 0 0.02801 -0.00114
0.22411 4929 0 0 0.00643 0.01698
0.21 810 0 1 0.02939 0.01042
0.15214 744 0 0 0.02881 -0.0033
0.10239 341 0 1 0.02698 0.00403
0.12977 652 0 0 0.0304 -0.00651
0.27427 1737 1 0 0.0292 0.06434
0.25333 4379 0 1 0.0105 0.02704
0.10334 487 0 0 0.02561 -0.01559
0.13979 1062 1 0 0.03372 0.02532
0.26974 743 0 1 0.02931 0.0189
0.22001 1232 0 1 0.02609 0.05322
0.18166 615 1 0 0.0388 0.00632
0.16875 335 0 0 0.02818 0.0193
0.1482 1143 1 0 0.03207 0.00328
0.18006 9598 0 0 -3e-05 0.01598
0.1749 558 1 0 0.02804 0.03916
0.22683 1474 1 0 0.00578 0.06863
0.20842 4383 0 0 0.00511 0.00914
0.27325 1189 0 1 0.0185 0.07748
0.44293 881 0 1 0.03717 0.10985
0.28117 644 0 1 0.02667 0.00436
0.21881 1858 0 0 0.01347 -0.00885
0.12503 756 1 0 0.02358 -0.00039
0.23598 2300 0 1 0.02584 0.03602
0.25695 3628 0 1 0.01417 0.03148
0.22264 5490 1 0 0.00732 0.03928
0.23664 552 0 1 0.03707 0.03021
0.16624 716 0 0 0.0357 -0.01771
0.18424 690 1 0 0.0253 0.05228
0.19216 556 0 0 0.03315 -0.00129
0.14812 3687 0 1 0.01643 0.00558
0.13245 1952 0 0 0.02897 -0.01923
0.35216 1721 1 0 0.0289 0.02441
0.29349 789 0 1 0.03079 -0.01416
0.20094 5217 1 0 0.0092 0.03502
0.23138 1581 0 1 0.03467 0.04734
0.23834 614 0 0 0.02138 0.03566
0.24946 1199 0 0 0.02637 0.01886
0.13127 285 1 0 0.02507 0.01745
0.20129 9285 0 0 0.01055 0.02299
0.17487 1018 0 1 0.01679 0.02533
0.23605 7164 0 0 0.00199 0.02243
0.11689 268 0 1 0.03342 0.0117
0.10203 568 0 1 0.0223 -0.00622
0.10729 257 0 0 0.03135 -0.007
0.23435 7161 0 0 0.0158 -0.04109
0.24667 8230 0 0 2.3e-05 0.01901
0.24684 4644 1 0 0.01633 0.02685
0.22384 7443 0 1 0.00214 0.02874
0.19149 4379 1 0 0.00597 0.04258
0.25865 7363 0 0 0.00757 0.00999
0.14768 208 1 0 0.02998 0.0227
0.12281 566 0 1 0.031 0.02402
0.23378 10173 0 0 0.00164 0.02944
0.19554 1528 1 0 0.02473 0.05853
0.17277 7975 0 0 0.0012 0.02242
0.23057 671 0 1 0.02239 0.04122
0.21315 2425 1 0 0.01038 0.06746
0.18724 1711 0 1 0.02042 0.0374
0.171 9228 0 0 0.000355 0.01795
0.11049 4473 1 0 0.01113 0.04437
0.27265 11094 0 0 0.00331 0.03102
0.26408 3555 0 1 0.02434 0.06789
0.06061 1234 1 0 0.03189 0.04016
0.21958 8495 0 1 0.01224 0.03497
0.14886 2932 1 0 0.02295 0.02205
0.25545 995 0 0 0.02704 0.02636
0.19339 1313 1 0 0.02877 0.02857
0.40472 2869 0 1 0.01556 0.07704
0.19787 1255 1 0 0.02924 0.05037
0.22866 3147 0 1 0.00335 0.03013
0.28306 6186 0 1 0.00301 0.0348
0.19542 874 1 0 0.03173 0.02008
0.23029 2201 0 1 0.02045 0.04323
0.08702 284 1 0 0.02597 0.00928
0.17798 2292 0 1 0.03067 -0.02566
0.1885 6112 1 0 0.00855 0.02921
0.26799 1845 0 0 0.02513 0.01173
0.18051 9036 0 0 0.00532 0.00893
0.15523 496 1 0 0.02501 0.03173
0.09152 396 1 0 0.02039 0.00659
0.27974 1079 0 0 0.03403 -0.00163
0.25149 1664 0 1 0.0236 0.01496
0.15056 358 0 1 0.0299 -0.0263
0.28365 5001 1 0 0.00808 0.03608
0.22161 6750 0 1 0.00231 0.03218
0.21877 5149 1 0 0.00694 0.03834
0.25605 1094 0 1 0.02803 0.03223
0.26186 1076 0 1 0.02143 0.05159
0.16103 4271 0 0 0.01692 0.01871
0.27108 6157 0 1 0.0108 0.05437
0.21293 11332 0 0 0.01051 0.02185
0.19062 1358 0 1 0.02495 0.01907
0.26155 1199 0 0 0.01497 0.02805
0.26184 2068 0 1 0.01035 0.09947
0.14739 441 0 0 0.03027 -0.03203
0.27413 449 1 0 0.02796 0.01576
0.20323 1799 1 0 0.02911 0.01475
0.25811 1063 0 1 0.02789 0.04252
0.26872 576 0 0 0.02611 -0.00226
0.18579 1588 1 0 0.03233 0.04564
0.27409 4861 0 1 0.02785 0.02942
0.2558 708 0 1 0.03067 0.00132
0.30601 3112 0 0 0.02577 0.03101
0.25091 1694 0 0 0.01947 0.04571
0.13249 3271 1 0 0.01053 0.00747
0.16806 470 1 0 0.03246 0.02189
0.20399 374 0 1 0.02657 0.02751
0.22069 2319 0 0 0.02281 0.01981
0.25654 3031 0 0 0.02344 -0.00127
0.24701 662 0 0 0.04135 0.00273
0.22923 1807 0 1 0.02401 0.0592
0.25868 1282 1 0 -0.00196 0.03934
0.2225 7857 0 1 0.00715 0.02106
0.22663 876 0 1 0.02405 0.02652
0.12354 2810 0 0 0.02099 0.02077
0.24915 2456 0 0 0.02283 -0.02229
0.25147 6595 0 1 0.01042 0.00858
0.22092 1367 0 0 0.01101 0.03339
0.17161 6069 1 0 0.01812 0.03576
0.24479 7344 0 1 0.01702 0.01793
0.17048 493 1 0 0.02592 0.03461
0.23908 5028 0 1 0.00545 0.03354
0.29476 2369 0 0 0.01415 0.06641
0.20522 688 1 0 0.03073 0.04659
0.06616 281 1 0 0.01674 0.03906
0.19109 8863 0 0 0.000793 0.01939
0.08127 421 0 0 0.03264 -0.01142
0.1826 1477 0 0 0.03183 0.07031
0.21353 1189 0 1 0.02894 0.04743
0.18333 2545 1 0 0.00356 0.0403
0.19742 576 0 1 0.02309 0.00599
0.06777 412 1 0 0.01335 0.0144
0.19933 875 0 0 0.0323 0.01419
0.29608 8117 0 0 0.00592 0.03446
0.19562 930 0 0 0.03441 0.01104
0.09145 352 0 1 0.02673 -0.04293
0.11239 542 1 0 0.02794 0.01729
0.21707 4333 0 0 0.02188 -0.00121
0.12061 4970 1 0 0.00592 0.02272
0.13686 3453 0 1 0.00312 0.0279
0.27947 4630 0 0 -0.00435 0.04205
0.2118 3233 1 0 0.00674 0.05052
0.16302 1255 1 0 0.02527 0.03248
0.1194 667 1 0 0.02134 -0.0136
0.26293 415 0 0 0.02896 -0.00613
0.26381 2838 1 0 0.03541 0.05455
0.19159 1103 1 0 0.02981 0.03478
0.26446 1237 0 1 0.02539 0.01647
0.31037 2239 1 0 0.01024 0.09311
0.19027 2157 1 0 0.03328 0.03698
0.28307 7268 0 0 0.0145 0.05936
0.13387 595 1 0 0.02625 0.00417
0.20223 882 1 0 0.02337 0.02694
0.21912 360 0 1 0.02393 0.05963
0.34269 5496 0 1 0.01168 0.0409
0.19739 2552 0 0 0.01863 0.01509
0.29244 1472 1 0 0.01407 0.02275
0.1424 956 1 0 0.03237 0.01547
0.20604 6131 0 0 0.00504 0.02053
0.1457 974 1 0 0.02412 0.02157
0.24473 1977 0 0 0.03168 0.00767
0.25469 1525 0 1 0.02425 0.05218
0.23457 5182 1 0 0.01997 0.0311
0.16699 1100 0 0 0.0421 -0.03821
0.219 4073 1 0 0.00496 0.0405
0.13768 415 1 0 0.02637 0.06243
0.21189 3055 0 0 0.01794 -0.00454
0.15283 511 0 1 0.01886 0.0022
0.33511 7104 0 1 0.00562 0.03938
0.19165 1008 1 0 0.02343 0.03991
0.15009 683 0 1 0.0297 0.01589
0.19383 6145 0 0 0.01772 0.01589
0.1735 760 0 1 0.02542 0.00489
0.19489 3356 0 0 0.02195 0.00795
0.21186 1551 0 0 0.0242 -0.00311
0.2118 3908 1 0 0.00526 0.03739
0.11531 1529 0 0 0.02742 -0.03309
0.23417 852 1 0 0.01952 0.02676
0.13026 1410 0 0 0.01492 -0.02674
0.44335 694 0 0 0.0267 0.00207
0.2017 9795 0 0 -0.0011 0.01809
0.19034 571 0 1 0.02662 -0.00397
0.23986 1025 0 1 0.01543 0.04874
0.15973 748 1 0 0.03177 0.01588
0.1655 1075 0 0 0.03495 -0.01253
0.0859 245 1 0 0.02031 0.03783
0.28768 3733 0 0 0.00308 0.02532
0.31452 414 1 0 0.02083 0.04887
0.23508 283 0 1 0.03323 0.00277
0.20682 485 1 0 0.01591 0.0033
0.25375 8393 0 0 0.00404 0.03063
0.16369 533 1 0 0.02327 0.01743
0.22444 3071 0 0 0.03586 -0.01135
0.27229 570 0 1 0.02384 -0.00246
