30.9
23
24.2
37.2
18.5
13
12
33
13
29
36.4
32.9
15
30
14
13
13
23.7
11
19.4
24
18
33
20
27.5
23
15
28.8
19
27
17
16
29.9
34
15.5
32.1
19.2
30
26
17.5
32
26
33.8
30.5
19.2
22
24
33.5
25
21
22.5
23
27.2
30
21
31
20.2
20
20
32.4
17.5
31.6
29.8
21.5
22
17.5
20
25
18
18
18.5
26.6
16.2
27
13
25.5
25
21
38
44
19
12
30.7
21
19
13
13
29
15
25
28.4
35.7
19
24
25
30
20
34
22.3
32.4
14
20.2
16
29.5
20.6
18
24
19.9
43.4
23.2
15
26.5
18.1
38
18
13
28
36
17
14
11
41.5
24
37.3
31
32.7
27
14
19
15
19
30
14
22
28
18
29
39.1
13
14
43.1
29.8
18.5
25.8
27
23
26
16
26
16
29
25
21.5
19
24
14
15.5
23.5
21.5
26
15
19
34.1
16.9
19.4
18
14
25
16
35
18
26
17
15
15
23
27
39.4
18
15
13
36
12
16.5
12
10
16
26
37
20
24.5
26
12
29
25
16.5
17.6
15
18
35.1
15
20.5
32.2
27
9
36
20
27.4
31
16
19
24
13
33.5
19.1
31.5
30
23.8
28
17.6
31
40.8
29
14
26
31
28
33.7
13
22
26.4
18
19
14
16
36
13
44.3
11
37
34.2
26
39
20.2
38
33.5
13
36.1
14
31.5
14
14
36.1
21.6
27
30.5
18
18
32
28
34.7
16
28
15
32.3
24
15.5
31.8
15
15.5
23.9
29
26
22
15.5
25
16
25.1
17
36
29
21
18
24.5
14
14
32
15
26.6
26
37
32
26.8
23
14
22
27
19.2
34.5
14
26
32
38
34.1
28.1
17.7
21.1
27.2
31.9
20.2
32.8
18
18.2
19.8
19
13
32
13
20.3
34.4
24
31
36
31.3
38.1
17
22
17.5
22
23
23.9
18.6
20
17
28
44.6
37.7
17.5
23
14
24.3
22
21
31
10
29.5
13
27.2
33
20.5
16
46.6
26
25.5
21
35
14.5
24
15
19
13
27.9
13
22.4
28
23
18
28
22
20.8
16
25
27
25.4
18
24
16.5
13
15
30
18.1
17
16
25.4
11
20
28
20.6
34.3
20.5
14
12
