0.9550384
-0.05713234
0.0966151
1.762212
-0.6336853
-1.338361
-1.466484
1.224096
-1.338361
0.7116049
1.659714
1.211284
-1.082115
0.8397278
-1.210238
-1.338361
-1.338361
0.03255367
-1.594607
-0.5183747
0.07099053
-0.6977467
1.224096
-0.441501
0.5194206
-0.05713234
-1.082115
0.6859803
-0.5696238
0.4553592
-0.8258696
-0.9539925
0.8269155
1.352219
-1.018054
1.108786
-0.5439993
0.8397278
0.3272363
-0.7618082
1.095974
0.3272363
1.326595
0.9037892
-0.5439993
-0.1852552
0.07099053
1.288158
0.1991134
-0.3133781
-0.1211938
-0.05713234
0.4809837
0.8397278
-0.3133781
0.9678507
-0.4158764
-0.441501
-0.441501
1.147223
-0.7618082
1.044724
0.8141032
-0.2493167
-0.1852552
-0.7618082
-0.441501
0.1991134
-0.6977467
-0.6977467
-0.6336853
0.40411
-0.9283679
0.4553592
-1.338361
0.2631748
0.1991134
-0.3133781
1.864711
2.633448
-0.5696238
-1.466484
0.9294138
-0.3133781
-0.5696238
-1.338361
-1.338361
0.7116049
-1.082115
0.1991134
0.6347312
1.570028
-0.5696238
0.07099053
0.1991134
0.8397278
-0.441501
1.352219
-0.1468184
1.147223
-1.210238
-0.4158764
-0.9539925
0.7756663
-0.3646272
-0.6977467
0.07099053
-0.4543133
2.556574
-0.03150777
-1.082115
0.3912977
-0.6849344
1.864711
-0.6977467
-1.338361
0.583482
1.608465
-0.8258696
-1.210238
-1.594607
2.313141
0.07099053
1.775025
0.9678507
1.185660
0.4553592
-1.210238
-0.5696238
-1.082115
-0.5696238
0.8397278
-1.210238
-0.1852552
0.583482
-0.6977467
0.7116049
2.005646
-1.338361
-1.210238
2.518137
0.8141032
-0.6336853
0.3016117
0.4553592
-0.05713234
0.3272363
-0.9539925
0.3272363
-0.9539925
0.7116049
0.1991134
-0.2493167
-0.5696238
0.07099053
-1.210238
-1.018054
0.006929094
-0.2493167
0.3272363
-1.082115
-0.5696238
1.365032
-0.8386819
-0.5183747
-0.6977467
-1.210238
0.1991134
-0.9539925
1.480342
-0.6977467
0.3272363
-0.8258696
-1.082115
-1.082115
-0.05713234
0.4553592
2.044083
-0.6977467
-1.082115
-1.338361
1.608465
-1.466484
-0.889931
-1.466484
-1.722730
-0.9539925
0.3272363
1.736588
-0.441501
0.1350520
0.3272363
-1.466484
0.7116049
0.1991134
-0.889931
-0.7489959
-1.082115
-0.6977467
1.493154
-1.082115
-0.3774395
1.121598
0.4553592
-1.850853
1.608465
-0.441501
0.5066083
0.9678507
-0.9539925
-0.5696238
0.07099053
-1.338361
1.288158
-0.5568116
1.031912
0.8397278
0.04536596
0.583482
-0.7489959
0.9678507
2.223455
0.7116049
-1.210238
0.3272363
0.9678507
0.583482
1.313782
-1.338361
-0.1852552
0.3784854
-0.6977467
-0.5696238
-1.210238
-0.9539925
1.608465
-1.338361
2.671885
-1.594607
1.736588
1.377844
0.3272363
1.992834
-0.4158764
1.864711
1.288158
-1.338361
1.621277
-1.210238
1.031912
-1.210238
-1.210238
1.621277
-0.2365044
0.4553592
0.9037892
-0.6977467
-0.6977467
1.095974
0.583482
1.441905
-0.9539925
0.583482
-1.082115
1.134410
0.07099053
-1.018054
1.070349
-1.082115
-1.018054
0.05817824
0.7116049
0.3272363
-0.1852552
-1.018054
0.1991134
-0.9539925
0.2119257
-0.8258696
1.608465
0.7116049
-0.3133781
-0.6977467
0.1350520
-1.210238
-1.210238
1.095974
-1.082115
0.40411
0.3272363
1.736588
1.095974
0.4297346
-0.05713234
-1.210238
-0.1852552
0.4553592
-0.5439993
1.416281
-1.210238
0.3272363
1.095974
1.864711
1.365032
0.5962943
-0.7361836
-0.3005658
0.4809837
1.083161
-0.4158764
1.198472
-0.6977467
-0.6721221
-0.4671255
-0.5696238
-1.338361
1.095974
-1.338361
-0.4030641
1.403468
0.07099053
0.9678507
1.608465
1.006288
1.877523
-0.8258696
-0.1852552
-0.7618082
-0.1852552
-0.05713234
0.05817824
-0.620873
-0.441501
-0.8258696
0.583482
2.710322
1.826274
-0.7618082
-0.05713234
-1.210238
0.1094274
-0.1852552
-0.3133781
0.9678507
-1.722730
0.7756663
-1.338361
0.4809837
1.224096
-0.3774395
-0.9539925
2.966568
0.3272363
0.2631748
-0.3133781
1.480342
-1.146177
0.07099053
-1.082115
-0.5696238
-1.338361
0.5706697
-1.338361
-0.1340061
0.583482
-0.05713234
-0.6977467
0.583482
-0.1852552
-0.3390027
-0.9539925
0.1991134
0.4553592
0.2503626
-0.6977467
0.07099053
-0.889931
-1.338361
-1.082115
0.8397278
-0.6849344
-0.8258696
-0.9539925
0.2503626
-1.594607
-0.441501
0.583482
-0.3646272
1.390656
-0.3774395
-1.210238
-1.466484
