4 294 135 50
4 284 136 50
1 158 83 27
4 305 154 55
1 224 104 35
3 175 86 30
1 233 103 35
2 196 85 28
1 242 122 41
1 224 112 40
4 259 121 48
2 276 126 46
3 170 87 27
3 208 99 33
4 281 134 52
1 210 97 35
2 320 137 60
1 188 97 32
4 283 112 47
3 242 112 45
1 203 100 35
4 294 125 53
1 228 117 38
5 300 124 48
4 260 129 44
2 216 99 35
4 270 115 44
1 216 97 33
4 301 137 53
3 275 127 54
2 265 124 46
3 132 65 20
4 281 130 53
1 188 95 32
4 297 141 60
2 270 126 50
5 271 120 43
5 272 118 41
4 259 130 48
2 226 104 38
1 222 108 38
3 263 123 48
4 288 130 58
4 272 121 46
4 291 127 46
1 159 93 33
1 227 108 39
1 217 110 38
5 291 108 47
5 248 108 42
1 197 83 33
5 259 113 42
4 242 113 45
4 256 135 50
2 293 135 57
1 203 114 36
1 196 98 30
3 162 79 25
1 225 110 38
2 210 107 33
1 212 104 33
2 298 137 54
4 246 129 49
2 290 134 47
2 312 148 56
1 200 95 32
4 324 140 62
3 277 123 45
1 205 102 35
3 196 101 35
2 217 109 34
4 317 144 57
1 201 107 37
2 318 158 68
2 282 135 52
1 237 110 39
3 152 76 25
3 254 126 46
2 228 129 46
3 217 104 36
2 260 135 48
4 324 140 58
2 212 102 32
3 150 69 22
4 237 120 44
3 234 114 37
3 270 124 44
3 227 118 35
2 262 134 50
1 217 113 39
1 207 99 31
4 240 117 44
5 253 110 42
3 265 124 48
1 230 112 38
4 297 125 50
1 204 106 34
2 213 98 35
3 167 80 27
2 222 104 38
1 205 103 34
2 202 96 32
3 246 110 37
1 197 105 34
2 312 120 61
2 221 104 37
1 204 93 37
1 229 109 40
4 223 105 36
4 240 111 46
1 193 106 33
1 207 107 37
2 272 119 44
1 206 96 32
3 269 121 45
4 296 133 54
3 241 110 39
2 280 130 52
1 195 94 31
3 211 100 33
2 276 133 47
5 252 110 42
2 230 106 40
2 298 135 48
1 197 103 30
2 287 140 55
3 260 123 44
3 290 131 48
3 250 115 43
1 210 95 37
1 210 109 33
1 215 112 37
4 248 110 43
4 261 126 45
1 194 105 37
4 329 149 62
3 221 108 37
4 228 122 41
5 284 132 50
5 256 112 46
1 214 102 35
5 222 102 38
1 198 102 33
4 277 123 47
5 275 110 46
2 274 143 51
3 177 83 25
4 257 116 42
3 216 110 25
2 331 140 60
1 208 112 36
4 300 122 55
5 286 118 47
4 275 120 47
1 222 92 34
4 237 117 42
4 280 137 50
2 220 94 34
1 208 100 35
4 329 140 62
2 287 135 54
3 224 107 36
3 230 112 47
2 186 92 30
3 267 121 48
3 275 131 48
5 287 116 45
1 225 121 42
3 273 120 42
3 220 106 36
3 188 93 33
3 288 132 46
2 273 123 49
1 234 110 41
1 213 104 34
4 320 143 61
3 227 112 38
1 207 108 38
1 143 72 24
5 247 103 42
3 220 105 36
1 204 100 34
1 170 102 33
1 208 107 36
1 190 91 30
1 203 100 35
1 228 108 38
2 291 130 47
5 255 113 41
3 252 124 47
5 270 116 50
2 284 134 61
2 308 131 58
1 222 104 36
4 254 117 46
1 207 110 35
3 226 111 35
4 257 116 52
3 219 105 38
4 287 141 50
3 150 75 21
