1.223212
1.037162
-1.102418
1.037162
-0.8233426
-0.7303174
-0.8233426
-0.8233426
-0.9163679
-0.6372922
0.2929600
2.246490
-0.9163679
-0.6372922
0.8511114
-0.9163679
2.153464
-1.009393
-0.1721661
-0.3582165
-1.102418
-0.4512418
-0.7303174
0.3859853
0.5720357
-0.1721661
0.1069096
-0.9163679
0.9441366
1.223212
1.037162
-1.381494
1.409263
-1.102418
0.6650609
0.7580861
-0.3582165
-0.2651913
0.8511114
-0.2651913
-0.6372922
0.2929600
0.4790105
0.4790105
0.8511114
-1.195444
-0.8233426
-0.8233426
-0.8233426
-1.102418
-1.102418
-0.2651913
-0.1721661
0.3859853
1.595313
-1.009393
-1.102418
-0.9163679
-0.4512418
-0.1721661
-0.9163679
1.502288
0.5720357
1.130187
3.362792
-1.102418
1.409263
0.1999348
-1.009393
-0.07914086
-0.07914086
1.037162
-0.9163679
2.897666
2.43254
-0.6372922
-1.009393
0.1999348
1.595313
-0.2651913
1.316237
1.688338
-0.2651913
-1.009393
0.4790105
0.1069096
0.8511114
-0.1721661
1.409263
-0.8233426
-1.009393
0.1069096
-1.102418
0.9441366
-0.9163679
0.4790105
-0.8233426
-0.3582165
-0.8233426
-0.2651913
-0.7303174
-1.102418
0.1069096
-0.9163679
2.43254
-0.07914086
-1.195444
-0.7303174
-0.8233426
-0.1721661
-0.9163679
-1.009393
0.6650609
-1.102418
0.5720357
1.316237
0.6650609
1.409263
-1.009393
-0.4512418
0.9441366
-0.544267
0.01388436
1.130187
-1.102418
2.246490
0.7580861
1.688338
0.1069096
-0.8233426
-0.8233426
-0.8233426
0.2929600
0.4790105
-1.009393
1.223212
-0.07914086
0.2929600
-0.8233426
-0.3582165
-0.8233426
-0.8233426
-1.102418
0.01388436
-0.4512418
1.409263
-0.7303174
0.3859853
-0.3582165
2.897666
-0.9163679
0.1999348
-0.07914086
0.5720357
-1.009393
-0.07914086
0.6650609
-0.6372922
-0.9163679
1.409263
1.037162
-0.2651913
0.1999348
-1.009393
0.7580861
0.7580861
-0.8233426
-0.6372922
0.4790105
-0.1721661
-0.544267
0.7580861
1.502288
-0.6372922
-1.102418
1.409263
-0.07914086
-0.8233426
-1.381494
-0.3582165
0.01388436
-0.8233426
-1.102418
-0.8233426
-1.009393
-1.102418
-0.8233426
0.9441366
-0.3582165
0.5720357
-0.6372922
3.176742
1.223212
-0.6372922
0.1069096
-1.009393
0.01388436
0.5720357
-0.2651913
0.6650609
-0.9163679
