12 0 1 94 602 503 66 49 0.5
11 0 2 94 468 576 51 64 23.5
23 0 3 75 552 683 71 91 37
29 1 2 99 772 913 69 93 29
13 1 3 83 696 767 79 93 20
7 0 1 98 750 760 77 85 25
24 1 3 96 993 895 85 76 4.5
4 1 3 83 722 779 70 92 29
13 1 1 96 746 786 75 86 24
22 0 2 73 704 693 80 82 2.5
4 1 3 78 691 666 87 75 5
18 1 2 74 671 623 89 73 2
14 0 3 100 798 729 86 76 11
21 0 2 98 713 808 75 87 31
3 1 2 89 774 735 83 79 6
3 1 2 83 724 775 78 84 20
15 1 2 79 807 722 95 66 8
1 0 3 72 628 730 70 84 25
20 1 3 80 686 642 83 79 14
6 0 2 71 637 648 83 79 14
3 1 2 84 810 764 86 76 18
7 0 3 77 802 725 88 74 10
19 0 2 91 640 646 77 84 20.5
22 0 2 71 788 599 97 65 0
15 1 2 83 764 708 87 75 11
6 0 2 87 720 801 76 85 18.5
24 1 3 81 426 521 44 65 20
14 0 3 80 663 591 92 71 1
10 1 2 80 830 757 84 78 19
8 1 2 89 604 654 73 89 16
28 1 2 77 605 822 54 107 45.5
21 0 2 90 646 729 77 85 18
21 0 2 91 629 680 78 84 20
28 1 2 84 750 696 89 73 15
3 1 2 99 836 718 94 68 4
24 1 3 86 718 835 67 95 25
22 0 2 74 751 657 88 74 0
22 0 1 96 776 833 73 89 15
15 1 2 78 804 650 93 69 6.5
27 1 3 99 945 859 95 67 0
8 1 2 84 761 766 75 86 29
24 1 3 100 907 780 91 71 0.5
21 0 2 82 664 654 89 73 3
4 1 3 90 690 706 80 82 23
18 1 2 89 698 792 74 87 14.5
26 0 2 71 739 699 90 72 7
5 1 3 87 748 746 77 85 8
6 0 1 100 764 904 65 97 30
6 0 2 76 611 728 75 87 26
10 1 2 75 570 786 57 102 37.5
23 0 3 97 795 891 76 86 14
28 1 2 93 847 742 95 67 0
2 1 2 90 669 698 76 85 11.5
12 0 1 100 938 944 72 90 23
17 0 2 95 621 638 66 78 24
10 1 2 91 817 794 84 78 7
12 0 1 95 747 674 76 68 9
1 0 2 95 645 540 90 54 0
7 0 1 100 825 765 85 77 10
17 0 2 85 633 636 84 77 16.5
1 0 2 94 542 448 68 46 6
17 0 2 79 701 581 95 65 2
25 0 3 69 713 636 90 72 3
18 1 2 100 871 814 87 74 0
28 1 2 91 684 622 91 71 0
1 0 3 75 583 739 67 94 40.5
26 0 2 92 631 604 83 79 13
19 0 2 86 783 578 108 54 0
12 0 3 88 617 631 82 80 12.5
1 0 3 90 682 821 65 97 26
9 0 3 96 961 964 83 79 8
4 1 3 80 698 797 65 95 31
23 0 3 90 673 673 75 87 16
17 0 2 73 668 702 79 83 3.5
19 0 2 90 775 613 91 71 4
16 1 3 92 747 653 90 72 6
10 1 2 72 558 514 86 70 0
24 1 3 90 640 680 77 85 26
14 0 3 73 675 565 95 66 3.5
25 0 3 97 784 793 90 72 0
22 0 2 90 733 619 95 67 0
5 1 1 99 777 870 75 86 21.5
2 1 2 84 681 667 85 77 19
10 1 2 85 729 688 84 77 15
12 0 3 74 653 632 81 81 21
6 0 2 80 614 728 64 98 27
23 0 3 86 656 723 74 88 22
19 0 2 98 706 645 88 74 18
17 0 2 96 741 668 88 74 8
10 1 2 70 666 731 79 83 29
24 1 3 97 925 833 90 72 0
20 1 3 81 458 403 64 45 0
6 0 2 93 738 739 84 78 13
15 1 2 91 799 744 83 79 8
14 0 3 87 635 675 73 89 17
28 1 2 81 329 466 37 69 23.5
22 0 2 72 691 512 96 59 0
7 0 3 70 775 681 102 60 0
10 1 2 77 714 751 74 88 26
29 1 2 98 620 751 63 99 51
17 0 2 83 677 646 82 80 8
20 1 3 76 686 598 87 74 2.5
7 0 3 87 783 752 84 78 6
22 0 2 75 712 565 92 69 0
17 0 2 87 741 720 91 71 4
26 0 2 85 747 572 101 61 0
20 1 3 74 689 551 90 72 0
7 0 1 99 865 711 96 67 1.5
29 0 1 99 815 886 74 87 22.5
3 1 2 69 743 736 87 75 22
8 1 2 88 666 731 78 84 11
21 0 2 73 642 717 71 91 11.5
13 1 3 76 713 611 90 72 0
26 0 2 78 600 657 69 93 21
23 0 3 84 686 634 92 70 0
13 1 3 88 704 648 84 77 19.5
18 1 2 99 900 731 98 64 0
15 1 2 93 733 792 69 93 26
2 1 2 97 812 681 98 64 0
9 0 3 98 923 908 83 79 7
5 1 1 95 755 758 68 76 32
27 1 3 79 750 698 83 79 5
16 1 3 81 378 486 41 68 23
13 1 3 91 727 722 82 80 13
7 0 3 74 776 631 98 64 4
12 0 3 93 716 630 85 77 19
26 0 2 83 679 710 79 83 11
22 0 2 76 708 630 92 70 9
17 0 2 71 622 729 71 90 25.5
5 1 3 83 800 650 99 63 0
2 1 2 80 805 640 100 62 3
24 1 3 99 859 905 79 83 16
6 0 2 89 702 623 93 69 0
8 1 2 74 662 694 77 85 14
28 1 2 79 613 862 53 109 50.5
27 1 3 90 676 696 83 79 20
1 0 3 92 682 569 98 64 0
8 1 1 97 868 815 86 75 0
7 0 3 89 632 691 75 87 17
26 0 1 96 759 706 88 74 0
27 1 3 91 829 814 85 77 10
28 1 2 89 731 651 89 73 0
17 0 2 78 633 611 76 86 12
1 0 3 84 632 655 80 82 12
20 1 3 93 715 846 68 94 29
23 0 3 70 681 788 63 99 39
25 0 3 71 706 644 90 72 0
23 0 3 88 594 583 83 78 11
10 1 2 92 791 794 75 87 21
15 1 1 96 894 899 80 82 19.5
13 1 3 74 667 662 77 85 13
6 0 2 85 686 729 77 84 23.5
8 1 2 83 704 785 70 92 28
2 1 2 83 799 652 98 64 0
5 1 3 92 738 690 86 76 10
4 1 3 96 762 943 70 91 19.5
3 1 2 87 842 825 78 84 20
16 1 1 97 772 861 68 94 18.5
10 1 2 84 829 643 104 58 0
23 0 3 100 752 815 76 86 21
5 1 3 70 633 822 56 106 42
1 0 3 93 767 559 104 58 0
27 1 3 78 692 632 87 75 5
2 1 2 79 757 582 102 57 0
26 0 2 69 595 540 87 75 13
2 1 2 91 686 796 67 95 24
1 0 2 97 791 581 101 61 0
26 0 2 89 632 608 86 76 7
14 0 3 79 739 717 79 83 11.5
2 1 2 96 949 903 88 74 4
6 0 2 90 690 774 77 85 18
25 0 3 89 699 600 92 70 0
28 1 2 82 651 701 78 84 17
16 1 3 87 786 806 85 77 0
27 1 3 74 690 698 84 76 5
27 1 3 75 714 733 79 83 19
13 1 3 79 851 816 85 77 3
18 1 2 93 821 761 88 74 7
29 1 2 69 694 644 86 76 23
12 0 3 80 637 589 93 70 0
26 0 2 70 744 747 76 86 13
18 1 2 75 681 588 83 77 12
16 1 3 86 741 839 71 91 21
22 0 2 78 684 637 88 73 1.5
26 0 1 99 809 838 75 86 21.5
17 0 2 90 662 598 85 77 10
26 0 2 75 662 689 82 80 10.5
5 1 1 100 978 839 95 67 0
4 1 3 84 696 697 81 81 3
13 1 3 85 687 639 91 71 0
19 0 2 77 587 663 64 98 37
7 0 3 91 689 691 74 88 20
2 1 2 71 742 530 101 57 0
7 0 1 96 778 773 81 81 7
2 1 2 86 708 760 73 89 22.5
18 1 2 71 648 641 82 80 21
4 1 3 85 732 703 90 72 1
10 1 2 73 642 674 85 77 12
17 0 2 72 513 609 70 86 26.5
18 1 2 96 871 787 92 70 0
27 1 3 82 590 749 64 98 29
16 1 3 76 743 704 85 77 5
21 0 2 69 645 745 63 99 37
20 1 3 100 947 813 91 70 0
26 0 2 84 652 645 84 78 12.5
13 1 3 82 784 717 90 72 3
24 1 3 91 702 674 83 79 12
28 1 2 87 845 655 96 66 2
22 0 2 84 615 567 75 87 21.5
20 1 3 85 757 787 77 85 14
15 1 2 88 682 616 87 75 2
6 0 1 97 687 759 68 94 16
3 1 2 79 841 711 91 69 11.5
28 1 2 86 809 733 86 76 9.5
28 1 2 98 816 768 88 74 26
15 1 2 77 639 765 67 95 33
27 1 3 88 637 735 70 91 33.5
14 0 3 78 727 573 95 67 0
18 1 2 87 788 758 89 73 9
7 0 3 78 710 688 92 69 2.5
29 1 2 70 626 689 70 92 38
4 1 3 89 669 578 91 71 8
22 0 2 88 651 616 85 75 15
2 1 2 82 774 687 94 68 1
22 0 2 91 768 632 98 64 0
3 1 2 92 599 669 73 89 23
5 1 1 96 898 794 85 77 14.5
5 1 3 81 476 423 54 52 8.5
26 0 2 72 568 600 75 81 21.5
8 1 2 69 573 717 62 99 46.5
14 0 3 84 580 600 79 83 13
2 1 2 69 779 517 109 53 0
26 0 1 98 810 782 83 79 19
6 0 2 75 712 827 75 87 17.5
14 0 3 99 793 787 77 85 23
1 0 3 76 620 700 70 92 32
16 1 1 98 734 818 70 92 19
8 1 1 98 850 779 89 73 0
5 1 3 89 693 750 69 92 29.5
25 0 3 75 659 671 80 81 27.5
29 1 3 98 787 783 85 77 3
1 0 3 73 799 774 76 85 22.5
12 0 3 92 608 668 81 81 17
7 0 3 80 707 670 89 73 3.5
17 0 2 100 738 902 67 95 28
27 1 3 76 616 652 76 86 14
22 0 1 98 650 718 69 93 33
16 1 3 79 764 725 82 80 6
17 0 2 99 718 853 68 94 35
26 0 2 74 677 643 86 75 1.5
7 0 3 76 857 633 102 60 0
19 0 2 80 611 702 67 95 24
17 0 2 84 593 585 78 83 18
25 0 3 83 687 697 79 83 12
4 1 3 71 511 576 76 86 25.5
24 1 3 95 796 708 79 66 0
23 0 3 72 488 665 58 95 36.5
18 1 2 90 603 749 67 95 21
10 1 2 100 823 827 79 83 16
25 0 3 94 504 500 55 60 3.5
23 0 3 98 749 635 98 64 0
5 1 3 71 617 597 79 83 22.5
12 0 3 83 643 646 85 77 6
3 1 2 88 813 689 89 73 0
23 0 3 85 650 622 83 79 12
8 1 2 90 732 737 77 85 11
13 1 3 93 675 694 84 78 10
25 0 3 86 698 618 83 79 13
29 0 3 99 908 676 100 62 0
22 0 2 83 659 648 84 78 6
28 1 2 100 861 908 83 79 4.5
8 1 2 92 674 746 76 86 20
21 0 2 92 686 717 70 92 26
8 1 1 96 952 769 99 62 0
16 1 3 90 666 729 74 88 29
17 0 2 92 648 581 87 75 9
12 0 1 99 823 675 97 65 0
10 1 2 96 783 1103 53 109 39
6 0 2 83 701 719 71 91 19
15 1 2 71 534 609 69 92 32
7 0 3 88 641 596 87 74 7
10 1 2 69 701 601 90 72 19
21 0 2 88 597 734 65 96 35.5
27 1 3 92 682 753 77 85 19
15 1 2 90 732 760 74 88 14
2 1 2 89 708 686 87 75 2
3 1 2 72 640 620 85 70 0.5
2 1 2 75 682 553 90 69 4.5
7 0 3 82 545 661 61 101 28
27 1 3 77 767 657 94 68 8
8 1 2 79 760 805 81 80 22
8 1 2 81 431 442 52 51 7
16 1 3 71 654 670 74 86 26.5
9 0 3 97 923 908 83 79 7
7 0 3 90 693 597 91 71 0
10 1 2 76 609 709 74 87 24
10 1 2 99 747 882 69 92 27.5
4 1 3 88 714 771 75 87 29
8 1 2 86 831 841 84 78 11.5
4 1 3 82 814 670 93 69 0
22 0 2 69 725 652 88 74 12
3 1 2 73 738 647 89 73 8
12 0 3 82 569 620 77 85 12
13 1 3 77 822 651 102 60 0
2 1 2 85 818 764 83 78 16
7 0 3 71 586 581 79 83 11
26 0 2 93 758 744 87 75 10
23 0 3 82 675 658 81 81 8
16 1 3 75 724 736 76 83 20.5
22 0 2 77 734 665 96 66 5
25 0 3 87 783 669 90 72 0
19 0 2 76 615 538 86 76 15
12 0 3 72 708 636 84 69 10.5
10 1 2 79 770 738 85 76 18
19 0 2 95 657 618 69 75 21
13 1 1 95 629 691 70 74 30
21 0 2 84 720 690 81 81 15.5
19 0 2 75 646 625 82 80 10.5
25 0 3 93 808 636 103 59 1
14 0 3 95 634 609 78 66 0
22 0 2 80 666 646 83 79 8
20 1 3 91 760 776 84 78 11
3 1 2 93 686 698 80 82 15
16 1 3 89 740 738 80 82 19
23 0 3 69 468 746 52 110 41
5 1 3 88 631 757 71 90 32.5
5 1 3 80 587 722 70 90 26
13 1 1 94 574 532 64 51 4
21 0 2 94 521 497 54 61 20.5
26 0 2 81 464 417 59 43 0
9 0 3 94 573 638 53 64 6.5
22 0 1 99 775 782 78 83 18.5
29 1 2 100 733 842 69 92 18
4 1 3 72 454 533 75 80 18
17 0 2 80 694 629 90 72 1
23 0 3 81 382 455 41 69 26
14 0 3 97 742 645 88 74 2
20 1 3 78 532 690 69 93 23
7 0 3 86 732 717 86 76 10
16 1 3 69 790 618 97 65 0
21 0 2 100 708 830 65 97 30
16 1 3 93 693 830 71 91 26
14 0 3 89 554 536 77 83 14
26 0 2 82 685 609 92 70 0
10 1 2 94 652 671 53 62 15
4 1 3 87 770 803 75 87 10
16 1 3 70 744 605 98 64 0
4 1 3 79 866 768 88 74 0
25 0 3 91 649 697 75 87 19
21 0 2 80 728 639 91 71 0
15 1 2 89 707 679 81 81 8
7 0 1 95 747 623 85 59 0
5 1 3 86 644 699 72 90 20
27 1 3 72 461 628 54 100 38.5
21 0 2 83 696 635 90 72 0
8 1 2 72 472 519 72 84 14
6 0 2 78 664 724 79 83 11
10 1 2 82 729 685 83 79 12
1 0 2 100 810 714 95 67 0
10 1 2 93 899 837 85 77 10
4 1 3 93 684 770 71 91 26
7 0 3 73 741 621 99 63 0
21 0 2 71 558 688 67 95 30
25 0 3 78 613 594 89 73 6
3 1 2 86 794 696 95 66 0
3 1 2 91 731 712 84 78 7
22 0 2 92 693 595 96 66 0
17 0 2 86 637 688 78 83 29.5
17 0 2 93 732 682 94 68 3
18 1 2 69 562 587 80 81 28.5
11 0 2 96 688 703 80 82 16
24 1 3 93 734 731 82 80 12
23 0 3 94 479 531 47 70 12.5
15 1 2 74 647 660 76 86 15
15 1 2 84 641 734 67 94 36.5
10 1 2 88 703 658 88 74 1
22 0 2 81 407 425 46 56 13
8 1 2 76 615 615 81 78 16
9 0 3 93 758 967 67 95 37
25 0 3 90 719 710 85 77 6
15 1 2 82 891 717 95 67 0
12 0 3 70 744 763 79 83 23
17 0 2 74 662 657 79 82 8.5
5 1 3 79 730 748 73 87 14
18 1 2 70 680 612 93 69 15
23 0 3 92 617 636 82 80 16
21 0 2 77 847 668 101 61 0
22 0 2 89 637 680 74 88 19
15 1 2 81 493 459 62 47 0
24 1 3 87 760 801 78 84 8
24 1 3 79 711 820 67 95 21
29 0 1 98 707 812 74 88 28
25 0 3 84 682 807 66 96 26
14 0 3 75 648 534 88 74 20
27 1 3 97 807 823 77 85 13
13 1 1 100 879 930 77 85 18
8 1 1 95 840 607 100 44 0
7 0 3 69 798 768 89 73 4
23 0 3 83 653 653 81 81 10
5 1 3 91 758 681 87 75 8
4 1 3 95 801 697 78 67 1
5 1 3 78 634 731 71 90 20.5
13 1 3 72 580 545 76 78 16.5
20 1 3 83 708 782 74 88 25
26 0 1 100 887 771 95 67 0
19 0 2 89 683 595 87 75 6
21 0 2 74 676 701 80 82 8
12 0 3 91 605 717 65 97 29
18 1 2 91 674 777 71 91 20
12 0 3 79 583 582 89 73 1.5
21 0 2 76 770 557 101 61 0
24 1 3 82 651 712 76 86 17
10 1 2 87 896 735 98 64 0
13 1 3 87 715 691 83 79 2
12 0 3 86 654 569 96 66 0
18 1 2 98 965 656 114 48 0
17 0 2 88 628 592 81 81 20
2 1 2 73 754 561 97 65 0
6 0 1 94 500 549 49 64 16.5
16 1 3 73 738 692 81 81 13
6 0 2 84 762 658 96 65 0
23 0 3 91 636 646 84 78 10
27 1 3 96 928 799 90 72 0
14 0 3 71 663 587 89 73 1
9 0 3 95 785 783 77 67 1
19 0 2 97 777 709 88 74 13
19 0 2 72 528 578 83 73 13.5
26 0 2 87 798 693 95 67 0
16 1 3 84 673 675 81 81 3
26 0 1 94 535 621 53 61 13
6 0 2 77 692 739 81 81 20
10 1 2 81 427 404 60 49 2
21 0 2 85 667 673 75 87 26
14 0 3 81 450 356 63 47 4
11 0 2 97 740 669 92 70 9
29 0 1 100 740 826 73 89 22
22 0 2 82 724 696 84 78 8
25 0 3 70 831 826 86 76 16
25 0 3 81 427 414 56 55 11.5
17 0 2 98 644 783 65 97 41
7 0 1 97 651 764 76 86 8
23 0 3 96 771 682 91 71 0
20 1 3 88 800 620 104 58 0
29 1 3 100 864 869 82 80 9.5
12 0 3 90 573 656 75 87 16
4 1 3 91 653 649 81 81 14
26 0 1 95 563 658 62 81 22.5
16 1 3 77 867 776 84 77 17.5
2 1 2 88 550 789 54 107 34.5
1 0 3 74 661 563 88 74 14
18 1 2 72 557 527 79 76 6.5
18 1 2 73 641 610 80 82 17
23 0 3 93 679 772 61 101 43
25 0 3 76 595 686 74 88 28
20 1 3 87 806 789 81 81 4
4 1 3 74 618 657 68 94 22
13 1 3 86 654 673 76 86 16
18 1 2 85 839 660 97 64 2
28 1 2 97 654 694 76 86 22
13 1 3 70 611 705 65 97 33
15 1 2 80 811 682 86 76 17
20 1 3 79 573 860 54 108 34
12 0 3 77 680 650 81 81 17
24 1 3 92 679 799 64 98 32
28 1 2 94 566 579 55 60 16
18 1 2 83 770 703 91 71 7
5 1 3 72 566 538 87 67 5.5
23 0 3 78 591 598 84 78 11
2 1 2 94 589 497 63 49 6.5
1 0 3 81 395 416 50 56 15
20 1 3 90 733 570 103 59 0
1 0 3 80 630 660 81 80 11
14 0 3 88 628 544 94 67 0
27 1 3 95 691 720 74 70 4.5
22 0 2 93 707 806 75 87 22
20 1 3 94 549 589 51 63 1
20 1 3 71 691 564 101 60 0
2 1 2 99 851 815 78 84 20
17 0 2 75 601 690 75 87 17.5
26 0 2 88 578 633 76 86 25
3 1 2 71 691 667 85 77 18
3 1 2 70 786 722 87 75 21
14 0 3 70 749 684 87 74 14.5
8 1 2 82 683 748 78 84 17
1 0 3 82 739 702 89 73 0
15 1 1 94 547 586 53 62 18
1 0 3 83 746 640 88 74 3
14 0 3 93 675 662 81 81 23
21 0 2 79 683 718 84 78 14
18 1 2 88 772 748 85 76 3.5
15 1 2 85 690 802 71 90 28
19 0 2 83 575 680 68 94 22
23 0 3 99 710 781 74 88 26
6 0 2 72 685 567 85 70 11
19 0 2 92 599 653 72 90 24
24 1 3 80 610 793 59 103 38
5 1 3 73 652 705 77 85 17
27 1 3 93 835 751 86 76 8
28 1 2 85 759 588 99 62 0
28 1 2 78 590 775 59 102 40
20 1 3 77 605 749 63 98 38.5
6 0 2 74 669 826 66 96 22
20 1 3 75 758 606 98 64 0
19 0 2 85 695 568 98 64 3
27 1 3 80 756 752 76 85 20.5
17 0 2 89 632 630 81 81 12
17 0 2 77 665 736 75 87 26
13 1 3 71 603 566 85 76 16
1 0 3 87 747 829 69 92 20.5
11 0 2 93 581 724 64 98 33
16 1 3 82 657 819 60 102 33
5 1 3 90 682 633 94 68 9
12 0 3 76 625 657 80 82 22
13 1 3 89 690 635 92 70 7
3 1 2 75 796 709 95 65 0
20 1 3 84 738 796 77 85 7
10 1 2 97 784 790 79 83 19
3 1 2 95 791 698 86 58 0
25 0 3 82 673 687 87 75 2
7 0 3 72 707 557 95 59 0
6 0 2 73 614 655 77 84 5
15 1 2 70 613 751 65 97 33
11 0 2 100 731 797 79 82 15.5
3 1 2 100 792 745 85 77 2.5
9 0 3 100 968 897 82 80 15
25 0 3 88 670 626 83 79 11.5
8 1 2 85 729 861 60 102 39.5
16 1 1 100 748 880 69 93 26
18 1 2 92 733 746 76 86 20
22 0 1 100 793 888 69 93 26
3 1 2 81 519 481 59 49 2.5
25 0 3 100 925 747 97 65 0
1 0 3 79 669 763 66 94 23.5
12 0 3 89 647 669 86 76 6
19 0 2 69 632 541 100 62 0
25 0 3 73 739 702 88 74 11
18 1 2 78 735 582 100 63 0
13 1 3 69 586 688 69 93 28
18 1 2 79 734 672 89 71 13.5
2 1 2 100 794 913 74 88 13.5
28 1 2 90 767 661 86 76 2
10 1 2 89 617 816 59 103 30
19 0 2 100 807 738 94 68 1
14 0 3 98 669 678 83 79 15
23 0 3 95 668 672 70 74 8
20 1 3 82 691 819 68 94 25
1 0 3 69 691 631 93 69 0
22 0 1 94 466 580 53 61 13
21 0 2 78 708 586 90 72 0
19 0 2 70 695 630 83 79 6
20 1 3 72 604 457 93 62 0
29 1 3 99 711 826 70 92 25
1 0 2 99 840 661 103 59 0
13 1 3 73 755 752 88 74 6
7 0 3 79 731 644 90 71 0
23 0 3 77 692 834 69 93 29
2 1 2 87 729 880 67 95 31
14 0 3 90 728 685 86 76 5
15 1 1 95 740 747 65 79 35
22 0 2 70 729 664 89 73 0
8 1 2 73 680 826 71 91 26
25 0 3 92 574 647 72 90 26
10 1 2 71 701 645 91 71 12
3 1 2 76 716 660 83 79 15.5
28 1 2 95 642 777 56 88 30
18 1 2 97 891 688 96 66 2
5 1 3 93 776 664 94 68 0
15 1 2 87 862 817 91 71 7
16 1 3 91 776 652 95 67 0
25 0 3 79 672 751 73 91 19.5
8 1 1 100 950 816 90 72 5
20 1 3 69 740 678 88 74 9
22 0 2 87 723 744 80 82 15
18 1 2 80 820 662 103 59 0
18 1 2 81 421 343 59 48 2
24 1 3 84 682 774 74 88 10
16 1 1 96 877 900 78 84 21.5
19 0 2 96 746 779 71 91 25
19 0 2 81 348 432 41 62 18.5
13 1 3 92 610 667 72 90 24
15 1 2 76 570 655 66 95 32
29 0 3 100 792 754 85 77 12
24 1 3 98 859 855 76 85 11.5
22 0 2 86 663 700 64 98 44
6 0 1 98 831 792 90 73 12.5
2 1 2 95 704 640 71 73 15
6 0 2 91 695 734 77 83 20
3 1 2 78 796 657 99 64 1
17 0 2 82 697 616 86 76 6
13 1 3 80 809 694 97 65 0
4 1 3 69 528 652 71 91 26
23 0 3 71 486 610 61 100 28.5
1 0 3 91 749 644 94 68 0
15 1 2 75 675 792 68 94 28
6 0 2 81 370 483 38 65 21.5
20 1 3 89 712 576 99 63 0
8 1 1 94 679 562 66 47 1
14 0 3 96 703 652 90 72 1
12 0 3 75 664 711 64 97 43.5
6 0 1 95 693 671 73 71 12
29 1 3 97 829 794 84 78 6
5 1 3 84 679 736 74 88 10
4 1 3 76 550 631 76 86 14
25 0 3 85 556 674 62 100 33
25 0 3 95 652 776 67 77 11
27 1 3 86 771 743 87 75 5
5 1 3 85 736 720 85 77 6
24 1 3 94 569 616 49 63 2
7 0 3 83 623 710 74 88 17
8 1 2 87 742 957 61 101 37
4 1 3 70 631 630 86 76 12
7 0 3 81 464 440 66 42 0
24 1 3 85 719 818 74 88 17
23 0 3 80 591 654 73 89 19.5
8 1 2 93 790 813 76 86 19
16 1 1 95 703 889 56 88 44
6 0 2 88 660 694 77 85 24
2 1 2 74 659 612 91 71 0
4 1 3 94 543 660 47 68 5.5
28 1 2 80 624 762 67 95 36
19 0 2 84 652 676 90 72 6.5
14 0 3 74 798 561 102 60 0
2 1 2 92 705 656 89 73 7
16 1 1 99 686 845 63 97 33
2 1 2 81 429 437 59 46 1
19 0 2 73 608 588 82 79 0
22 0 1 97 725 760 79 83 5
10 1 2 74 620 768 72 90 19
13 1 3 81 397 405 50 53 11
6 0 2 92 593 624 78 84 18
16 1 3 72 537 535 77 77 15.5
26 0 2 79 731 693 86 76 12
21 0 2 70 594 730 73 88 15.5
17 0 2 94 585 454 74 40 0
20 1 3 73 758 615 94 68 0
12 0 1 98 874 620 102 60 0
18 1 2 82 709 716 79 83 16
27 1 3 83 639 609 77 85 22
26 0 2 86 601 611 79 82 28.5
20 1 3 97 764 946 65 97 25
11 0 2 98 667 923 54 108 52
26 0 2 91 651 648 84 78 14
6 0 2 82 676 709 73 89 19
21 0 2 86 739 713 86 75 21.5
19 0 2 99 853 711 97 66 6.5
14 0 3 92 548 636 63 99 35
13 1 1 97 747 820 67 94 19
16 1 1 94 594 688 53 60 14
16 1 3 74 673 669 82 80 8
10 1 2 95 654 844 60 84 26
3 1 2 94 552 621 54 61 17
21 0 2 75 735 694 86 76 6.5
2 1 2 93 786 745 85 77 10
8 1 2 75 688 703 79 80 15.5
28 1 2 83 795 726 89 73 9
19 0 2 74 572 646 71 91 17
8 1 2 70 649 675 76 86 32
24 1 3 77 624 855 64 98 38
9 0 3 99 906 1028 72 90 28
22 0 2 79 775 643 98 64 0
8 1 2 77 676 739 71 90 28.5
17 0 2 81 443 394 60 48 2
6 0 1 99 747 920 67 95 30
7 0 3 92 660 609 90 72 8
3 1 2 80 757 767 83 77 19
26 0 2 80 738 710 74 88 17
7 0 1 94 609 490 66 48 0
20 1 3 95 730 761 67 77 11.5
24 1 3 69 639 799 64 98 33
19 0 2 71 588 550 83 79 14
21 0 2 99 841 846 77 85 26
13 1 1 99 856 921 64 97 32.5
12 0 3 87 648 678 76 86 14
26 0 1 97 689 708 73 89 11
19 0 2 93 672 744 59 103 38
23 0 3 87 668 763 65 97 25
5 1 3 75 655 703 75 86 22.5
1 0 3 78 600 750 69 93 26
1 0 3 71 643 699 82 80 8
4 1 3 77 675 695 74 88 28
19 0 2 88 703 532 100 60 0
15 1 2 72 493 595 65 91 21
8 1 2 80 738 807 79 81 23
27 1 3 98 940 871 88 74 0
15 1 2 92 740 604 92 70 4
12 0 3 85 706 691 83 79 12
21 0 2 93 877 740 97 65 0
14 0 3 69 645 561 85 77 8
13 1 1 98 714 899 72 89 16.5
10 1 2 98 722 863 65 97 24
18 1 2 94 670 534 70 43 0
15 1 2 86 667 734 77 84 18
2 1 2 77 719 653 97 64 2.5
27 1 3 73 619 844 57 105 37
16 1 3 83 709 822 70 92 29
3 1 2 97 851 857 78 84 20
14 0 3 72 584 527 85 70 10.5
3 1 2 85 800 720 81 81 18.5
20 1 3 99 893 846 87 75 8
8 1 2 71 543 747 60 102 43
10 1 2 90 750 754 79 83 9
18 1 2 86 797 738 90 72 5.5
11 0 2 99 691 852 64 98 39
1 0 3 70 736 772 76 86 26
14 0 3 76 608 543 92 70 10
22 0 1 95 629 736 58 86 27
1 0 3 77 678 895 61 101 37
4 1 3 92 579 671 72 90 24
5 1 1 97 779 833 80 81 6
10 1 2 86 798 714 87 75 8.5
18 1 2 77 831 651 100 62 0
21 0 2 95 615 658 69 75 21
14 0 3 94 532 509 58 56 0
23 0 3 73 548 770 60 102 39
24 1 3 89 694 728 73 89 26
12 0 1 97 777 660 84 78 0
5 1 3 69 625 723 68 94 29
7 0 3 85 677 666 89 72 5.5
13 1 3 75 710 649 91 71 7
21 0 2 89 629 735 67 95 26
1 0 2 98 826 581 106 56 0
24 1 3 88 664 744 68 93 35.5
23 0 3 74 541 830 60 102 42
1 0 3 88 555 741 54 106 39.5
2 1 2 76 619 598 88 74 10.5
12 0 3 71 585 567 79 83 11
15 1 2 73 708 731 74 88 23
29 1 2 71 537 660 63 96 38.5
21 0 2 96 650 790 67 95 29
19 0 2 94 506 526 55 58 18.5
11 0 2 95 673 673 67 76 22.5
21 0 2 81 491 472 59 48 2.5
16 1 3 88 759 672 91 71 13
8 1 2 78 639 694 69 90 29
3 1 2 90 699 664 88 74 0
14 0 3 82 691 612 88 74 1
25 0 3 99 872 831 86 76 14
14 0 3 83 654 609 91 71 0
12 0 3 81 394 331 61 49 6
27 1 3 94 613 697 52 62 0
12 0 3 73 681 672 82 80 17
27 1 3 85 617 785 62 99 28.5
16 1 3 85 705 782 77 85 14
17 0 2 91 579 655 71 90 26.5
10 1 2 78 714 653 86 76 13.5
17 0 2 97 691 740 78 84 23
27 1 3 81 452 389 57 48 5
24 1 3 83 558 740 60 102 39
12 0 3 69 676 668 81 81 12
20 1 3 70 678 593 89 73 9
19 0 2 82 609 723 65 97 27
17 0 2 76 531 734 55 107 46
26 0 2 73 643 603 81 81 1.5
23 0 3 89 642 626 89 73 3
14 0 3 91 665 565 93 96 1
14 0 3 86 638 679 73 89 23
19 0 2 78 607 690 66 96 24
12 0 3 78 605 634 74 88 21
2 1 2 70 792 574 108 54 0
1 0 2 96 773 648 96 66 0
3 1 2 82 753 713 89 73 6
8 1 2 91 576 759 57 105 34
13 1 3 90 707 709 75 86 27.5
19 0 2 79 593 706 63 99 35
21 0 2 87 702 749 80 82 15
20 1 3 86 731 760 76 86 16
28 1 2 96 766 809 74 88 18
3 1 2 74 696 661 84 78 7
20 1 3 96 861 900 78 84 12
15 1 1 97 681 742 78 83 8
5 1 3 82 786 710 87 75 6
26 0 2 77 737 688 83 79 18
29 0 3 98 665 812 65 97 33
18 1 2 76 730 575 97 62 0
17 0 2 70 687 807 73 89 16
20 1 3 98 804 866 74 88 14
25 0 3 96 752 862 68 94 23
2 1 2 78 659 633 90 71 9
7 0 3 84 627 747 70 92 22
4 1 3 81 476 453 51 59 13.5
21 0 2 72 503 635 59 97 37.5
20 1 3 92 745 672 96 66 0
12 0 3 84 690 630 80 82 12
4 1 3 75 628 723 72 89 25.5
13 1 3 84 673 686 84 78 0
17 0 2 69 582 791 52 110 48
28 1 2 92 780 682 96 66 0
5 1 3 74 684 721 80 80 9
7 0 3 93 722 785 73 89 31
14 0 3 77 769 582 98 64 0
2 1 2 98 817 785 79 83 35
5 1 1 94 633 498 67 46 0
14 0 3 85 682 579 95 67 0
3 1 2 96 928 921 85 77 7
26 0 2 90 599 698 70 92 25
6 0 2 79 706 707 80 82 18
16 1 3 80 670 724 77 84 19.5
1 0 3 85 632 781 66 96 29
10 1 2 83 789 679 92 70 6
27 1 3 89 695 714 83 79 16
6 0 2 70 806 679 84 78 5
1 0 3 86 615 719 72 89 23.5
8 1 1 99 1009 860 97 65 0
5 1 1 98 861 931 80 82 9
25 0 3 74 634 723 72 90 30
6 0 2 86 680 781 70 90 37
28 1 2 88 763 680 87 75 2
5 1 3 77 844 771 90 72 12
26 0 2 76 629 671 72 90 29
6 0 1 96 772 771 76 86 12
6 0 2 69 720 611 92 70 8
25 0 3 98 845 739 89 74 9.5
24 1 3 78 614 834 56 104 35
18 1 2 95 749 688 79 65 7
5 1 3 76 586 745 64 97 25.5
27 1 3 87 823 849 75 87 10
27 1 3 100 848 974 71 91 20.5
27 1 3 84 656 714 69 92 14.5
13 1 3 78 743 634 92 70 0
19 0 2 87 823 698 92 70 3
12 0 1 96 753 792 82 80 6
25 0 3 80 573 634 75 86 17
21 0 2 97 668 840 68 94 33
4 1 3 73 629 657 79 83 15
7 0 3 75 840 586 108 54 0
23 0 3 79 603 681 68 93 22
4 1 3 86 786 684 92 70 0
1 0 3 89 584 680 63 97 28
2 1 2 72 519 430 80 74 5
16 1 3 78 666 678 73 89 19
25 0 3 77 673 711 75 87 23
28 1 2 99 883 862 84 78 14
25 0 3 72 662 649 69 86 26.5
3 1 2 77 859 712 97 64 2.5
3 1 2 98 876 729 92 70 22
22 0 2 85 568 708 57 104 43.5
18 1 2 84 758 679 87 75 17
23 0 3 76 570 662 73 89 29
