-0.07607891
0.4020913
-0.5126732
-0.07368195
0.4320658
0.2313576
1.156352
1.014677
-0.2610752
-0.447708
0.1835776
-0.5277041
1.378127
0.1329494
0.9753308
0.2172482
0.3801284
-1.690454
-1.442348
0.05052739
0.06203126
0.9838338
0.7668808
-0.1628583
0.87345
0.510976
-2.063298
1.546892
0.2209818
-0.5061275
0.1139627
0.4640871
0.5271077
0.5909764
0.91828
-0.9988697
-0.830099
-0.4272757
-0.01969015
1.194724
-1.746719
1.476999
0.8542131
1.015259
0.6535429
-0.01518060
-0.6437651
1.209091
-1.004963
-0.935682
0.5691736
2.038953
0.8900665
1.411206
-0.465045
0.03527785
-0.3752858
1.020575
1.033948
-0.1608503
1.000964
0.5827386
-1.361449
1.532104
2.007954
-2.448501
0.8930842
1.191632
0.3975590
-1.106700
1.945945
0.7792931
0.3074515
-0.5737668
1.16357
0.9508643
0.3499652
-0.1502173
0.6182818
0.1006687
0.5269954
-0.4161663
0.5225366
0.7689393
-0.8699787
-0.6461196
0.2461662
0.7702297
0.001367117
-0.1626208
1.507672
-0.4744751
1.098636
-0.1961504
1.215351
-1.684258
-0.2742772
0.2435309
-0.3816996
0.7441574
0.8016586
-1.610692
0.6685079
-0.5330271
0.3001977
1.085078
-1.433339
0.5391819
0.1149309
0.2796674
-0.2989990
-0.2003393
0.08673973
-0.5187828
0.4545323
0.8296548
1.576302
0.09701367
1.841147
1.887325
-0.008152166
-0.1356818
-2.738233
0.6443963
0.6472318
0.564095
0.7990458
-1.005550
-0.4968105
0.6147851
0.2359928
1.307540
0.9593336
-0.8227149
-0.2677862
0.5356225
1.426555
1.650369
0.4494105
1.099432
0.7796719
1.631517
-0.2749799
0.1447773
0.5108618
-2.037686
-0.8391069
-0.1543730
-0.2797079
-0.4355932
-0.7084214
0.6443932
-1.643991
0.5185145
1.121373
0.2642454
0.7149753
-0.2998556
1.140807
0.8973517
-2.61761
1.942364
-0.2427019
0.08771988
0.09005521
1.012715
1.688880
1.429130
1.265083
1.802520
0.7270863
0.5375475
-0.5226611
0.5613636
-0.6698665
-0.795733
0.74483
0.891694
-1.251438
0.7607986
0.01913610
-0.5018156
-0.5585657
-1.143195
1.530510
-0.3602614
0.1064240
0.4138671
0.8788614
0.6456047
-0.9190393
0.8504673
-1.011834
0.313445
0.4425271
-0.9108649
1.025406
0.1438195
-0.7679921
0.7340675
-0.7443006
-1.803806
-2.512604
0.1499007
0.5134964
0.7668614
0.6303887
1.200277
-1.630903
-0.4232091
0.3857708
0.6736723
0.8324162
0.9266952
0.9256183
-0.821372
-0.04682308
1.613052
0.9014806
0.9950765
-1.488755
1.093229
0.3197223
-0.003675641
0.5435602
0.9384732
0.08164493
-1.183648
-0.6643248
-2.120778
1.467489
-0.9289319
1.508959
-0.9864811
1.439429
-1.506570
-0.7222628
1.690675
-0.9634256
-2.497713
0.983339
-1.554507
-0.6376302
0.4971379
-1.231854
-0.7241587
-0.07634272
-0.9113819
-1.631541
0.2858991
1.078474
-0.673261
-0.01261571
-0.565495
-1.231591
0.03735655
-2.035644
0.4795368
0.9961735
0.1185863
1.015444
-1.464455
-0.3945899
0.9351315
0.6938417
-0.6125001
0.3987874
-0.1224964
1.384614
-0.6112789
0.263473
-0.614572
0.3906122
1.593341
0.1787769
0.07201435
1.141808
-0.7172743
-0.1946716
-1.754418
0.5512932
-0.05301812
0.4613707
0.6816669
0.1804398
0.9974454
-0.2522718
-1.057491
-0.4366394
-0.5669249
-1.036630
-1.977571
-1.197239
1.944488
0.876921
-0.2137519
0.5015028
0.8209176
-0.206542
1.223213
-1.642759
-0.1927497
-0.07974245
0.3029231
0.6143345
-0.162873
1.252178
-0.01125862
-1.737458
-0.5907258
0.3787718
-0.2111365
-0.2103934
0.02075626
-0.5275163
-0.59757
0.5407615
0.1520485
1.058724
1.190552
0.0421401
1.147917
0.8963208
0.7600414
-2.540244
-0.8197621
-0.6579133
-0.3165033
0.773159
-1.039689
1.568741
0.03036589
-0.09328373
-1.716431
0.69166
-2.513683
1.594229
-2.480505
0.1027144
-0.3989077
-0.004035297
0.5256611
1.328927
0.5929661
-0.6868426
1.133843
-0.5472478
0.9872625
0.1608741
1.096872
0.4397864
0.2849787
-0.2791638
-1.972292
0.6101275
-2.098096
-0.1274798
0.02770825
1.536657
0.4405569
0.5351372
0.4918231
-0.1480244
0.1646925
0.6301166
1.021097
0.2750116
-0.7936591
0.03497573
-0.9166103
0.1726796
0.5290952
-1.166858
-1.162489
-0.009891355
0.5604977
-2.419224
-1.178683
2.259683
0.4451647
0.4489362
-0.5621115
-1.020297
-0.5144791
-0.778224
0.1402981
1.136937
-0.3585625
-1.359703
-0.7833402
-1.436603
0.2533056
-1.058843
1.001059
1.329360
0.08364098
1.250946
-1.089011
-0.1065258
1.321019
0.1751031
-0.1777045
-1.827884
-0.4899985
1.605531
1.309335
0.2497584
-0.6656979
0.316185
0.3592192
0.9488316
-0.9116239
0.5398349
0.8691416
0.15679
1.309589
-0.1962552
-1.155721
0.2940675
-1.277166
0.5885049
0.2444158
1.286697
0.542801
1.640781
0.1971430
0.6162006
1.422755
-0.02344567
0.3195219
-0.255167
-0.7544658
0.2761671
0.8587719
0.8429979
-0.05844248
-1.009522
-1.726779
-2.077268
-1.259626
0.2215956
0.6712227
0.7696422
0.5453551
-0.4628331
0.8910261
0.1852684
-0.7284485
0.06085836
-1.104542
-1.138098
-0.5468689
-0.3564833
-2.09628
0.08496804
-1.253457
0.801795
0.6980798
1.044186
-1.874071
0.3086582
-3.678594
-0.8320777
0.04832964
1.301144
0.7410395
-0.700837
0.07331393
0.9975773
-2.445414
1.295261
-0.9575892
1.355541
0.4567699
0.04729165
-0.5811858
-1.258958
1.668761
-1.275233
1.289591
0.08471878
-0.02817889
0.1088676
-0.9668797
0.2415867
-0.5358514
0.6013676
1.492469
1.197552
1.081834
-0.3810338
-0.8256735
0.98723
-0.4827915
0.2138281
-1.458322
-0.4770659
0.7279003
0.938788
-0.07402482
-2.616520
-1.028472
-0.901071
1.186827
-0.6619564
0.2187980
-0.2645316
-1.269166
-0.6267093
1.417506
-1.244023
0.4750310
-1.329885
0.9466433
0.1749853
-0.3924308
-0.3730855
0.6473372
-0.6568382
-0.005834455
-0.3950108
-1.214171
-0.6250295
1.041393
1.571573
0.2209868
-1.998472
-0.9338447
0.1751753
0.1753918
-0.9324578
1.591443
-1.642483
0.2816738
0.6585235
-1.463653
0.8161323
-1.289607
0.9996774
1.57791
1.942683
-0.1010098
1.217575
1.435030
-0.9737105
0.1583381
-0.2269214
-0.6174208
1.039129
1.134811
-1.243693
0.7362757
1.571025
-0.4054596
0.8360067
-0.3551364
0.2826196
1.371924
-0.8764188
-0.4110523
-2.138214
-0.07627464
-0.03402271
0.3540097
1.238244
1.036501
1.037158
0.3696017
0.7759319
-0.2298353
1.683626
-1.617399
-0.7313715
1.076545
-0.001861777
-1.369652
-0.2589870
-0.03785282
-1.838586
0.3208797
-1.035492
1.32732
1.090730
-1.060232
1.072819
1.441667
0.7955431
0.801651
0.7994068
0.7709766
-1.674588
-2.355881
0.6224496
-0.6340782
-2.323851
1.109839
0.4670743
1.505047
-1.401345
0.3800384
0.1985917
0.6191067
-1.047314
-1.505169
-0.5833106
0.1021518
0.07302358
-0.8427872
-0.6763352
-0.8961769
-0.8964994
-0.8638933
-0.7942181
-0.7740467
0.6611021
-0.9381278
0.5688567
-1.146721
-0.1459757
-0.3167673
0.2910501
1.080802
1.753951
-0.6533731
-1.009217
0.373247
0.05589867
-0.5804946
-0.516726
0.6084426
-1.562136
0.01576432
-1.826036
-0.5221892
-1.060573
0.9221586
0.5175906
-0.3758248
0.9415206
-0.5431617
0.1772735
0.920575
-0.5694826
0.3973644
1.157829
0.9426775
-0.1386457
-0.319555
-1.974206
-0.6939628
0.2091998
0.3695889
1.801315
-1.113692
0.3940178
0.1413307
-1.759809
-0.4167286
1.699448
-0.2619126
-1.294640
-0.1140891
1.228329
0.7971651
0.4232738
-0.3408997
0.3561517
-0.7065012
-1.922854
0.7495578
0.2700948
-0.1555899
0.3703646
1.082097
0.3273830
-0.2333970
-1.696847
-1.28451
-1.048312
-0.266268
1.410703
-2.191648
-0.9886046
1.315924
0.3085903
-0.6877192
1.469501
0.2200316
-0.1721062
-0.3024822
0.08052598
-0.5417208
-0.6664069
-1.896425
-1.398929
0.7095962
0.3127669
0.2226430
-0.2632147
-2.225381
-0.1707588
0.7508761
-0.3661807
-0.8942264
0.8634243
-1.282007
-1.364337
0.5437124
0.3174308
0.3581995
0.5837063
0.5201695
0.7619042
-2.150056
-0.4840189
0.5236154
-2.232187
0.2813251
-0.7492851
0.3141074
1.621965
-1.013218
-0.901316
-1.427075
-0.9361567
-0.5477708
-0.8670779
-1.998556
0.2412082
-0.7499868
0.1131998
0.03135105
1.392678
-1.554704
0.9920048
1.779287
0.5575563
1.717973
-0.4454128
0.969312
-0.3267874
-0.8262248
0.04892887
-1.211678
0.1319052
-0.1680606
-1.421894
-1.519168
-0.2503116
-1.617049
-0.4424755
-2.027305
-0.05784459
0.4823985
1.613267
1.387219
-1.046096
-0.7992279
-0.93938
1.296044
0.4165084
-0.9503111
0.7282356
-1.587241
0.5805647
-0.4565608
1.018623
-0.0827903
-0.7559383
-0.2487287
-0.06666616
0.05892305
1.774085
0.4861456
-0.2785887
-0.5997088
-0.2953757
-0.9506037
-0.522819
-0.2525375
-0.4087733
0.9613034
-0.6041636
-0.9370897
0.2514349
-0.6354454
2.022728
-0.753595
0.92467
1.336759
1.825618
0.1092015
1.557297
0.7964815
1.030400
0.04459919
-1.643228
-0.3975807
0.2753032
0.5205974
0.03668543
-0.3376509
1.691414
-0.3313313
-2.510163
0.3106766
1.049207
0.05604965
-0.6455638
0.7025972
0.0797819
0.3885275
-1.351745
0.1194369
-1.259074
0.193227
1.217517
-0.8462689
0.7386034
1.395203
0.4455681
-0.8590705
-0.1783906
-0.9369997
0.7968372
-0.2289765
1.100394
-1.095882
-1.295661
-1.590125
-1.851792
0.6463693
-2.023748
0.5534512
0.823774
-1.741234
0.2658186
-0.2266815
