760
836
338
512
598
681
4094
3396
219
2207
356
25627
774
2053
7340
787
1532
1579
676
479
1123
427
505
752
983
458
283
3119
4562
357
405
1087
471
4006
285
307
873
1062
891
540
520
4005
679
751
296
2520
696
3916
348
745
423
365
1496
4071
617
159
798
8502
3285
413
614
667
450
1396
3064
5141
13326
329
724
832
737
1760
911
518
948
354
863
746
2794
1234
3380
2018
2358
565
2530
518
427
1260
448
1649
1874
1098
293
366
2296
565
1171
1411
425
392
1597
15389
9724
220
355
1644
342
827
1949
602
4071
639
2289
379
2280
299
264
6402
371
5255
436
1250
674
290
483
405
140
273
1604
833
398
373
4047
769
1844
2181
446
1285
2484
739
470
