-0.2332404
-0.1381977
-1.041239
-0.6271255
-0.4722952
-0.3426885
1.445992
1.259593
-1.473995
0.8298383
-0.9894994
3.274968
-0.2150382
0.7577093
2.02817
-0.1984286
0.4658029
0.4959358
-0.350037
-0.6935626
0.1561042
-0.8081566
-0.6408531
-0.2437928
0.02332812
-0.7382681
-1.218339
1.174746
1.553927
-0.9867023
-0.860905
0.1236136
-0.7103578
1.424324
-1.211317
-1.137167
-0.09501235
0.1004112
-0.07466076
-0.5740305
-0.6116649
1.424075
-0.3456214
-0.2451197
-1.173553
0.9620908
-0.3209623
1.401665
-1.012164
-0.2531187
-0.817542
-0.9646029
0.4420905
1.440374
-0.4411047
-1.793264
-0.1845872
2.17472
1.226454
-0.8413994
-0.4459651
-0.3634024
-0.7558403
0.3731008
1.157005
1.673078
2.622874
-1.068151
-0.2816312
-0.1429804
-0.2638847
0.6041532
-0.0525246
-0.6155076
-0.01282474
-0.9951174
-0.1065009
-0.2517810
1.065016
0.2500969
1.254883
0.7405624
0.8958322
-0.5289009
0.9660401
-0.6155076
-0.8081566
0.2708892
-0.7602821
0.5391913
0.6667384
0.1336541
-1.183711
-0.9618746
0.8692617
-0.5289009
0.1978412
0.3837584
-0.8128383
-0.8934387
0.5072391
2.766406
2.308639
-1.469452
-0.9923045
0.5361631
-1.029507
-0.1489913
0.7058695
-0.4656472
1.440374
-0.4061676
0.8662168
-0.9270697
0.8622883
-1.163497
-1.287642
1.891825
-0.948344
1.694949
-0.7873569
0.2629434
-0.3529917
-1.193974
-0.6852698
-0.860905
-1.920168
-1.254213
0.5116004
-0.1417826
-0.8782912
-0.9429827
1.434478
-0.2215009
0.6506457
0.818021
-0.7647438
0.2904810
0.9477425
-0.2611823
-0.7124772
