-0.34244252907925
-0.34244252907925
-0.34244252907925
-0.34244252907925
0.38811321250471
0.0832770037862231
0.0601514982972346
0.526866245438642
0.28509959714467
-0.275168331293101
-0.115392111550998
0.345015679547958
-0.0859596500195573
-0.328777457653938
-0.360312237866195
0.0359748334678374
1.38145878919081
0.702409855286874
0.666670437712982
1.56120703640068
0.546838272906405
0.53527552016191
0.546838272906405
0.50584305863047
-1.43880172112539
-1.40831810025354
-1.43459708376376
-1.41042041893436
-1.39990882553028
-1.35260665521189
-1.39780650684946
-1.35786245191393
-1.35050433653107
-1.31791839697841
-1.35155549587148
-1.33053230906331
-1.28112782006411
-1.29899752885105
-1.28112782006411
-1.30845796291473
-0.820720028965151
-0.818617710284334
-0.823873506986377
-0.832282781709645
-1.31581607829759
-1.30004868819146
-1.31476491895718
-1.31896955631882
0.197853371890758
0.187341778486672
0.194699893869532
0.178932503763403
0.875851146454289
0.555247547629673
0.524763926757824
1.0240646134519
0.662465800351348
0.106402509275212
0.256718294953638
0.750763184945668
0.286150756485078
0.0338725147870202
0.00233773457476293
0.412289877334107
1.7966667286522
1.12392475079071
1.03457620685598
1.97010801981961
0.975711283793103
0.996734470601275
1.00409258598413
0.954688096984932
-1.17285840800202
-1.14342594647058
-1.16760261129998
-1.14447710581099
-1.13396551240691
-1.08350986406729
-1.12660739702405
-1.0845610234077
-1.08350986406729
-1.04882160583381
-1.08140754538648
-1.06564015528035
-1.12345391900282
-1.14237478713017
-1.12555623768364
-1.14973290251303
-0.54846975979933
-0.542162803756879
-0.551623237820556
-0.553725556501373
-1.07720290802484
-1.06038435857831
-1.07825406736525
-1.0845610234077
0.143193086189512
0.109555987296438
0.162113954316866
0.136886130147061
0.835907091518763
0.510047695992105
0.501638421268836
1.01039954202659
0.664568119032165
0.109555987296438
0.291406553187121
0.768632893732614
0.293508871867938
0.0454352675315145
0.022309762042526
0.441722338865547
1.73254600888728
1.05454823432375
0.975711283793103
1.92070353082041
0.979915921154737
0.996734470601275
1.00724606400536
0.966250849729426
-1.17706304536366
-1.14237478713017
-1.1581421772363
-1.13501667174731
-1.14763058383222
-1.10137957285424
-1.13396551240691
-1.09086797945015
-1.19703507283142
-1.16129565525753
-1.18442116074652
-1.16444913327875
-1.0225426223236
-1.03410537506809
-1.00782639155788
-1.0351565344085
-0.56318599056505
-0.551623237820556
-0.553725556501373
-0.55582787518219
-1.07404943000362
-1.05302624319545
-1.0845610234077
-1.08771450142893
0.11481178399848
0.150551201572372
0.131630333445018
0.163165113657275
1.00409258598413
0.868493031071429
0.577321893778253
0.534224360821502
0.750763184945668
0.675079712436251
0.137937289487469
0.295611190548755
0.430159586121053
0.310327421314475
0.0801235257649977
0.0359748334678374
1.94803367367103
1.74831339899341
1.10500388266336
1.01985997609026
0.973608965112286
1.00093910796291
1.03983200355803
1.04193432223884
-1.15498869921508
-1.18021652338488
-1.14973290251303
-1.16655145195957
-1.09822609483301
-1.13711899042813
-1.08140754538648
-1.12660739702405
-1.06669131462076
-1.0845610234077
-1.04251464979136
-1.07089595198239
-1.1697049299808
-1.14447710581099
-1.15603985855549
-1.13081203438568
-0.572646424628727
-0.568441787267093
-0.54846975979933
-0.556879034522599
-1.10348189153506
-1.08876566076934
-1.09822609483301
-1.12450507834323
0.138988448827878
0.119016421360115
0.167369751018909
0.134783811466244
0.499536102588019
0.979915921154737
0.866390712390611
0.560503344331716
0.271434525719358
0.753916662966894
0.680335509138294
0.128476855423792
0.00233773457476293
0.422801470738193
0.313480899335701
0.0601514982972346
1.01565533872863
1.96695454179839
1.81558759677955
1.12497591013112
1.00093910796291
0.949432300282888
0.97781360247392
0.994632151920457
-1.19703507283142
-1.18021652338488
-1.19598391349101
-1.16234681459794
-1.14763058383222
-1.10032841351383
-1.13501667174731
-1.09191913879056
-1.08245870472689
-1.06143551791871
-1.06879363330157
-1.03620769374891
-1.0225426223236
-1.04251464979136
-1.00782639155788
-1.02569610034482
-0.562134831224642
-0.561083671884233
-0.543213963097287
-0.536907007054836
-1.07404943000362
-1.07720290802484
-1.08350986406729
-1.06353783659953
0.110607146636846
0.146346564210738
0.135834970806652
0.167369751018909
0.54999175092763
0.518456970715373
1.0366785255368
0.885311580517966
0.129528014764201
0.288253075165895
0.783349124498334
0.703461014627282
0.0548957015951917
0.0191562840213001
0.451182772929224
0.326094811420604
1.09344112991886
1.00829722334577
1.95013599235185
1.75251803635504
1.01565533872863
1.02616693213271
0.951534618963706
0.976762443133512
-1.14973290251303
-1.17180724866161
-1.14237478713017
-1.16550029261916
-1.09402145747138
-1.13922130910895
-1.08561218274811
-1.12450507834323
-1.05512856187626
-1.08350986406729
-1.06458899593994
-1.0719471113228
-1.05617972121667
-1.02779841902564
-1.04461696847218
-1.02149146298319
-0.562134831224642
-0.568441787267093
-0.560032512543824
-0.556879034522599
-1.08771450142893
-1.11609580361996
-1.11399348493914
-1.09717493549261
0.546838272906405
0.546838272906405
0.493229146545567
0.515303492694147
1.21222213538503
0.902130129964503
0.853776800305709
1.36569139908468
0.987274036537597
0.422801470738193
0.581526531139888
1.06611098706824
0.586782327841931
0.341862201526733
0.279843800442627
0.715023767371777
2.01951250881882
1.38986806391408
1.28895676723486
2.20031191536909
1.28895676723486
1.36569139908468
1.35202632765937
1.26478010240546
-0.987854364090114
-0.955268424537449
-0.978393930026437
-0.955268424537449
-0.963677699260717
-0.918477847623148
-0.9615753805799
-0.922682484984783
-0.985752045409297
-0.941603353112137
-0.957370743218266
-0.925835963006008
-0.861715243241085
-0.874329155325988
-0.861715243241085
-0.882738430049257
-0.363465715887421
-0.357158759844969
-0.367670353249055
-0.368721512589464
-0.926887122346417
-0.907966254219063
-0.926887122346417
-0.927938281686826
0.528968564119459
0.536326679502319
0.587833487182339
0.571014937735802
1.15335721232215
0.846418684922849
0.86008375634816
1.3804076298504
0.923153316772674
0.347117998228776
0.558401025650899
1.04403664091966
0.387062053164301
0.249360179570778
0.224132355400972
0.556298706970082
2.02581946486127
1.34782169029774
1.28054749251159
2.24761408568748
1.29105908591568
1.34151473425529
1.33415661887243
1.28475212987322
-1.03620769374891
-0.997314798153792
-0.988905523430523
-0.9615753805799
-1.01728682562155
-0.965780017941534
-1.01413334760033
-0.974189292664803
-0.953166105856631
-0.918477847623148
-0.938449875090911
-0.903761616857428
-0.914273210261514
-0.918477847623148
-0.879584952028031
-0.916375528942331
-0.432842232354387
-0.42338179829071
-0.431791073013978
-0.437046869716021
-0.974189292664803
-0.940552193771728
-0.993110160792157
-0.97629161134562
0.508996536651696
0.545787113565996
0.579424212459071
0.588884646522748
1.23639880021443
1.10500388266336
0.866390712390611
0.827497816795494
0.938920706878803
0.876902305794697
0.398624805908796
0.54999175092763
0.43962002018473
0.333452926803464
0.248309020230369
0.191546415848306
2.15931670109316
2.0047962780531
1.38461226721204
1.29105908591568
1.20696633868299
1.24585923427811
1.33415661887243
1.33520777821284
-1.06143551791871
-1.13501667174731
-1.03725885308932
-1.03305421572768
-1.01623566628115
-1.0351565344085
-0.947910309154589
-1.01413334760033
-1.01623566628115
-1.07299827066321
-0.9615753805799
-0.989956682770932
-0.952114946516223
-0.923733644325191
-0.8879942267513
-0.875380314666397
-0.495911792778901
-0.479093243332364
-0.433893391694795
-0.45281425982215
-1.01938914430237
-1.01203102891951
-1.01938914430237
-1.07615174868443
0.52791740477905
0.525815086098233
0.588884646522748
0.581526531139888
0.791758399221602
1.31733806942589
1.21642677274667
0.901078970624094
0.511098855332513
1.00934838268618
0.982018239835555
0.391266690525935
0.179983663103812
0.508996536651696
0.438568860844322
0.289304234506304
1.22693836615075
2.19610727800746
2.05735424507353
1.33205430019161
1.32574734414916
1.27949633317118
1.30997995404303
1.35833328370182
-1.01623566628115
-0.982598567388071
-1.00467291353665
-0.971035814643577
-1.04251464979136
-0.9983659574942
-0.986803204749706
-0.940552193771728
-0.96893349596276
-0.931091759708051
-0.920580166303966
-0.889045386091708
-0.907966254219063
-0.945807990473771
-0.884840748730074
-0.8879942267513
-0.51903729826789
-0.507474545523396
-0.443353825758473
-0.492758314757676
-0.964728858601126
-0.948961468494997
-1.00046827617502
-0.967882336622351
0.519508130055782
0.544735954225588
0.568912619054985
0.589935805863156
0.805423470646914
0.7791444871367
1.32469618480875
1.1596641683646
0.360783069654087
0.508996536651696
1.00514374532454
0.93366491017676
0.204160327933209
0.156858157614823
0.496382624566793
0.37339698173899
1.36148676172305
1.2689847397671
2.17508409119929
2.01215439343596
1.29736604195813
1.3057753166814
1.1712269211091
1.21537561340626
-1.06248667725912
-1.05197508385504
-1.02779841902564
-1.10978884757751
-0.979445089366846
-1.03831001242973
-0.98364972672848
-1.0109798695791
-0.993110160792157
-1.0109798695791
-0.984700886068889
-1.04987276517422
-0.920580166303966
-0.899556979495794
-0.923733644325191
-0.896403501474568
-0.468581649928279
-0.481195562013181
-0.462274693885827
-0.451763100481741
-0.987854364090114
-1.04882160583381
-1.04882160583381
-1.03410537506809
0.923153316772674
0.919999838751449
0.866390712390611
0.888465058539191
1.54438848695414
1.23955227823566
1.19119894857686
1.72413673416401
1.19855706395972
0.638289135521951
0.747609706924442
1.27634285514996
0.748660866264851
0.477461756439439
0.462745525673719
0.94102302555962
2.1761352505397
1.52231414080556
1.44663066829614
2.34957654170711
1.57276978914517
1.70942050339829
1.6862949979093
1.56541167376231
-0.803901479518614
-0.771315539965948
-0.794441045454936
-0.771315539965948
-0.787082930072076
-0.743985397115325
-0.784980611391259
-0.748190034476959
-0.850152490496591
-0.797594523476162
-0.811259594901474
-0.776571336667991
-0.677762358669585
-0.689325111414079
-0.677762358669585
-0.697734386137348
-0.196331380762458
-0.195280221422049
-0.196331380762458
-0.21630340823022
-0.776571336667991
-0.775520177327582
-0.781827133370034
-0.776571336667991
0.880055783815923
0.897925492602869
0.983069399175963
0.966250849729426
1.44663066829614
1.13548750353521
1.08818533321682
1.68944847593053
1.14494793759888
0.624624064096639
0.80857694866814
1.29000792657527
0.604652036628876
0.35132263559041
0.458540888312084
0.875851146454289
2.20767003075195
1.55805355837945
1.49813747597617
2.46415290981165
1.56541167376231
1.6621183330799
1.66947644846276
1.5885371792513
-0.857510605879451
-0.804952638859022
-0.798645682816571
-0.794441045454936
-0.82177118830556
-0.758701627881045
-0.769213221285131
-0.743985397115325
-0.856459446539042
-0.796543364135754
-0.773417858646765
-0.774469017987174
-0.708245979541433
-0.704041342179799
-0.654636853180596
-0.676711199329176
-0.301447314803315
-0.264656737889015
-0.262554419208198
-0.279372968654735
-0.759752787221454
-0.757650468540637
-0.812310754241882
-0.798645682816571
0.861134915688569
0.909488245347363
0.974660124452694
0.989376355218415
1.33205430019161
1.09869692662091
0.97045548709106
0.916846360730223
1.11761779474826
1.06295750904702
0.580475371799479
0.737098113520357
0.824344338774268
0.637237976181542
0.544735954225588
0.531070882800276
2.29701857468668
2.05945656375434
1.49498399795494
1.43401675621124
1.42770980016879
1.46029573972146
1.58433254188967
1.63058355286765
-0.894301182793751
-0.966831177281943
-0.842794375113731
-0.839640897092505
-0.891147704772526
-0.958421902558674
-0.82912930368842
-0.892198864112934
-0.86591988060272
-0.919529006963557
-0.798645682816571
-0.795492204795345
-0.793389886114528
-0.731371485030422
-0.681966996031219
-0.669353083946316
-0.400256292801721
-0.406563248844173
-0.32036818293067
-0.321419342271078
-0.808106116880248
-0.782878292710442
-0.84384553445414
-0.90271045751702
0.879004624475515
0.890567377220009
0.984120558516372
0.976762443133512
0.987274036537597
1.61166268474029
1.53808153091169
1.21011981670422
0.729739998137497
1.2206314101083
1.22168256944871
0.674028553095842
0.379703937781441
0.815935064051
0.688744783861562
0.403880602610838
1.44452834961533
2.41790189883367
2.2749442285381
1.57382094848558
1.65791369571827
1.58538370123008
1.60430456935743
1.70101122867502
-0.838589737752097
-0.824924666326785
-0.808106116880248
-0.763957424583088
-0.813361913582291
-0.776571336667991
-0.773417858646765
-0.719808732285928
-0.817566550943925
-0.810208435561065
-0.808106116880248
-0.756599309200228
-0.707194820201025
-0.711399457562659
-0.654636853180596
-0.667250765265499
-0.305651952164949
-0.32036818293067
-0.245735869761661
-0.220508045591855
-0.787082930072076
-0.819668869624743
-0.841743215773323
-0.819668869624743
0.871646509092655
0.908437086006954
0.964148531048609
0.990427514558823
0.983069399175963
0.898976651943277
1.49288167927412
1.33310545953202
0.536326679502319
0.695051739904014
1.22693836615075
1.16912460242828
0.561554503672125
0.522661608077007
0.972557805771878
0.835907091518763
1.46870501444472
1.37830531116959
2.35693465708997
2.13198655824253
1.55384892101782
1.59904877265539
1.38776574523326
1.4287609595092
-0.830180463028828
-0.837538578411688
-0.803901479518614
-0.82912930368842
-0.945807990473771
-1.05197508385504
-0.973138133324394
-0.975240452005211
-0.83648741907128
-0.916375528942331
-0.845947853134957
-0.824924666326785
-0.730320325690013
-0.714552935583885
-0.739780759753691
-0.686171633392854
-0.396051655440087
-0.46017237520501
-0.407614408184581
-0.33508441369639
-0.810208435561065
-0.786031770731668
-0.838589737752097
-0.899556979495794
