18 18 16 16 16 16 14 34
16 16 16 16 14 14 12 37
12 12 12 10 10 10 10 32
8 8 6 6 6 6 6 29
16 16 16 14 14 14 12 39
16 16 16 14 14 14 12 40
12 12 12 12 12 10 10 37
18 16 16 16 16 16 12 37
16 16 16 14 14 14 12 42
14 14 14 14 14 12 12 38
20 20 18 18 18 18 16 40
18 18 16 16 16 16 12 34
12 12 10 10 10 10 10 33
14 12 12 12 12 12 10 35
14 14 12 12 12 12 10 43
18 18 16 14 14 14 12 39
16 16 16 14 14 14 14 43
12 12 12 12 12 12 10 27
12 12 12 12 10 10 8 33
18 16 16 16 16 14 12 35
12 12 12 12 12 12 10 39
12 10 12 10 10 10 8 29
16 16 16 16 16 14 12 38
16 16 16 16 16 14 12 45
14 12 12 12 12 12 10 39
14 14 12 12 12 12 10 34
10 10 8 8 8 8 8 24
14 14 14 14 12 12 10 39
12 12 12 12 10 10 8 33
14 14 12 10 10 10 10 32
18 16 16 16 16 16 14 41
16 14 14 14 14 14 12 37
12 10 10 10 10 10 8 32
14 14 14 12 12 12 10 26
10 10 10 10 10 10 8 28
18 18 16 16 16 16 14 39
12 12 12 12 10 10 10 37
10 10 10 10 10 10 10 28
16 14 14 12 12 12 10 34
14 14 12 12 12 12 10 39
16 14 14 14 12 12 10 33
8 8 8 6 6 6 6 26
12 12 10 10 10 10 10 33
10 10 10 10 10 8 8 28
14 12 12 12 12 10 10 34
18 16 16 14 14 14 12 38
16 16 14 14 14 14 12 29
16 14 14 14 14 14 10 34
16 14 14 14 14 14 12 38
12 12 12 12 10 10 8 24
8 8 8 8 6 6 6 19
16 14 14 14 12 12 10 36
16 14 14 14 14 12 12 39
18 18 18 18 16 14 12 31
12 10 10 10 10 10 8 37
12 12 10 10 10 10 8 34
10 10 10 8 8 8 6 21
16 16 16 16 14 14 12 35
22 22 20 20 20 20 16 35
16 16 16 16 14 14 14 34
14 14 14 12 12 12 10 30
16 14 14 14 14 12 10 35
18 18 18 18 16 16 14 42
14 14 12 12 12 12 10 31
14 14 12 12 12 12 10 35
12 12 10 10 10 10 10 37
12 12 12 12 12 10 10 40
16 16 14 14 14 14 12 39
10 10 10 10 10 10 8 29
16 16 16 14 14 14 12 34
16 16 14 14 14 12 12 41
14 14 14 14 12 12 10 31
16 16 16 14 14 14 12 39
10 10 10 10 8 8 8 29
18 16 16 16 16 16 14 39
12 12 12 12 10 10 10 39
12 10 10 10 10 10 8 36
16 14 14 14 12 14 12 33
14 14 14 12 12 12 10 33
14 14 14 12 12 12 10 36
10 10 10 10 10 10 8 26
12 12 10 10 10 10 10 29
12 12 12 12 12 10 10 33
14 14 12 12 12 12 10 34
12 12 12 12 12 12 10 34
14 12 12 10 10 10 10 33
14 14 14 12 12 12 10 32
16 16 14 14 14 14 12 40
10 10 10 10 8 8 8 31
14 12 12 12 12 12 10 43
18 18 18 18 16 16 14 41
14 12 12 12 12 10 10 32
16 14 14 14 12 12 10 35
20 20 20 18 18 18 16 51
14 12 12 12 12 12 10 35
16 16 16 16 16 16 14 37
14 12 12 12 12 12 10 33
16 14 14 14 14 14 12 39
10 10 10 8 8 8 8 31
16 16 16 14 14 14 12 38
