1.912379
0.370138
-0.1439425
-1.343464
0.8842185
0.5414981
-0.1439425
-0.4866629
1.398299
0.370138
1.226939
0.370138
0.02741763
-0.1439425
0.8842185
0.8842185
1.741019
-2.028904
0.02741763
0.8842185
1.226939
-1.000743
1.055579
1.226939
1.055579
-0.658023
-1.000743
0.8842185
-1.686184
0.1987778
0.7128583
0.7128583
-0.1439425
-1.000743
-0.4866629
0.02741763
-1.343464
-1.000743
-1.514824
0.8842185
-0.658023
-1.514824
0.1987778
-2.028904
-0.3153027
0.02741763
-0.8293832
-0.1439425
0.370138
-1.857544
-3.399786
0.370138
0.5414981
-0.1439425
0.1987778
0.02741763
-1.857544
0.7128583
0.7128583
0.1987778
-0.658023
-0.3153027
1.226939
-0.1439425
0.02741763
0.370138
0.370138
1.055579
-1.514824
0.5414981
1.569659
-0.8293832
0.02741763
0.8842185
0.8842185
0.7128583
0.02741763
-0.8293832
-0.658023
-0.1439425
-0.1439425
-1.172104
0.370138
-0.1439425
-0.4866629
-1.686184
-0.4866629
1.226939
0.370138
0.5414981
1.912379
-1.172104
0.02741763
2.083740
0.370138
-0.658023
0.370138
0.7128583
-1.172104
0.5414981
