0.7543822
-0.1249067
1.276664
0.301321
1.047658
1.073948
-1.147563
-0.0943642
-0.1017525
0.4346143
-0.0374755
0.350638
1.152779
1.398897
1.181658
-0.0244839
-0.2774843
0.8194087
0.003687628
-0.1052863
-0.07142923
-0.2319226
0.8922092
0.4839967
0.9349665
0.8752859
-1.179396
0.947043
1.035837
-1.340591
-1.375932
1.24855
-1.487411
0.1555041
-0.3290408
0.8922092
-1.311898
-0.05841598
-0.1499731
0.947043
-0.05841598
0.5123579
1.600038
-1.159195
0.495984
-1.034661
-1.295931
0.372896
-1.034661
0.5591796
1.205499
0.350638
-1.674352
0.5755508
-1.309065
-0.0943642
-1.102902
-1.390964
0.9349665
-0.954369
-0.8970806
1.092502
1.181658
0.4793887
-0.203994
1.110911
0.6241762
-1.361083
-0.02614183
-0.2457319
-1.127061
0.1109178
-1.349332
0.532944
-1.094162
-0.6231889
0.904245
-0.1188087
-0.0482389
0.5255558
0.5287276
-0.8092572
-1.285709
0.0893624
0.04476902
-1.674352
1.276664
1.357447
1.180292
1.264661
0.5425872
-1.407202
-1.902573
-0.0008546215
-0.04284541
1.079624
-1.090999
1.104453
-0.08458186
-0.8378394
-1.169254
1.739165
-0.1227510
0.9883997
0.5864793
0.4470909
1.146794
-0.002480934
1.164286
-0.1695805
0.04602116
1.300325
1.122815
-1.902573
1.288552
-1.127061
1.047658
-1.059809
-1.907170
0.870339
0.3010668
1.264661
-1.536361
-1.370963
1.357447
0.3898018
-2.062410
-0.4922934
0.7690558
0.372896
1.386881
1.772288
1.369434
-1.028641
1.264661
-0.0982287
0.1580771
0.7421963
0.7217943
-1.349332
-1.196488
-1.962107
0.7329322
-1.132767
0.1555041
-1.1037
0.001418603
-1.844334
-1.161702
1.085811
1.025594
0.505275
0.02264749
1.047658
1.128918
0.06772929
-1.029392
0.372896
-1.043746
0.5255558
-0.04553919
-1.907170
-0.4358932
0.372896
0.9743766
-1.276489
1.035837
0.0905699
0.5995062
1.180913
-1.565068
-0.0943642
-1.46258
-0.5667724
0.02583221
0.495984
-1.736874
-1.386937
-2.028057
1.140907
1.085811
0.0381743
-1.077646
-0.0943642
0.7043469
0.2368859
-1.790126
0.6410586
0.4625662
1.139623
-0.202844
0.1736848
-1.411296
-0.9480263
0.6677476
-1.639299
-0.1249067
-1.507201
1.262688
1.059503
0.4224702
0.739709
0.8177408
-1.211205
0.577582
-2.18504
-0.08458186
-1.464719
-1.147563
-1.573228
1.035837
0.7543822
0.4208573
0.1353058
-1.169254
0.3898018
0.01304346
-0.0374755
-1.202527
-1.410271
-1.973395
1.279074
-1.06135
0.5350468
0.2586544
0.1580771
0.6495092
0.7356117
-1.024894
1.092502
-0.05501424
-1.46258
0.1865879
1.227452
-1.114922
-0.1834567
-1.492876
-0.0425091
0.6241762
-1.354214
1.158736
1.010851
1.587797
0.4062446
-1.736874
0.04602116
1.17631
-1.130318
1.105641
-1.166732
0.7217943
-0.0482389
-0.01919352
-1.814082
0.1318097
1.227452
-0.004435356
-0.9865838
-1.071413
-0.01919352
1.193636
0.6410586
-0.05467458
0.6993947
1.162523
-0.9298846
0.3898018
-1.790126
0.372896
0.3898018
0.6645375
-1.202527
-2.062410
1.612159
0.6790105
0.1711444
0.2826268
1.239350
-1.196488
-1.872362
0.5287276
1.087956
1.057583
0.372896
0.3304535
0.4625662
1.599685
1.150236
-1.518334
-1.487411
1.047658
-0.3079908
1.264661
-0.02614183
0.02264749
1.128918
0.976285
0.5425872
-0.1188087
-0.1277868
-0.1238284
1.034859
0.2743416
0.739709
-1.251037
-1.327117
0.5542254
0.7835562
