0.726
0.647
0.523
0.647
0.689
0.772
0.639
0.738
0.668
0.772
0.494
0.726
0.796
0.616
0.73
0.612
0.365
0.666
0.564
0.687
0.718
0.409
0.533
0.811
0.45
0.427
0.523
0.73
0.757
0.817
0.417
0.842
0.423
0.701
0.641
0.757
0.865
0.827
0.765
0.564
0.614
0.606
0.792
0.498
0.558
0.32
0.606
0.504
0.73
0.726
0.751
0.55
0.718
0.206
0.722
0.747
0.676
0.726
0.637
0.469
0.1
0.678
0.809
0.695
0.687
0.442
0.689
0.533
0.55
0.772
0.798
0.662
0.67
0.788
0.631
0.788
0.678
0.867
0.738
0.9
0.606
0.809
0.68
0.794
0.61
0.591
0.772
0.336
0.643
0.258
0.788
0.757
0.608
0.765
0.666
0.651
0.564
0.726
0.74
0.631
0.838
0.757
0.396
0.463
0.653
0.351
0.705
0.788
0.651
0.45
0.637
0.396
0.616
0.697
0.815
0.873
0.734
0.581
0.1
0.718
0.765
0.641
0.689
0.602
0.415
0.631
0.817
0.195
0.672
0.792
0.796
0.751
0.709
0.515
0.695
0.861
0.602
0.699
0.595
0.73
0.809
0.765
0.757
0.713
0.73
0.78
0.595
0.616
0.844
0.699
0.104
0.772
0.827
0.811
0.838
0.135
0.861
0.713
0.747
0.809
0.67
0.792
0.639
0.817
0.726
0.798
0.564
0.709
0.409
0.676
0.817
0.713
0.608
0.801
0.523
0.467
0.645
0.62
0.653
0.51
0.801
0.718
0.682
0.481
0.772
0.641
