0.58 0.233 0.1 0.1 0.1 0.5 0.5 0.9 0.1 0.1 0.1 0.1 0.1 0.3 0.5 0.557 0.1 0.1 0.1 0.5 0.1 0.1 0.7 0.26 0.1 0.9 0.9 0.5
0.26 0.1 0.1 0.1 0.1 0.1 0.1 0.1 0.1 0.1 0.1 0.1 0.1 0.5 0.7 0.557 0.9 0.9 0.5 0.5 0.367 0.3 0.9 0.42 0.5 0.633 0.3 0.1
0.42 0.767 0.9 0.1 0.633 0.5 0.5 0.367 0.1 0.26 0.1 0.9 0.633 0.7 0.2 0.1 0.1 0.1 0.5 0.5 0.9 0.1 0.1 0.1 0.1 0.1 0.1 0.1
0.1 0.1 0.1 0.1 0.1 0.1 0.1 0.1 0.1 0.1 0.1 0.1 0.1 0.3 0.7 0.329 0.1 0.367 0.1 0.5 0.1 0.3 0.1 0.1 0.1 0.1 0.1 0.1
0.26 0.1 0.1 0.1 0.1 0.1 0.1 0.1 0.1 0.1 0.1 0.1 0.1 0.5 0.4 0.329 0.5 0.367 0.5 0.9 0.367 0.3 0.3 0.1 0.1 0.1 0.9 0.5
0.1 0.1 0.1 0.1 0.1 0.1 0.1 0.1 0.1 0.1 0.1 0.1 0.1 0.3 0.4 0.443 0.1 0.367 0.1 0.5 0.1 0.3 0.1 0.1 0.1 0.1 0.1 0.1
0.58 0.233 0.1 0.1 0.1 0.5 0.5 0.9 0.1 0.1 0.1 0.1 0.1 0.5 0.7 0.557 0.9 0.9 0.5 0.5 0.367 0.3 0.9 0.42 0.5 0.633 0.3 0.1
0.58 0.233 0.1 0.1 0.1 0.1 0.1 0.9 0.5 0.1 0.1 0.1 0.1 0.1 0.1 0.1 0.1 0.1 0.1 0.1 0.1 0.1 0.1 0.1 0.1 0.1 0.1 0.1
0.58 0.233 0.1 0.1 0.1 0.5 0.5 0.9 0.1 0.1 0.1 0.1 0.1 0.5 0.4 0.329 0.5 0.367 0.5 0.9 0.367 0.3 0.3 0.1 0.1 0.1 0.9 0.5
0.58 0.233 0.1 0.1 0.1 0.5 0.5 0.9 0.1 0.1 0.1 0.1 0.1 0.5 0.6 0.443 0.5 0.9 0.5 0.5 0.367 0.3 0.3 0.1 0.1 0.1 0.9 0.5
0.42 0.633 0.5 0.5 0.367 0.1 0.5 0.1 0.5 0.1 0.1 0.1 0.1 0.1 0.1 0.1 0.1 0.1 0.1 0.1 0.1 0.1 0.1 0.1 0.1 0.1 0.1 0.1
0.26 0.1 0.1 0.1 0.1 0.1 0.1 0.1 0.1 0.1 0.1 0.1 0.1 0.5 0.4 0.443 0.1 0.633 0.5 0.5 0.367 0.1 0.3 0.1 0.1 0.1 0.5 0.7
0.26 0.1 0.1 0.1 0.1 0.1 0.1 0.1 0.1 0.1 0.1 0.1 0.1 0.5 0.5 0.329 0.1 0.367 0.9 0.5 0.367 0.5 0.3 0.1 0.1 0.1 0.9 0.5
0.58 0.233 0.1 0.1 0.1 0.5 0.5 0.9 0.1 0.1 0.1 0.1 0.1 0.5 0.6 0.557 0.5 0.633 0.5 0.5 0.367 0.3 0.9 0.42 0.5 0.633 0.3 0.1
0.58 0.233 0.1 0.1 0.1 0.5 0.5 0.9 0.1 0.1 0.1 0.1 0.1 0.5 0.3 0.329 0.1 0.367 0.1 0.5 0.1 0.1 0.7 0.58 0.5 0.1 0.3 0.1
0.58 0.233 0.1 0.1 0.1 0.5 0.5 0.9 0.1 0.1 0.1 0.1 0.1 0.5 0.6 0.557 0.5 0.633 0.5 0.5 0.367 0.3 0.3 0.1 0.1 0.1 0.9 0.5
0.42 0.367 0.1 0.5 0.367 0.9 0.5 0.367 0.9 0.26 0.1 0.9 0.633 0.3 0.1 0.1 0.1 0.1 0.1 0.1 0.1 0.1 0.1 0.1 0.1 0.1 0.1 0.1
0.26 0.1 0.1 0.1 0.1 0.1 0.1 0.1 0.1 0.1 0.1 0.1 0.1 0.3 0.3 0.329 0.1 0.1 0.1 0.5 0.1 0.1 0.3 0.1 0.1 0.1 0.9 0.5
0.42 0.5 0.367 0.5 0.633 0.5 0.5 0.367 0.5 0.26 0.1 0.9 0.633 0.3 0.1 0.1 0.1 0.1 0.1 0.1 0.1 0.1 0.1 0.1 0.1 0.1 0.1 0.1
0.58 0.233 0.1 0.1 0.1 0.5 0.5 0.9 0.1 0.1 0.1 0.1 0.1 0.5 0.3 0.329 0.1 0.367 0.1 0.5 0.1 0.1 0.9 0.26 0.9 0.1 0.3 0.1
0.58 0.233 0.1 0.1 0.1 0.5 0.5 0.9 0.1 0.1 0.1 0.1 0.1 0.5 0.4 0.329 0.5 0.367 0.5 0.9 0.367 0.3 0.9 0.42 0.5 0.633 0.3 0.1
0.26 0.1 0.1 0.1 0.1 0.1 0.1 0.1 0.1 0.1 0.1 0.1 0.1 0.5 0.5 0.329 0.1 0.633 0.9 0.5 0.367 0.5 0.3 0.1 0.1 0.1 0.3 0.1
0.1 0.1 0.1 0.1 0.1 0.1 0.1 0.1 0.1 0.1 0.1 0.1 0.1 0.5 0.5 0.443 0.1 0.367 0.1 0.5 0.1 0.5 0.1 0.1 0.1 0.1 0.1 0.1
0.26 0.1 0.1 0.1 0.1 0.1 0.1 0.1 0.1 0.1 0.1 0.1 0.1 0.7 0.4 0.329 0.5 0.367 0.1 0.5 0.1 0.3 0.3 0.1 0.1 0.1 0.9 0.5
0.26 0.9 0.9 0.1 0.367 0.1 0.5 0.1 0.1 0.26 0.1 0.3 0.1 0.3 0.1 0.1 0.1 0.1 0.1 0.1 0.1 0.1 0.1 0.1 0.1 0.1 0.1 0.1
0.1 0.1 0.1 0.1 0.1 0.1 0.1 0.1 0.1 0.1 0.1 0.1 0.1 0.5 0.5 0.214 0.1 0.633 0.5 0.1 0.367 0.3 0.1 0.1 0.1 0.1 0.1 0.1
0.1 0.1 0.1 0.1 0.1 0.1 0.1 0.1 0.1 0.1 0.1 0.1 0.1 0.5 0.6 0.329 0.1 0.633 0.5 0.1 0.367 0.5 0.1 0.1 0.1 0.1 0.1 0.1
0.26 0.1 0.1 0.1 0.1 0.1 0.1 0.1 0.1 0.1 0.1 0.1 0.1 0.5 0.5 0.214 0.9 0.633 0.5 0.5 0.367 0.3 0.3 0.26 0.1 0.1 0.9 0.5
0.58 0.233 0.1 0.1 0.1 0.5 0.5 0.9 0.1 0.1 0.1 0.1 0.1 0.5 0.6 0.329 0.1 0.9 0.5 0.1 0.367 0.5 0.1 0.1 0.1 0.1 0.1 0.1
0.58 0.233 0.1 0.1 0.1 0.5 0.5 0.9 0.1 0.1 0.1 0.1 0.1 0.3 0.5 0.557 0.1 0.1 0.1 0.5 0.1 0.1 0.3 0.1 0.1 0.1 0.9 0.5
0.58 0.367 0.233 0.1 0.367 0.1 0.5 0.1 0.5 0.1 0.1 0.1 0.1 0.1 0.1 0.1 0.1 0.1 0.1 0.1 0.1 0.1 0.1 0.1 0.1 0.1 0.1 0.1
0.26 0.367 0.367 0.1 0.1 0.1 0.5 0.1 0.1 0.26 0.1 0.5 0.9 0.3 0.1 0.1 0.1 0.1 0.1 0.1 0.1 0.1 0.1 0.1 0.1 0.1 0.1 0.1
0.26 0.1 0.1 0.1 0.1 0.1 0.1 0.1 0.1 0.1 0.1 0.1 0.1 0.5 0.9 0.214 0.5 0.367 0.5 0.5 0.367 0.3 0.3 0.1 0.1 0.1 0.9 0.5
0.58 0.233 0.1 0.1 0.1 0.5 0.5 0.9 0.1 0.1 0.1 0.1 0.1 0.5 0.3 0.329 0.1 0.367 0.1 0.5 0.1 0.1 0.3 0.1 0.1 0.1 0.9 0.5
0.26 0.1 0.1 0.1 0.1 0.1 0.1 0.1 0.1 0.1 0.1 0.1 0.1 0.5 0.4 0.329 0.5 0.367 0.5 0.5 0.367 0.5 0.3 0.1 0.1 0.1 0.9 0.5
0.58 0.233 0.1 0.1 0.1 0.5 0.5 0.9 0.1 0.1 0.1 0.1 0.1 0.3 0.3 0.329 0.1 0.1 0.1 0.5 0.1 0.1 0.3 0.1 0.1 0.1 0.9 0.5
0.26 0.633 0.633 0.1 0.1 0.1 0.5 0.1 0.1 0.74 0.633 0.7 0.367 0.3 0.1 0.1 0.1 0.1 0.1 0.1 0.1 0.1 0.1 0.1 0.1 0.1 0.1 0.1
0.42 0.633 0.233 0.9 0.633 0.5 0.5 0.367 0.5 0.74 0.1 0.3 0.1 0.3 0.1 0.1 0.1 0.1 0.1 0.1 0.1 0.1 0.1 0.1 0.1 0.1 0.1 0.1
0.26 0.1 0.1 0.1 0.1 0.1 0.1 0.1 0.1 0.1 0.1 0.1 0.1 0.3 0.3 0.329 0.1 0.1 0.1 0.5 0.1 0.1 0.3 0.1 0.1 0.1 0.3 0.1
0.42 0.367 0.367 0.1 0.367 0.1 0.5 0.1 0.1 0.42 0.367 0.3 0.1 0.3 0.1 0.1 0.1 0.1 0.1 0.1 0.1 0.1 0.1 0.1 0.1 0.1 0.1 0.1
0.58 0.233 0.1 0.1 0.1 0.5 0.5 0.9 0.1 0.1 0.1 0.1 0.1 0.5 0.5 0.214 0.1 0.633 0.5 0.1 0.367 0.3 0.1 0.1 0.1 0.1 0.1 0.1
0.1 0.1 0.1 0.1 0.1 0.1 0.1 0.1 0.1 0.1 0.1 0.1 0.1 0.5 0.6 0.214 0.1 0.633 0.1 0.5 0.1 0.5 0.1 0.1 0.1 0.1 0.1 0.1
0.58 0.233 0.1 0.1 0.1 0.5 0.5 0.9 0.1 0.1 0.1 0.1 0.1 0.5 0.3 0.329 0.1 0.367 0.1 0.5 0.1 0.1 0.7 0.9 0.5 0.1 0.3 0.1
0.42 0.367 0.1 0.5 0.367 0.9 0.5 0.367 0.9 0.74 0.633 0.3 0.1 0.3 0.1 0.1 0.1 0.1 0.1 0.1 0.1 0.1 0.1 0.1 0.1 0.1 0.1 0.1
0.26 0.1 0.1 0.1 0.1 0.1 0.1 0.1 0.1 0.1 0.1 0.1 0.1 0.5 0.7 0.329 0.5 0.367 0.5 0.5 0.367 0.7 0.9 0.42 0.5 0.633 0.3 0.1
0.26 0.1 0.1 0.1 0.1 0.1 0.1 0.1 0.1 0.1 0.1 0.1 0.1 0.5 0.7 0.329 0.5 0.367 0.5 0.5 0.367 0.7 0.3 0.1 0.1 0.1 0.9 0.5
0.1 0.1 0.1 0.1 0.1 0.1 0.1 0.1 0.1 0.1 0.1 0.1 0.1 0.5 0.6 0.214 0.1 0.633 0.5 0.1 0.367 0.5 0.1 0.1 0.1 0.1 0.1 0.1
0.1 0.1 0.1 0.1 0.1 0.1 0.1 0.1 0.1 0.1 0.1 0.1 0.1 0.5 0.4 0.329 0.1 0.367 0.1 0.5 0.1 0.5 0.1 0.1 0.1 0.1 0.1 0.1
0.58 0.233 0.1 0.1 0.1 0.5 0.5 0.9 0.1 0.1 0.1 0.1 0.1 0.5 0.4 0.329 0.5 0.633 0.5 0.5 0.367 0.3 0.9 0.42 0.5 0.633 0.3 0.1
0.26 0.1 0.1 0.1 0.1 0.1 0.1 0.1 0.1 0.1 0.1 0.1 0.1 0.5 0.4 0.214 0.5 0.367 0.5 0.5 0.367 0.3 0.3 0.1 0.1 0.1 0.9 0.5
0.58 0.233 0.1 0.1 0.1 0.5 0.5 0.9 0.1 0.1 0.1 0.1 0.1 0.5 0.6 0.443 0.5 0.9 0.5 0.5 0.367 0.3 0.3 0.26 0.1 0.1 0.9 0.5
0.42 0.5 0.367 0.5 0.633 0.5 0.5 0.367 0.5 0.26 0.1 0.3 0.1 0.3 0.1 0.1 0.1 0.1 0.1 0.1 0.1 0.1 0.1 0.1 0.1 0.1 0.1 0.1
0.58 0.233 0.1 0.1 0.1 0.5 0.5 0.9 0.1 0.1 0.1 0.1 0.1 0.7 0.6 0.557 0.5 0.633 0.1 0.5 0.1 0.3 0.3 0.1 0.1 0.1 0.9 0.5
0.26 0.1 0.1 0.1 0.1 0.1 0.1 0.1 0.1 0.1 0.1 0.1 0.1 0.5 0.4 0.1 0.5 0.367 0.5 0.5 0.367 0.3 0.3 0.1 0.1 0.1 0.9 0.5
0.58 0.233 0.1 0.1 0.1 0.5 0.5 0.9 0.1 0.1 0.1 0.1 0.1 0.5 0.7 0.557 0.9 0.9 0.5 0.5 0.367 0.3 0.3 0.1 0.1 0.1 0.9 0.5
0.26 0.1 0.1 0.1 0.1 0.1 0.1 0.1 0.1 0.1 0.1 0.1 0.1 0.5 0.4 0.443 0.1 0.633 0.5 0.5 0.367 0.1 0.3 0.1 0.1 0.1 0.9 0.5
0.58 0.233 0.1 0.1 0.1 0.5 0.5 0.9 0.1 0.1 0.1 0.1 0.1 0.5 0.6 0.9 0.1 0.633 0.5 0.5 0.367 0.1 0.3 0.1 0.1 0.1 0.9 0.5
0.26 0.1 0.1 0.1 0.1 0.1 0.1 0.1 0.1 0.1 0.1 0.1 0.1 0.3 0.5 0.557 0.1 0.1 0.1 0.5 0.1 0.1 0.3 0.1 0.1 0.1 0.9 0.5
0.74 0.367 0.1 0.1 0.1 0.1 0.9 0.633 0.9 0.1 0.1 0.1 0.1 0.1 0.1 0.1 0.1 0.1 0.1 0.1 0.1 0.1 0.1 0.1 0.1 0.1 0.1 0.1
0.26 0.1 0.1 0.1 0.1 0.1 0.1 0.1 0.1 0.1 0.1 0.1 0.1 0.5 0.8 0.214 0.5 0.633 0.5 0.5 0.367 0.9 0.3 0.1 0.1 0.1 0.9 0.5
0.26 0.1 0.1 0.1 0.1 0.1 0.1 0.1 0.1 0.1 0.1 0.1 0.1 0.5 0.3 0.1 0.5 0.367 0.9 0.5 0.367 0.5 0.3 0.1 0.1 0.1 0.9 0.5
0.58 0.233 0.1 0.1 0.1 0.5 0.5 0.9 0.1 0.1 0.1 0.1 0.1 0.5 0.5 0.329 0.1 0.633 0.9 0.5 0.367 0.5 0.3 0.1 0.1 0.1 0.9 0.5
0.26 0.633 0.633 0.1 0.1 0.1 0.5 0.1 0.1 0.26 0.1 0.9 0.633 0.3 0.1 0.1 0.1 0.1 0.1 0.1 0.1 0.1 0.1 0.1 0.1 0.1 0.1 0.1
0.42 0.5 0.633 0.1 0.633 0.5 0.5 0.367 0.1 0.26 0.1 0.5 0.9 0.3 0.1 0.1 0.1 0.1 0.1 0.1 0.1 0.1 0.1 0.1 0.1 0.1 0.1 0.1
0.42 0.5 0.633 0.1 0.633 0.5 0.5 0.367 0.1 0.26 0.1 0.9 0.633 0.7 0.2 0.1 0.1 0.1 0.5 0.5 0.9 0.1 0.1 0.1 0.1 0.1 0.1 0.1
0.26 0.1 0.1 0.1 0.1 0.1 0.1 0.1 0.1 0.1 0.1 0.1 0.1 0.5 0.8 0.214 0.5 0.633 0.5 0.5 0.367 0.9 0.3 0.1 0.1 0.1 0.9 0.5
0.58 0.233 0.1 0.1 0.1 0.5 0.5 0.9 0.1 0.1 0.1 0.1 0.1 0.5 0.3 0.329 0.1 0.367 0.1 0.5 0.1 0.1 0.3 0.1 0.1 0.1 0.3 0.1
0.26 0.633 0.633 0.1 0.1 0.1 0.5 0.1 0.1 0.26 0.1 0.9 0.633 0.7 0.2 0.1 0.1 0.1 0.5 0.5 0.9 0.1 0.1 0.1 0.1 0.1 0.1 0.1
0.26 0.1 0.1 0.1 0.1 0.1 0.1 0.1 0.1 0.26 0.1 0.3 0.1 0.3 0.1 0.1 0.1 0.1 0.1 0.1 0.1 0.1 0.1 0.1 0.1 0.1 0.1 0.1
0.26 0.1 0.1 0.1 0.1 0.1 0.1 0.1 0.1 0.1 0.1 0.1 0.1 0.5 0.5 0.443 0.5 0.367 0.5 0.5 0.367 0.3 0.9 0.42 0.5 0.633 0.3 0.1
0.42 0.633 0.233 0.9 0.633 0.5 0.5 0.367 0.5 0.58 0.9 0.3 0.1 0.3 0.1 0.1 0.1 0.1 0.1 0.1 0.1 0.1 0.1 0.1 0.1 0.1 0.1 0.1
0.58 0.233 0.1 0.1 0.1 0.5 0.5 0.9 0.1 0.1 0.1 0.1 0.1 0.5 0.5 0.443 0.5 0.367 0.5 0.5 0.367 0.3 0.3 0.1 0.1 0.1 0.9 0.5
0.58 0.233 0.1 0.1 0.1 0.5 0.5 0.9 0.1 0.1 0.1 0.1 0.1 0.5 0.4 0.329 0.5 0.633 0.5 0.5 0.367 0.3 0.3 0.1 0.1 0.1 0.9 0.5
0.58 0.233 0.1 0.1 0.1 0.5 0.5 0.9 0.1 0.1 0.1 0.1 0.1 0.5 0.3 0.329 0.1 0.367 0.1 0.5 0.1 0.1 0.9 0.42 0.5 0.633 0.7 0.3
0.58 0.233 0.1 0.1 0.1 0.5 0.5 0.9 0.1 0.1 0.1 0.1 0.1 0.5 0.6 0.671 0.5 0.367 0.5 0.5 0.367 0.3 0.3 0.1 0.1 0.1 0.9 0.5
0.26 0.1 0.1 0.1 0.1 0.1 0.1 0.1 0.1 0.1 0.1 0.1 0.1 0.3 0.5 0.557 0.1 0.1 0.1 0.5 0.1 0.1 0.3 0.1 0.1 0.1 0.3 0.1
0.58 0.233 0.1 0.1 0.1 0.5 0.5 0.9 0.1 0.1 0.1 0.1 0.1 0.5 0.6 0.214 0.1 0.633 0.5 0.1 0.367 0.5 0.1 0.1 0.1 0.1 0.1 0.1
0.26 0.633 0.633 0.1 0.1 0.1 0.5 0.1 0.1 0.26 0.1 0.5 0.9 0.3 0.1 0.1 0.1 0.1 0.1 0.1 0.1 0.1 0.1 0.1 0.1 0.1 0.1 0.1
0.58 0.233 0.1 0.1 0.1 0.5 0.5 0.9 0.1 0.1 0.1 0.1 0.1 0.1 0.1 0.1 0.1 0.1 0.1 0.1 0.1 0.1 0.1 0.1 0.1 0.1 0.1 0.1
0.58 0.233 0.1 0.1 0.1 0.5 0.5 0.9 0.1 0.1 0.1 0.1 0.1 0.7 0.2 0.1 0.1 0.1 0.5 0.5 0.9 0.1 0.1 0.1 0.1 0.1 0.1 0.1
0.26 0.1 0.1 0.1 0.1 0.1 0.1 0.1 0.1 0.1 0.1 0.1 0.1 0.3 0.5 0.786 0.1 0.1 0.1 0.5 0.1 0.1 0.3 0.1 0.1 0.1 0.9 0.5
0.42 0.633 0.233 0.9 0.633 0.5 0.5 0.367 0.5 0.9 0.9 0.3 0.1 0.3 0.1 0.1 0.1 0.1 0.1 0.1 0.1 0.1 0.1 0.1 0.1 0.1 0.1 0.1
0.58 0.233 0.1 0.1 0.1 0.5 0.5 0.9 0.1 0.1 0.1 0.1 0.1 0.5 0.3 0.329 0.1 0.367 0.1 0.5 0.1 0.1 0.3 0.1 0.1 0.1 0.9 0.9
0.58 0.233 0.1 0.1 0.1 0.5 0.5 0.9 0.1 0.1 0.1 0.1 0.1 0.3 0.5 0.557 0.1 0.1 0.1 0.5 0.1 0.1 0.9 0.42 0.5 0.633 0.3 0.1
0.58 0.233 0.1 0.1 0.1 0.5 0.5 0.9 0.1 0.1 0.1 0.1 0.1 0.5 0.5 0.786 0.1 0.9 0.5 0.5 0.367 0.1 0.3 0.1 0.1 0.1 0.9 0.5
0.26 0.633 0.367 0.1 0.367 0.1 0.5 0.1 0.9 0.1 0.1 0.1 0.1 0.1 0.1 0.1 0.1 0.1 0.1 0.1 0.1 0.1 0.1 0.1 0.1 0.1 0.1 0.1
0.58 0.233 0.1 0.1 0.1 0.5 0.5 0.9 0.1 0.1 0.1 0.1 0.1 0.3 0.5 0.557 0.1 0.1 0.1 0.5 0.1 0.1 0.3 0.1 0.1 0.1 0.3 0.1
0.26 0.367 0.367 0.1 0.1 0.1 0.5 0.1 0.1 0.26 0.1 0.9 0.633 0.7 0.2 0.1 0.1 0.1 0.5 0.5 0.9 0.1 0.1 0.1 0.1 0.1 0.1 0.1
0.26 0.1 0.1 0.1 0.1 0.1 0.1 0.1 0.1 0.1 0.1 0.1 0.1 0.5 0.6 0.443 0.1 0.367 0.1 0.5 0.1 0.5 0.3 0.1 0.1 0.1 0.3 0.1
0.42 0.633 0.233 0.1 0.633 0.5 0.1 0.367 0.5 0.1 0.1 0.1 0.1 0.1 0.1 0.1 0.1 0.1 0.1 0.1 0.1 0.1 0.1 0.1 0.1 0.1 0.1 0.1
0.26 0.233 0.1 0.1 0.1 0.1 0.5 0.1 0.1 0.26 0.1 0.3 0.1 0.3 0.1 0.1 0.1 0.1 0.1 0.1 0.1 0.1 0.1 0.1 0.1 0.1 0.1 0.1
0.58 0.233 0.1 0.1 0.1 0.5 0.5 0.9 0.1 0.1 0.1 0.1 0.1 0.5 0.3 0.329 0.1 0.367 0.1 0.5 0.1 0.1 0.7 0.9 0.5 0.1 0.3 0.1
0.58 0.233 0.1 0.1 0.1 0.5 0.5 0.9 0.1 0.1 0.1 0.1 0.1 0.5 0.5 0.329 0.5 0.633 0.5 0.5 0.367 0.5 0.3 0.1 0.1 0.1 0.9 0.5
0.26 0.1 0.1 0.1 0.1 0.1 0.1 0.1 0.1 0.1 0.1 0.1 0.1 0.5 0.4 0.329 0.5 0.633 0.5 0.5 0.367 0.3 0.3 0.1 0.1 0.1 0.3 0.1
0.26 0.1 0.1 0.1 0.1 0.1 0.1 0.1 0.1 0.1 0.1 0.1 0.1 0.9 0.5 0.329 0.1 0.367 0.1 0.9 0.633 0.5 0.3 0.1 0.1 0.1 0.9 0.5
0.58 0.233 0.1 0.1 0.1 0.5 0.5 0.9 0.1 0.1 0.1 0.1 0.1 0.5 0.6 0.557 0.5 0.633 0.5 0.5 0.367 0.3 0.3 0.1 0.1 0.1 0.9 0.5
0.1 0.1 0.1 0.1 0.1 0.1 0.1 0.1 0.1 0.1 0.1 0.1 0.1 0.5 0.3 0.214 0.1 0.367 0.1 0.5 0.1 0.1 0.1 0.1 0.1 0.1 0.1 0.1
0.26 0.633 0.633 0.1 0.1 0.1 0.5 0.1 0.1 0.58 0.9 0.9 0.633 0.3 0.1 0.1 0.1 0.1 0.1 0.1 0.1 0.1 0.1 0.1 0.1 0.1 0.1 0.1
0.58 0.367 0.233 0.5 0.367 0.1 0.5 0.1 0.5 0.58 0.1 0.3 0.1 0.3 0.1 0.1 0.1 0.1 0.1 0.1 0.1 0.1 0.1 0.1 0.1 0.1 0.1 0.1
0.26 0.1 0.1 0.1 0.1 0.1 0.1 0.1 0.1 0.1 0.1 0.1 0.1 0.5 0.7 0.214 0.5 0.367 0.5 0.5 0.367 0.9 0.3 0.1 0.1 0.1 0.9 0.5
0.26 0.1 0.1 0.1 0.1 0.1 0.1 0.1 0.1 0.1 0.1 0.1 0.1 0.5 0.5 0.557 0.1 0.367 0.5 0.5 0.367 0.1 0.3 0.1 0.1 0.1 0.3 0.1
0.58 0.233 0.1 0.1 0.1 0.5 0.5 0.9 0.1 0.1 0.1 0.1 0.1 0.3 0.3 0.329 0.1 0.1 0.1 0.5 0.1 0.1 0.7 0.26 0.1 0.9 0.9 0.5
0.42 0.767 0.5 0.5 0.633 0.1 0.5 0.1 0.9 0.1 0.1 0.1 0.1 0.1 0.1 0.1 0.1 0.1 0.1 0.1 0.1 0.1 0.1 0.1 0.1 0.1 0.1 0.1
0.42 0.767 0.233 0.5 0.9 0.1 0.5 0.1 0.9 0.1 0.1 0.1 0.1 0.1 0.1 0.1 0.1 0.1 0.1 0.1 0.1 0.1 0.1 0.1 0.1 0.1 0.1 0.1
0.26 0.1 0.1 0.1 0.1 0.1 0.1 0.1 0.1 0.1 0.1 0.1 0.1 0.5 0.5 0.214 0.9 0.633 0.5 0.5 0.367 0.3 0.3 0.1 0.1 0.1 0.9 0.5
0.26 0.1 0.1 0.1 0.1 0.1 0.1 0.1 0.1 0.1 0.1 0.1 0.1 0.5 0.4 0.1 0.5 0.367 0.5 0.5 0.367 0.3 0.9 0.42 0.5 0.633 0.3 0.1
0.26 0.1 0.1 0.1 0.1 0.1 0.1 0.1 0.1 0.1 0.1 0.1 0.1 0.5 0.4 0.329 0.5 0.367 0.5 0.5 0.367 0.3 0.3 0.1 0.1 0.1 0.9 0.5
0.26 0.1 0.1 0.1 0.1 0.1 0.1 0.1 0.1 0.1 0.1 0.1 0.1 0.5 0.4 0.329 0.5 0.633 0.5 0.5 0.367 0.3 0.9 0.42 0.5 0.633 0.3 0.1
0.42 0.5 0.233 0.5 0.367 0.5 0.5 0.367 0.5 0.26 0.1 0.9 0.633 0.3 0.1 0.1 0.1 0.1 0.1 0.1 0.1 0.1 0.1 0.1 0.1 0.1 0.1 0.1
0.58 0.233 0.1 0.1 0.1 0.5 0.5 0.9 0.1 0.1 0.1 0.1 0.1 0.5 0.7 0.329 0.1 0.367 0.5 0.5 0.367 0.3 0.3 0.1 0.1 0.1 0.9 0.5
0.42 0.5 0.5 0.1 0.633 0.5 0.5 0.367 0.1 0.26 0.1 0.9 0.633 0.7 0.2 0.1 0.1 0.1 0.5 0.5 0.9 0.1 0.1 0.1 0.1 0.1 0.1 0.1
0.42 0.5 0.233 0.5 0.367 0.5 0.5 0.367 0.5 0.1 0.1 0.1 0.1 0.3 0.5 0.557 0.1 0.367 0.1 0.5 0.1 0.1 0.3 0.1 0.1 0.1 0.3 0.1
0.26 0.1 0.1 0.1 0.1 0.1 0.1 0.1 0.1 0.1 0.1 0.1 0.1 0.5 0.7 0.214 0.5 0.367 0.5 0.5 0.367 0.9 0.3 0.1 0.1 0.1 0.9 0.5
0.26 0.1 0.1 0.1 0.1 0.1 0.1 0.1 0.1 0.1 0.1 0.1 0.1 0.5 0.5 0.329 0.1 0.367 0.9 0.5 0.367 0.5 0.3 0.1 0.1 0.1 0.3 0.1
0.42 0.5 0.5 0.1 0.633 0.5 0.5 0.367 0.1 0.26 0.1 0.5 0.9 0.3 0.1 0.1 0.1 0.1 0.1 0.1 0.1 0.1 0.1 0.1 0.1 0.1 0.1 0.1
0.26 0.633 0.633 0.1 0.1 0.1 0.5 0.1 0.1 0.42 0.367 0.3 0.1 0.3 0.1 0.1 0.1 0.1 0.1 0.1 0.1 0.1 0.1 0.1 0.1 0.1 0.1 0.1
0.26 0.1 0.1 0.1 0.1 0.1 0.1 0.1 0.1 0.1 0.1 0.1 0.1 0.5 0.4 0.329 0.5 0.367 0.5 0.5 0.367 0.3 0.9 0.42 0.5 0.633 0.3 0.1
0.26 0.1 0.1 0.1 0.1 0.1 0.1 0.1 0.1 0.1 0.1 0.1 0.1 0.5 0.4 0.214 0.1 0.367 0.9 0.5 0.367 0.5 0.3 0.1 0.1 0.1 0.3 0.1
0.26 0.1 0.1 0.1 0.1 0.1 0.1 0.1 0.1 0.1 0.1 0.1 0.1 0.5 0.3 0.1 0.5 0.367 0.9 0.5 0.367 0.5 0.9 0.42 0.5 0.633 0.3 0.1
0.42 0.5 0.5 0.1 0.633 0.5 0.5 0.367 0.1 0.42 0.367 0.3 0.1 0.3 0.1 0.1 0.1 0.1 0.1 0.1 0.1 0.1 0.1 0.1 0.1 0.1 0.1 0.1
0.26 0.1 0.1 0.1 0.1 0.1 0.1 0.1 0.1 0.1 0.1 0.1 0.1 0.5 0.4 0.329 0.5 0.367 0.5 0.5 0.367 0.3 0.3 0.26 0.1 0.1 0.9 0.5
0.1 0.1 0.1 0.1 0.1 0.1 0.1 0.1 0.1 0.1 0.1 0.1 0.1 0.5 0.6 0.329 0.1 0.9 0.5 0.1 0.367 0.5 0.1 0.1 0.1 0.1 0.1 0.1
0.42 0.633 0.233 0.9 0.633 0.5 0.5 0.367 0.5 0.26 0.1 0.3 0.1 0.3 0.1 0.1 0.1 0.1 0.1 0.1 0.1 0.1 0.1 0.1 0.1 0.1 0.1 0.1
0.26 0.5 0.5 0.1 0.367 0.1 0.5 0.1 0.5 0.1 0.1 0.1 0.1 0.1 0.1 0.1 0.1 0.1 0.1 0.1 0.1 0.1 0.1 0.1 0.1 0.1 0.1 0.1
0.26 0.1 0.1 0.1 0.1 0.1 0.1 0.1 0.1 0.1 0.1 0.1 0.1 0.5 0.9 0.214 0.5 0.367 0.5 0.5 0.367 0.7 0.3 0.1 0.1 0.1 0.9 0.5
0.26 0.1 0.1 0.1 0.1 0.1 0.1 0.1 0.1 0.1 0.1 0.1 0.1 0.5 0.7 0.214 0.5 0.367 0.5 0.5 0.367 0.9 0.3 0.1 0.1 0.1 0.9 0.5
0.58 0.233 0.1 0.1 0.1 0.5 0.9 0.633 0.1 0.1 0.1 0.1 0.1 0.5 0.4 0.329 0.5 0.633 0.5 0.5 0.367 0.3 0.3 0.1 0.1 0.1 0.9 0.5
0.1 0.1 0.1 0.1 0.1 0.1 0.1 0.1 0.1 0.1 0.1 0.1 0.1 0.9 0.2 0.1 0.1 0.367 0.1 0.9 0.1 0.1 0.1 0.1 0.1 0.1 0.1 0.1
0.58 0.233 0.1 0.1 0.1 0.5 0.5 0.9 0.1 0.1 0.1 0.1 0.1 0.5 0.4 0.443 0.1 0.633 0.5 0.5 0.367 0.1 0.3 0.1 0.1 0.1 0.9 0.5
0.26 0.1 0.1 0.1 0.1 0.1 0.1 0.1 0.1 0.1 0.1 0.1 0.1 0.5 0.4 0.329 0.5 0.367 0.5 0.5 0.367 0.3 0.3 0.26 0.1 0.1 0.9 0.5
0.26 0.1 0.1 0.1 0.1 0.1 0.1 0.1 0.1 0.1 0.1 0.1 0.1 0.5 0.5 0.214 0.9 0.633 0.5 0.5 0.367 0.3 0.9 0.42 0.5 0.633 0.3 0.1
0.42 0.5 0.5 0.1 0.633 0.5 0.5 0.367 0.1 0.26 0.1 0.9 0.633 0.3 0.1 0.1 0.1 0.1 0.1 0.1 0.1 0.1 0.1 0.1 0.1 0.1 0.1 0.1
0.58 0.233 0.1 0.1 0.1 0.5 0.5 0.9 0.1 0.1 0.1 0.1 0.1 0.5 0.4 0.329 0.5 0.367 0.5 0.5 0.367 0.3 0.3 0.1 0.1 0.1 0.9 0.5
0.42 0.9 0.233 0.1 0.633 0.5 0.1 0.367 0.5 0.1 0.1 0.1 0.1 0.1 0.1 0.1 0.1 0.1 0.1 0.1 0.1 0.1 0.1 0.1 0.1 0.1 0.1 0.1
0.26 0.1 0.1 0.1 0.1 0.1 0.1 0.1 0.1 0.1 0.1 0.1 0.1 0.5 0.5 0.329 0.5 0.367 0.5 0.5 0.367 0.5 0.3 0.1 0.1 0.1 0.9 0.5
0.42 0.633 0.633 0.1 0.367 0.5 0.5 0.367 0.1 0.26 0.1 0.3 0.1 0.3 0.1 0.1 0.1 0.1 0.1 0.1 0.1 0.1 0.1 0.1 0.1 0.1 0.1 0.1
0.26 0.767 0.767 0.1 0.367 0.1 0.5 0.1 0.5 0.1 0.1 0.1 0.1 0.1 0.1 0.1 0.1 0.1 0.1 0.1 0.1 0.1 0.1 0.1 0.1 0.1 0.1 0.1
0.58 0.233 0.1 0.1 0.1 0.5 0.5 0.9 0.1 0.1 0.1 0.1 0.1 0.5 0.5 0.671 0.1 0.633 0.5 0.5 0.367 0.1 0.3 0.1 0.1 0.1 0.9 0.5
0.58 0.233 0.1 0.1 0.1 0.5 0.5 0.9 0.1 0.1 0.1 0.1 0.1 0.5 0.4 0.557 0.1 0.633 0.5 0.5 0.367 0.1 0.3 0.1 0.1 0.1 0.9 0.5
0.26 0.1 0.1 0.1 0.1 0.1 0.1 0.1 0.1 0.1 0.1 0.1 0.1 0.5 0.4 0.329 0.5 0.633 0.5 0.5 0.367 0.3 0.3 0.1 0.1 0.1 0.9 0.5
0.26 0.633 0.633 0.1 0.1 0.1 0.5 0.1 0.1 0.74 0.633 0.3 0.1 0.3 0.1 0.1 0.1 0.1 0.1 0.1 0.1 0.1 0.1 0.1 0.1 0.1 0.1 0.1
0.58 0.233 0.1 0.1 0.1 0.5 0.5 0.9 0.1 0.1 0.1 0.1 0.1 0.5 0.5 0.329 0.1 0.633 0.9 0.5 0.367 0.5 0.3 0.1 0.1 0.1 0.3 0.1
0.58 0.233 0.1 0.1 0.1 0.5 0.5 0.9 0.1 0.1 0.1 0.1 0.1 0.5 0.3 0.329 0.1 0.367 0.1 0.5 0.1 0.1 0.7 0.74 0.5 0.1 0.3 0.1
0.42 0.5 0.633 0.1 0.633 0.5 0.5 0.367 0.1 0.42 0.367 0.3 0.1 0.3 0.1 0.1 0.1 0.1 0.1 0.1 0.1 0.1 0.1 0.1 0.1 0.1 0.1 0.1
0.58 0.233 0.1 0.1 0.1 0.5 0.5 0.9 0.1 0.1 0.1 0.1 0.1 0.5 0.3 0.329 0.1 0.367 0.1 0.5 0.1 0.1 0.9 0.42 0.5 0.633 0.3 0.1
0.42 0.5 0.633 0.1 0.633 0.5 0.5 0.367 0.1 0.26 0.1 0.9 0.633 0.3 0.1 0.1 0.1 0.1 0.1 0.1 0.1 0.1 0.1 0.1 0.1 0.1 0.1 0.1
0.9 0.367 0.1 0.1 0.1 0.1 0.1 0.9 0.5 0.1 0.1 0.1 0.1 0.1 0.1 0.1 0.1 0.1 0.1 0.1 0.1 0.1 0.1 0.1 0.1 0.1 0.1 0.1
0.42 0.633 0.767 0.1 0.633 0.5 0.5 0.367 0.1 0.26 0.1 0.9 0.633 0.7 0.2 0.1 0.1 0.1 0.5 0.5 0.9 0.1 0.1 0.1 0.1 0.1 0.1 0.1
0.58 0.233 0.1 0.1 0.1 0.5 0.5 0.9 0.1 0.1 0.1 0.1 0.1 0.3 0.3 0.329 0.1 0.1 0.1 0.5 0.1 0.1 0.9 0.42 0.5 0.633 0.7 0.3
0.58 0.233 0.1 0.1 0.1 0.5 0.5 0.9 0.1 0.1 0.1 0.1 0.1 0.5 0.6 0.786 0.1 0.633 0.5 0.5 0.367 0.1 0.3 0.1 0.1 0.1 0.9 0.5
0.26 0.1 0.1 0.1 0.1 0.1 0.1 0.1 0.1 0.1 0.1 0.1 0.1 0.3 0.1 0.1 0.1 0.1 0.1 0.1 0.1 0.1 0.3 0.1 0.1 0.1 0.3 0.1
0.42 0.233 0.1 0.1 0.367 0.5 0.9 0.367 0.1 0.26 0.1 0.5 0.9 0.3 0.1 0.1 0.1 0.1 0.1 0.1 0.1 0.1 0.1 0.1 0.1 0.1 0.1 0.1
0.26 0.367 0.367 0.1 0.1 0.1 0.5 0.1 0.1 0.26 0.1 0.3 0.1 0.3 0.1 0.1 0.1 0.1 0.1 0.1 0.1 0.1 0.1 0.1 0.1 0.1 0.1 0.1
0.58 0.233 0.1 0.1 0.1 0.5 0.5 0.9 0.1 0.1 0.1 0.1 0.1 0.3 0.5 0.557 0.1 0.1 0.1 0.5 0.1 0.1 0.9 0.42 0.5 0.633 0.7 0.3
0.26 0.1 0.1 0.1 0.1 0.1 0.1 0.1 0.1 0.1 0.1 0.1 0.1 0.5 0.4 0.329 0.5 0.367 0.5 0.5 0.367 0.3 0.9 0.42 0.5 0.633 0.5 0.5
0.42 0.767 0.367 0.1 0.9 0.5 0.1 0.367 0.9 0.1 0.1 0.1 0.1 0.1 0.1 0.1 0.1 0.1 0.1 0.1 0.1 0.1 0.1 0.1 0.1 0.1 0.1 0.1
0.26 0.633 0.633 0.1 0.1 0.1 0.5 0.1 0.1 0.26 0.1 0.3 0.1 0.3 0.1 0.1 0.1 0.1 0.1 0.1 0.1 0.1 0.1 0.1 0.1 0.1 0.1 0.1
0.58 0.233 0.1 0.1 0.1 0.5 0.5 0.9 0.1 0.1 0.1 0.1 0.1 0.5 0.6 0.329 0.1 0.633 0.5 0.1 0.367 0.5 0.1 0.1 0.1 0.1 0.1 0.1
0.58 0.233 0.1 0.1 0.1 0.5 0.5 0.9 0.1 0.1 0.1 0.1 0.1 0.5 0.5 0.214 0.9 0.633 0.5 0.5 0.367 0.3 0.3 0.26 0.1 0.1 0.9 0.5
0.26 0.367 0.367 0.1 0.1 0.1 0.5 0.1 0.1 0.26 0.1 0.9 0.633 0.3 0.1 0.1 0.1 0.1 0.1 0.1 0.1 0.1 0.1 0.1 0.1 0.1 0.1 0.1
0.58 0.233 0.1 0.1 0.1 0.5 0.5 0.9 0.1 0.1 0.1 0.1 0.1 0.5 0.3 0.329 0.1 0.367 0.1 0.5 0.1 0.1 0.7 0.26 0.1 0.9 0.9 0.5
0.42 0.633 0.233 0.9 0.633 0.5 0.5 0.367 0.5 0.42 0.367 0.3 0.1 0.3 0.1 0.1 0.1 0.1 0.1 0.1 0.1 0.1 0.1 0.1 0.1 0.1 0.1 0.1
0.1 0.1 0.1 0.1 0.1 0.1 0.1 0.1 0.1 0.1 0.1 0.1 0.1 0.3 0.6 0.329 0.1 0.367 0.1 0.5 0.1 0.5 0.1 0.1 0.1 0.1 0.1 0.1
0.58 0.233 0.1 0.1 0.1 0.5 0.5 0.9 0.1 0.1 0.1 0.1 0.1 0.5 0.3 0.329 0.1 0.367 0.1 0.5 0.1 0.1 0.7 0.74 0.5 0.1 0.3 0.1
0.58 0.233 0.1 0.1 0.1 0.5 0.5 0.9 0.1 0.1 0.1 0.1 0.1 0.5 0.7 0.671 0.9 0.9 0.5 0.5 0.367 0.3 0.9 0.42 0.5 0.633 0.3 0.1
0.26 0.1 0.1 0.1 0.1 0.1 0.1 0.1 0.1 0.1 0.1 0.1 0.1 0.3 0.2 0.1 0.1 0.1 0.1 0.5 0.1 0.1 0.3 0.1 0.1 0.1 0.3 0.1
0.1 0.1 0.1 0.1 0.1 0.1 0.1 0.1 0.1 0.1 0.1 0.1 0.1 0.1 0.1 0.1 0.1 0.1 0.1 0.1 0.1 0.1 0.1 0.1 0.1 0.1 0.1 0.1
0.42 0.633 0.233 0.9 0.633 0.5 0.5 0.367 0.5 0.74 0.633 0.3 0.1 0.3 0.1 0.1 0.1 0.1 0.1 0.1 0.1 0.1 0.1 0.1 0.1 0.1 0.1 0.1
0.42 0.367 0.1 0.1 0.367 0.5 0.5 0.367 0.1 0.1 0.1 0.1 0.1 0.1 0.1 0.1 0.1 0.1 0.1 0.1 0.1 0.1 0.1 0.1 0.1 0.1 0.1 0.1
0.26 0.1 0.1 0.1 0.1 0.1 0.1 0.1 0.1 0.1 0.1 0.1 0.1 0.5 0.4 0.329 0.5 0.367 0.5 0.5 0.367 0.3 0.5 0.42 0.1 0.367 0.9 0.5
0.26 0.1 0.1 0.1 0.1 0.1 0.1 0.1 0.1 0.1 0.1 0.1 0.1 0.5 0.5 0.557 0.1 0.367 0.5 0.5 0.367 0.1 0.3 0.1 0.1 0.1 0.9 0.5
0.26 0.1 0.1 0.1 0.1 0.1 0.1 0.1 0.1 0.1 0.1 0.1 0.1 0.9 0.5 0.329 0.1 0.367 0.1 0.9 0.633 0.5 0.9 0.42 0.5 0.633 0.3 0.1
0.26 0.1 0.1 0.1 0.1 0.1 0.1 0.1 0.1 0.1 0.1 0.1 0.1 0.5 0.7 0.329 0.5 0.367 0.5 0.5 0.367 0.7 0.3 0.1 0.1 0.1 0.9 0.5
0.26 0.1 0.1 0.1 0.1 0.1 0.1 0.1 0.1 0.1 0.1 0.1 0.1 0.5 0.4 0.214 0.5 0.367 0.5 0.5 0.367 0.3 0.9 0.42 0.5 0.633 0.3 0.1
0.42 0.767 0.367 0.1 0.367 0.1 0.5 0.1 0.9 0.26 0.1 0.3 0.1 0.3 0.1 0.1 0.1 0.1 0.1 0.1 0.1 0.1 0.1 0.1 0.1 0.1 0.1 0.1
0.1 0.1 0.1 0.1 0.1 0.1 0.1 0.1 0.1 0.1 0.1 0.1 0.1 0.7 0.3 0.214 0.1 0.367 0.1 0.5 0.1 0.3 0.1 0.1 0.1 0.1 0.1 0.1
0.26 0.1 0.1 0.1 0.1 0.1 0.1 0.1 0.1 0.1 0.1 0.1 0.1 0.5 0.7 0.557 0.1 0.367 0.1 0.5 0.1 0.5 0.3 0.1 0.1 0.1 0.3 0.1
0.42 0.5 0.367 0.5 0.367 0.5 0.5 0.367 0.5 0.26 0.1 0.9 0.633 0.3 0.1 0.1 0.1 0.1 0.1 0.1 0.1 0.1 0.1 0.1 0.1 0.1 0.1 0.1
0.1 0.1 0.1 0.1 0.1 0.1 0.1 0.1 0.1 0.1 0.1 0.1 0.1 0.5 0.6 0.443 0.1 0.367 0.1 0.5 0.1 0.5 0.1 0.1 0.1 0.1 0.1 0.1
0.1 0.1 0.1 0.1 0.1 0.1 0.1 0.1 0.1 0.1 0.1 0.1 0.1 0.5 0.6 0.214 0.1 0.633 0.5 0.1 0.367 0.5 0.1 0.1 0.1 0.1 0.1 0.1
0.58 0.233 0.1 0.1 0.1 0.5 0.5 0.9 0.1 0.1 0.1 0.1 0.1 0.5 0.7 0.557 0.9 0.9 0.5 0.5 0.367 0.3 0.9 0.42 0.5 0.633 0.3 0.3
0.26 0.1 0.1 0.1 0.1 0.1 0.1 0.1 0.1 0.1 0.1 0.1 0.1 0.5 0.5 0.443 0.5 0.367 0.5 0.5 0.367 0.3 0.3 0.1 0.1 0.1 0.9 0.5
0.42 0.633 0.767 0.1 0.633 0.5 0.5 0.367 0.1 0.26 0.1 0.9 0.633 0.3 0.1 0.1 0.1 0.1 0.1 0.1 0.1 0.1 0.1 0.1 0.1 0.1 0.1 0.1
0.26 0.1 0.1 0.1 0.1 0.1 0.1 0.1 0.1 0.1 0.1 0.1 0.1 0.3 0.7 0.786 0.1 0.367 0.1 0.5 0.1 0.1 0.3 0.1 0.1 0.1 0.3 0.1
0.58 0.233 0.1 0.1 0.1 0.5 0.5 0.9 0.1 0.1 0.1 0.1 0.1 0.5 0.5 0.214 0.9 0.633 0.5 0.5 0.367 0.3 0.3 0.1 0.1 0.1 0.9 0.5
0.58 0.233 0.1 0.1 0.1 0.5 0.5 0.9 0.1 0.1 0.1 0.1 0.1 0.5 0.6 0.214 0.1 0.633 0.5 0.1 0.367 0.5 0.1 0.1 0.1 0.1 0.1 0.1
