6989
16515
18399
22018
7299
6189
7775
8449
7788
17950
7995
8499
7295
6575
14399
16558
20970
17669
9538
18150
35056
15985
7738
11248
6649
10198
12945
22470
7129
9988
19699
13200
6295
6229
7609
31600
17450
7603
11245
9298
8495
18420
7999
6669
13499
7895
32250
18620
8949
19045
10245
8845
6938
23875
9639
6338
7799
7609
8249
8921
28248
9960
9233
8948
9279
7499
9258
7099
15040
15998
16430
5195
25552
10295
10595
12170
13950
7198
6855
6849
9549
6918
18280
17199
6692
8358
5151
8238
8845
9980
7126
5389
21485
10898
18150
7898
7295
8189
13415
7395
7349
7957
7975
15690
21105
8058
6377
11199
22625
6529
7898
16845
15510
16925
11850
11549
6488
11900
6692
9279
6695
5118
18950
28176
9995
5348
6795
7463
9095
6095
11694
10345
9959
6229
13499
12964
10698
11259
5499
17710
9989
8778
8921
7775
12940
9495
5399
8013
7689
7957
8495
16630
15580
8195
7053
6479
16900
5572
5572
