-0.7582236
0.8624353
1.182960
1.798661
-0.7054833
-0.8943277
-0.6245014
-0.5098338
-0.6222897
1.106572
-0.5870728
-0.5013273
-0.7061638
-0.8286575
0.5024401
0.8697509
1.620365
1.058765
-0.3245621
1.140598
4.016817
0.7722663
-0.6307962
-0.03363974
-0.8160679
-0.2122763
0.2550710
1.875560
-0.7344054
-0.2480036
1.404129
0.2984541
-0.8762939
-0.8875225
-0.652743
3.428847
1.021507
-0.6537638
-0.03415013
-0.3653933
-0.5020078
1.186533
-0.5863923
-0.8126653
0.349323
-0.6040858
3.539432
1.220559
-0.4247687
1.292864
-0.2042802
-0.4424623
-0.7669003
2.114592
-0.307379
-0.8689783
-0.6204183
-0.652743
-0.5438598
-0.4295324
2.858571
-0.2527673
-0.3764518
-0.4249389
-0.3686258
-0.6714573
-0.3721986
-0.7395093
0.6114934
0.774478
0.8479742
-1.063437
2.399901
-0.1957737
-0.1447347
0.1232202
0.4260517
-0.7226665
-0.781021
-0.7820419
-0.3226907
-0.7703029
1.162715
0.9788042
-0.8087523
-0.5253156
-1.070923
-0.5457312
-0.4424623
-0.2493647
-0.7349158
-1.030432
1.707982
-0.09318526
1.140598
-0.6035754
-0.7061638
-0.5540676
0.3350321
-0.6891508
-0.6969768
-0.5935378
-0.5904754
0.722078
1.643332
-0.5763546
-0.8623432
-0.04197611
1.90193
-0.8364835
-0.6035754
0.9185782
0.6914546
0.9321886
0.06877855
0.01756941
-0.8434588
0.07728506
-0.8087523
-0.3686258
-0.8082419
-1.076537
1.276702
2.846322
-0.2468127
-1.037407
-0.7912289
-0.677582
-0.3999298
-0.91032
0.04223826
-0.1872672
-0.2529374
-0.8875225
0.349323
0.2583034
-0.1272113
-0.03176831
-1.011717
1.065741
-0.2478335
-0.453861
-0.4295324
-0.6245014
0.2542203
-0.3318777
-1.028730
-0.5840105
-0.6391326
-0.5935378
-0.5020078
0.8820002
0.7033637
-0.5530468
-0.7473353
-0.84499
0.9279353
-0.999298
-0.999298
