45
56
39
51
34
32
31
45
29
52
32
20
46
52
32
36
20
42
29
48
40
37
39
47
40
33
42
40
51
29
42
25
32
36
35
44
43
38
51
38
30
45
35
23
53
48
33
31
45
33
31
46
34
31
46
46
32
29
31
39
31
36
24
36
30
23
35
59
36
29
30
56
44
41
28
25
31
26
22
36
27
34
41
27
30
30
41
25
26
46
33
43
43
35
28
26
28
24
42
38
24
40
32
59
53
41
44
25
31
34
22
26
26
46
36
28
46
27
41
35
41
45
40
32
30
31
41
49
43
25
49
32
33
26
45
27
39
45
48
32
39
33
28
30
25
37
38
47
29
34
26
31
39
48
34
33
39
28
37
53
48
43
44
49
33
33
39
51
30
49
49
43
46
45
32
54
45
38
28
38
38
33
38
36
59
27
29
27
37
58
39
25
30
30
35
45
17
33
46
53
25
41
39
38
39
32
27
44
45
23
36
42
28
47
24
47
29
51
40
40
42
47
55
41
33
30
40
24
22
30
32
38
35
49
47
39
43
31
42
29
51
35
31
32
26
38
22
31
27
26
41
38
29
30
37
27
33
53
56
42
40
20
45
40
35
46
33
41
38
37
43
24
39
40
26
28
48
33
26
40
27
29
54
31
27
39
37
27
42
24
38
51
40
29
39
50
29
39
51
29
43
46
31
50
38
26
34
37
26
51
41
35
43
39
27
43
52
34
33
29
36
35
29
33
47
56
38
54
37
35
36
29
51
18
38
31
42
33
29
39
27
40
22
33
34
40
44
38
42
40
40
50
36
53
39
37
32
36
27
22
39
38
26
29
28
24
37
28
25
30
26
28
25
39
25
50
37
40
48
26
35
47
27
26
36
26
53
44
50
43
25
33
35
32
31
31
54
28
27
42
45
33
23
25
37
35
39
27
40
27
32
32
41
31
30
44
34
23
38
50
24
49
38
32
42
42
41
26
37
32
56
41
27
25
36
43
24
17
23
35
22
40
37
40
36
28
37
31
45
59
41
43
44
32
39
30
38
35
47
39
39
26
54
56
48
51
38
25
28
54
26
29
59
33
34
29
32
26
34
39
39
40
35
39
21
30
59
27
28
44
47
45
27
35
55
59
48
30
35
30
29
34
37
38
32
33
39
18
28
37
47
45
42
42
25
49
52
36
43
31
47
42
33
37
45
29
27
36
33
57
51
34
44
37
36
41
32
32
42
45
26
54
51
21
33
39
43
39
36
26
29
40
42
36
36
28
47
32
27
34
38
39
50
29
39
46
42
45
35
34
32
30
31
36
20
35
28
28
36
42
29
23
52
44
33
31
31
30
46
40
19
36
35
37
49
39
41
32
29
46
55
42
37
49
32
30
44
32
38
32
41
29
44
51
44
26
22
30
34
22
25
32
46
41
30
45
30
40
58
40
29
37
39
21
43
30
44
37
43
25
26
27
35
36
44
54
43
55
33
39
40
50
36
33
30
34
39
31
37
28
26
27
39
36
39
44
45
39
43
38
47
38
27
42
45
46
50
24
34
40
44
34
37
35
43
31
38
42
33
37
44
27
23
32
40
48
35
41
27
42
46
33
49
45
28
34
41
44
43
28
54
40
39
30
38
31
39
36
51
28
51
38
46
34
42
20
41
42
26
35
42
36
35
24
32
35
37
35
26
35
42
43
51
30
38
58
42
33
32
33
58
24
36
42
49
33
38
46
46
37
36
37
28
29
30
39
27
41
28
40
31
24
27
24
43
43
52
38
34
35
51
46
35
48
27
27
43
39
38
41
29
40
29
36
38
25
33
49
30
44
49
39
32
34
34
28
30
59
34
32
26
48
38
33
38
35
25
39
34
48
29
37
22
33
52
32
42
29
34
39
53
51
58
27
24
35
36
34
51
46
39
58
25
43
34
36
41
35
33
48
46
43
45
25
29
43
34
30
50
57
33
39
46
50
31
50
31
35
26
27
39
34
38
34
48
37
33
37
51
44
37
37
28
40
37
53
31
48
38
50
39
36
45
37
26
24
29
25
53
27
30
27
38
37
40
41
39
31
36
47
47
46
57
31
30
38
25
27
27
32
26
42
27
56
29
33
47
57
28
21
45
44
38
38
40
28
45
41
52
33
31
41
38
25
43
22
40
38
33
34
20
26
27
24
23
40
38
29
36
43
28
35
32
29
26
47
48
36
45
23
29
33
31
59
33
43
28
51
46
31
57
30
39
37
32
29
43
30
38
45
33
39
33
26
58
40
41
52
43
37
25
36
37
43
57
52
51
32
34
32
32
43
51
35
37
57
44
43
36
54
41
37
30
44
28
33
26
39
32
27
51
45
37
46
32
33
36
31
40
38
36
33
25
44
42
27
31
31
36
55
27
27
55
25
43
52
47
45
40
51
48
39
34
33
46
52
43
45
56
26
48
58
29
27
42
29
42
37
23
53
35
32
42
30
30
27
39
38
38
39
37
38
34
38
57
38
43
30
19
51
37
34
36
47
25
39
43
37
44
32
37
41
36
50
46
46
26
31
59
39
25
20
32
45
51
23
37
46
32
39
40
52
31
33
42
43
33
52
30
37
41
30
49
52
39
37
45
29
36
34
40
33
29
29
38
30
51
43
44
35
30
52
37
30
37
38
53
27
36
31
39
42
49
41
41
54
49
19
27
41
26
42
43
38
59
26
25
49
48
52
32
39
28
35
40
26
29
47
28
42
49
46
24
35
37
34
33
52
45
35
38
47
57
22
47
38
54
28
39
47
40
30
47
27
41
47
27
34
40
58
26
32
30
27
40
27
29
36
31
30
35
55
27
45
27
56
37
38
36
42
29
23
37
32
27
52
42
36
36
33
33
39
46
41
31
49
28
26
46
38
37
22
47
30
43
56
20
34
57
34
53
26
44
43
28
27
52
32
35
37
30
42
45
45
23
40
28
28
26
58
41
31
50
28
42
44
47
46
26
38
51
38
46
32
38
45
43
24
20
38
37
34
30
40
24
42
32
31
41
31
43
43
23
26
42
38
36
52
44
42
52
45
31
31
36
26
42
40
36
27
35
29
31
43
49
54
47
30
26
31
39
37
32
44
35
24
33
28
39
30
28
28
49
25
30
34
25
34
33
47
49
28
54
52
38
53
43
31
42
32
33
27
28
35
40
38
26
28
32
45
